"","GEOID","NAME","B16004_001E","B16004_001M","B16004_007E","B16004_007M","B16004_008E","B16004_008M","B16004_012E","B16004_012M","B16004_013E","B16004_013M","B16004_017E","B16004_017M","B16004_018E","B16004_018M","B16004_022E","B16004_022M","B16004_023E","B16004_023M","B16004_029E","B16004_029M","B16004_030E","B16004_030M","B16004_034E","B16004_034M","B16004_035E","B16004_035M","B16004_039E","B16004_039M","B16004_040E","B16004_040M","B16004_044E","B16004_044M","B16004_045E","B16004_045M","B16004_051E","B16004_051M","B16004_052E","B16004_052M","B16004_056E","B16004_056M","B16004_057E","B16004_057M","B16004_061E","B16004_061M","B16004_062E","B16004_062M","B16004_066E","B16004_066M","B16004_067E","B16004_067M","B17021_001E","B17021_001M","B17021_002E","B17021_002M","B27010_001E","B27010_001M","B27010_017E","B27010_017M","B27010_033E","B27010_033M","B27010_050E","B27010_050M","B27010_066E","B27010_066M","B03002_001E","B03002_001M","B03002_006E","B03002_006M","B03002_007E","B03002_007M","B03002_004E","B03002_004M","B03002_003E","B03002_003M","B03002_012E","B03002_012M","B03002_005E","B03002_005M"
"1","060375433224","Block Group 4, Census Tract 5433.22, Los Angeles County, California",396,247,0,12,0,12,0,12,0,12,0,12,0,12,0,12,0,12,0,12,0,12,0,12,0,12,24,37,0,12,0,12,0,12,0,12,0,12,0,12,0,12,0,12,0,12,0,12,0,12,414,253,79,122,414,253,0,12,0,12,0,12,0,12,414,253,79,122,0,12,314,221,0,12,21,33,0,12
"2","060375435031","Block Group 1, Census Tract 5435.03, Los Angeles County, California",2182,377,0,12,0,12,0,12,0,12,0,12,0,12,0,12,0,12,27,38,6,12,0,12,0,12,7,10,0,12,0,12,0,12,10,17,0,12,4,10,0,12,13,21,18,25,0,12,1,4,1984,334,194,163,1996,337,0,12,48,41,32,31,0,12,2242,386,832,261,5,11,249,127,513,184,612,193,0,12
"3","060372430002","Block Group 2, Census Tract 2430, Los Angeles County, California",1540,554,25,41,9,14,0,12,0,12,0,12,0,12,0,12,0,12,239,156,143,109,0,12,0,12,0,12,0,12,0,12,0,12,0,12,0,12,0,12,0,12,0,12,0,12,0,12,0,12,1847,698,560,499,1847,698,19,29,184,194,136,104,0,12,1847,698,0,12,0,12,130,114,2,6,1435,647,280,409
"4","060372621001","Block Group 1, Census Tract 2621, Los Angeles County, California",693,205,0,12,0,12,0,12,0,12,10,15,0,12,0,12,0,12,0,12,0,12,0,12,0,12,18,28,0,12,0,12,0,12,0,12,0,12,0,12,0,12,0,12,0,12,13,19,0,12,727,212,0,12,736,217,0,12,19,29,0,12,0,12,736,217,113,121,0,12,0,12,586,184,15,25,0,12
"5","060374609005","Block Group 5, Census Tract 4609, Los Angeles County, California",882,338,0,12,0,12,0,12,0,12,0,12,0,12,0,12,0,12,41,52,0,12,0,12,0,12,0,12,0,12,0,12,0,12,0,12,0,12,0,12,0,12,0,12,0,12,0,12,0,12,1050,460,8,12,1050,460,0,12,0,12,7,11,0,12,1050,460,191,130,0,12,31,36,97,71,682,459,0,12
"6","060374609004","Block Group 4, Census Tract 4609, Los Angeles County, California",833,228,0,12,0,12,0,12,0,12,0,12,0,12,0,12,0,12,2,15,0,12,0,12,0,12,0,12,0,12,0,12,0,12,0,12,0,12,0,12,0,12,0,12,0,12,0,12,0,12,880,244,65,78,880,244,0,12,18,33,15,23,0,12,880,244,60,41,0,12,237,140,397,186,178,142,0,12
"7","060374609003","Block Group 3, Census Tract 4609, Los Angeles County, California",1243,479,27,44,0,12,0,12,0,12,0,12,0,12,0,12,0,12,80,72,19,31,0,12,0,12,0,12,0,12,0,12,0,12,0,12,0,12,0,12,0,12,0,12,0,12,0,12,0,12,1385,580,95,89,1423,590,0,12,118,120,25,39,0,12,1423,590,35,33,0,12,135,114,73,54,1108,573,0,12
"8","060374611001","Block Group 1, Census Tract 4611, Los Angeles County, California",942,230,0,12,0,12,0,12,0,12,0,12,0,12,0,12,0,12,10,14,0,12,0,12,0,12,0,12,0,12,0,12,0,12,0,12,0,12,0,12,0,12,0,12,0,12,0,12,0,12,969,239,67,49,969,239,0,12,12,19,52,57,0,12,969,239,37,38,0,12,197,101,463,130,219,126,0,12
"9","060374611002","Block Group 2, Census Tract 4611, Los Angeles County, California",1820,359,0,12,0,12,0,12,0,12,0,12,0,12,0,12,0,12,78,67,0,12,0,12,0,12,0,12,0,12,0,12,0,12,0,12,0,12,0,12,0,12,0,12,35,53,0,12,0,12,2035,397,225,229,2035,397,0,12,37,42,89,64,0,12,2035,397,84,99,0,12,463,218,734,283,692,310,0,12
"10","060374611004","Block Group 4, Census Tract 4611, Los Angeles County, California",1412,499,50,80,0,12,0,12,0,12,0,12,0,12,0,12,0,12,183,140,56,91,0,12,0,12,0,12,0,12,0,12,0,12,9,14,6,14,0,12,0,12,0,12,0,12,0,12,0,12,1514,538,172,186,1514,538,50,80,92,93,104,118,0,12,1514,538,22,35,0,12,104,75,96,82,1268,537,0,12
"11","060375323024","Block Group 4, Census Tract 5323.02, Los Angeles County, California",1028,285,0,12,0,12,0,12,0,12,0,12,0,12,0,12,0,12,124,76,31,31,0,12,0,12,0,12,0,12,0,12,0,12,18,20,17,27,0,12,0,12,0,12,0,12,0,12,0,12,1120,302,91,94,1120,302,0,12,24,36,103,70,0,12,1120,302,7,12,0,12,0,12,11,17,1102,303,0,12
"12","060375323021","Block Group 1, Census Tract 5323.02, Los Angeles County, California",1485,371,37,44,0,12,0,12,0,12,0,12,0,12,0,12,0,12,187,168,116,103,0,12,0,12,0,12,0,12,0,12,0,12,29,21,45,54,0,12,0,12,0,12,0,12,0,12,0,12,1478,405,147,136,1515,414,32,34,85,49,128,140,12,17,1605,411,0,12,0,12,35,28,12,21,1549,415,0,12
"13","060375326032","Block Group 2, Census Tract 5326.03, Los Angeles County, California",965,225,0,12,0,12,0,12,0,12,0,12,0,12,0,12,0,12,197,71,64,52,0,12,0,12,0,12,0,12,0,12,0,12,22,23,24,35,0,12,0,12,0,12,0,12,0,12,0,12,1061,253,208,145,1078,255,46,69,8,15,89,57,12,18,1078,255,0,12,0,12,0,12,25,35,1053,260,0,12
"14","060375326031","Block Group 1, Census Tract 5326.03, Los Angeles County, California",1046,204,6,12,0,12,0,12,0,12,0,12,0,12,0,12,0,12,217,86,34,26,0,12,0,12,0,12,0,12,0,12,0,12,5,8,7,13,0,12,0,12,0,12,0,12,0,12,0,12,1124,227,241,161,1124,227,25,39,113,67,145,65,0,12,1124,227,0,12,0,12,26,37,5,8,1093,227,0,12
"15","060375331041","Block Group 1, Census Tract 5331.04, Los Angeles County, California",1657,354,0,12,0,12,0,12,0,12,0,12,0,12,0,12,0,12,323,129,176,115,0,12,0,12,0,12,0,12,0,12,0,12,14,20,52,47,0,12,0,12,0,12,0,12,0,12,0,12,1835,386,306,221,1835,386,14,23,62,54,274,150,0,12,1835,386,0,12,0,12,53,58,18,27,1764,392,0,12
"16","060375331042","Block Group 2, Census Tract 5331.04, Los Angeles County, California",2352,389,0,12,0,12,0,12,0,12,0,12,0,12,0,12,0,12,278,110,111,112,0,12,0,12,0,12,0,12,0,12,0,12,105,62,168,76,0,12,0,12,0,12,0,12,0,12,0,12,2580,427,948,417,2580,427,30,37,184,77,230,100,31,50,2580,427,3,5,0,12,0,12,56,36,2515,434,1,5
"17","060375332012","Block Group 2, Census Tract 5332.01, Los Angeles County, California",1652,241,7,10,0,12,0,12,0,12,0,12,0,12,0,12,0,12,383,95,109,53,0,12,0,12,0,12,0,12,0,12,0,12,44,37,57,39,0,12,0,12,0,12,0,12,0,12,0,12,1794,273,429,213,1794,273,0,12,100,60,116,58,0,12,1794,273,0,12,0,12,0,12,55,86,1739,266,0,12
"18","060375332011","Block Group 1, Census Tract 5332.01, Los Angeles County, California",935,180,11,17,0,12,0,12,0,12,0,12,0,12,0,12,0,12,102,55,112,61,0,12,0,12,0,12,0,12,0,12,0,12,38,31,47,38,0,12,0,12,0,12,0,12,0,12,0,12,994,198,224,169,994,198,0,12,30,26,85,54,0,12,994,198,0,12,0,12,0,12,0,12,994,198,0,12
"19","060375333001","Block Group 1, Census Tract 5333, Los Angeles County, California",914,192,25,27,0,12,0,12,0,12,0,12,0,12,0,12,0,12,203,70,51,37,0,12,0,12,0,12,0,12,0,12,0,12,24,24,26,28,0,12,0,12,0,12,0,12,0,12,0,12,1110,253,304,169,1110,253,6,8,77,54,60,40,0,12,1110,253,0,12,0,12,12,18,0,12,1090,255,0,12
"20","060375333002","Block Group 2, Census Tract 5333, Los Angeles County, California",2061,273,0,12,0,12,0,12,0,12,0,12,0,12,0,12,0,12,256,75,142,60,0,12,0,12,0,12,0,12,0,12,0,12,21,18,25,24,0,12,0,12,0,12,0,12,0,12,0,12,2236,278,473,188,2236,278,26,41,118,66,86,38,0,12,2236,278,0,12,0,12,0,12,42,24,2189,278,0,12
"21","060375337022","Block Group 2, Census Tract 5337.02, Los Angeles County, California",798,216,28,30,18,28,0,12,0,12,0,12,0,12,0,12,0,12,142,62,135,60,0,12,0,12,0,12,0,12,0,12,0,12,14,12,0,12,0,12,0,12,0,12,0,12,0,12,0,12,844,230,202,125,844,230,0,12,81,54,135,57,0,12,844,230,0,12,0,12,0,12,0,12,844,230,0,12
"22","060375337021","Block Group 1, Census Tract 5337.02, Los Angeles County, California",2498,285,47,36,5,7,0,12,0,12,0,12,0,12,0,12,0,12,469,110,282,108,0,12,0,12,0,12,0,12,0,12,0,12,138,58,45,31,0,12,0,12,0,12,0,12,0,12,0,12,2699,321,767,202,2699,321,23,22,264,90,267,81,13,20,2699,321,17,27,0,12,0,12,7,11,2675,320,0,12
"23","060372414002","Block Group 2, Census Tract 2414, Los Angeles County, California",2060,391,0,12,0,12,0,12,0,12,0,12,0,12,0,12,0,12,226,88,151,88,0,12,0,12,5,7,0,12,0,12,0,12,0,12,43,38,0,12,0,12,6,9,0,12,0,12,0,12,2198,419,487,266,2198,419,6,9,159,83,196,94,0,12,2198,419,33,37,0,12,326,153,52,62,1715,434,15,20
"24","060372414001","Block Group 1, Census Tract 2414, Los Angeles County, California",1366,287,1,5,0,12,0,12,0,12,0,12,0,12,0,12,0,12,216,105,35,38,0,12,0,12,3,6,0,12,0,12,0,12,16,23,0,12,0,12,0,12,0,12,0,12,0,12,0,12,1574,312,610,237,1587,316,47,40,101,63,195,102,0,12,1587,316,24,35,0,12,356,168,0,12,1150,298,0,12
"25","060372422001","Block Group 1, Census Tract 2422, Los Angeles County, California",1601,554,29,33,0,12,0,12,0,12,0,12,0,12,0,12,0,12,129,85,183,139,0,12,0,12,0,12,0,12,0,12,0,12,43,56,61,56,0,12,0,12,0,12,0,12,0,12,0,12,1752,665,417,363,1790,669,24,39,215,114,120,78,0,12,1790,669,0,12,0,12,69,57,0,12,1721,676,0,12
"26","060372422002","Block Group 2, Census Tract 2422, Los Angeles County, California",473,217,0,12,0,12,0,12,0,12,0,12,0,12,0,12,0,12,25,27,49,62,0,12,0,12,0,12,0,12,0,12,0,12,0,12,9,14,0,12,0,12,0,12,0,12,0,12,0,12,512,221,219,211,577,271,0,12,18,21,38,45,0,12,577,271,0,12,0,12,170,154,0,12,407,249,0,12
"27","060372693001","Block Group 1, Census Tract 2693, Los Angeles County, California",602,122,0,12,0,12,0,12,0,12,0,12,0,12,0,12,0,12,0,12,0,12,0,12,0,12,0,12,0,12,0,12,0,12,0,12,0,12,0,12,0,12,0,12,0,12,0,12,0,12,625,133,10,16,625,133,0,12,0,12,0,12,0,12,625,133,61,45,0,12,0,12,426,132,19,19,0,12
"28","060372693003","Block Group 3, Census Tract 2693, Los Angeles County, California",897,164,0,12,0,12,0,12,0,12,0,12,0,12,0,12,0,12,0,12,0,12,0,12,0,12,12,19,0,12,0,12,0,12,0,12,0,12,0,12,0,12,0,12,0,12,0,12,0,12,926,165,38,29,926,165,0,12,0,12,8,13,0,12,926,165,154,88,0,12,0,12,704,138,10,15,0,12
"29","060372695004","Block Group 4, Census Tract 2695, Los Angeles County, California",919,210,0,12,0,12,0,12,0,12,0,12,0,12,0,12,0,12,0,12,0,12,0,12,0,12,0,12,0,12,0,12,0,12,0,12,0,12,0,12,0,12,0,12,0,12,0,12,0,12,1078,268,0,12,1078,268,22,40,0,12,0,12,0,12,1078,268,18,20,0,12,0,12,1023,265,37,36,0,12
"30","060372695002","Block Group 2, Census Tract 2695, Los Angeles County, California",714,232,0,12,0,12,0,12,0,12,0,12,0,12,0,12,0,12,0,12,0,12,0,12,0,12,12,20,0,12,0,12,0,12,0,12,0,12,0,12,0,12,0,12,0,12,0,12,0,12,714,232,27,44,714,232,0,12,0,12,0,12,0,12,714,232,149,102,0,12,0,12,544,220,0,12,0,12
"31","060372698001","Block Group 1, Census Tract 2698, Los Angeles County, California",1092,208,0,12,0,12,0,12,0,12,0,12,0,12,0,12,0,12,0,12,1,4,8,13,0,12,8,12,0,12,0,12,0,12,0,12,0,12,0,12,0,12,0,12,0,12,0,12,0,12,1132,214,97,76,1132,214,0,12,41,42,9,18,0,12,1132,214,308,171,0,12,75,62,619,163,100,66,0,12
"32","060372718022","Block Group 2, Census Tract 2718.02, Los Angeles County, California",2954,529,0,12,0,12,0,12,0,12,0,12,0,12,0,12,0,12,87,120,0,12,0,12,0,12,16,25,0,12,0,12,0,12,7,14,0,12,0,12,0,12,12,20,0,12,0,12,0,12,3077,540,185,104,3077,540,0,12,189,87,192,141,0,12,3077,540,677,346,0,12,198,125,1041,256,1014,432,0,12
"33","060372718023","Block Group 3, Census Tract 2718.02, Los Angeles County, California",1259,392,0,12,0,12,0,12,0,12,0,12,0,12,0,12,0,12,11,20,0,12,0,12,0,12,44,47,0,12,0,12,0,12,69,80,0,12,0,12,0,12,0,12,0,12,0,12,0,12,1369,477,40,39,1369,477,0,12,70,89,80,78,0,12,1369,477,406,324,0,12,13,20,575,161,375,312,0,12
"34","060372732004","Block Group 4, Census Tract 2732, Los Angeles County, California",945,240,0,12,0,12,0,12,0,12,0,12,0,12,0,12,0,12,44,43,0,12,0,12,0,12,0,12,0,12,0,12,0,12,8,13,0,12,0,12,0,12,0,12,0,12,0,12,0,12,1008,253,111,70,1008,253,0,12,112,101,71,66,0,12,1008,253,43,58,0,12,84,52,533,125,348,240,0,12
"35","060372732002","Block Group 2, Census Tract 2732, Los Angeles County, California",923,256,0,12,0,12,0,12,0,12,0,12,0,12,0,12,0,12,33,36,26,35,0,12,0,12,0,12,0,12,0,12,0,12,26,44,0,12,0,12,0,12,0,12,0,12,0,12,0,12,946,258,305,204,956,262,0,12,40,49,81,86,0,12,956,262,0,12,0,12,76,88,383,142,497,254,0,12
"36","060372752002","Block Group 2, Census Tract 2752, Los Angeles County, California",1570,392,0,12,0,12,0,12,0,12,0,12,0,12,0,12,0,12,86,105,36,56,0,12,0,12,0,12,0,12,0,12,0,12,18,21,30,45,0,12,0,12,0,12,0,12,0,12,0,12,1667,389,421,282,1667,389,32,49,36,55,86,105,0,12,1667,389,158,85,0,12,26,28,569,161,801,360,0,12
"37","060372752001","Block Group 1, Census Tract 2752, Los Angeles County, California",1053,278,0,12,0,12,0,12,0,12,0,12,0,12,0,12,0,12,37,61,0,12,11,20,0,12,19,20,0,12,0,12,0,12,0,12,0,12,18,28,0,12,0,12,0,12,0,12,0,12,1098,300,82,75,1098,300,24,27,20,22,49,53,0,12,1098,300,147,79,0,12,190,256,416,152,297,147,21,31
"38","060372183005","Block Group 5, Census Tract 2183, Los Angeles County, California",979,342,0,12,0,12,0,12,0,12,0,12,0,12,0,12,0,12,14,23,0,12,0,12,0,12,0,12,0,12,0,12,0,12,0,12,0,12,0,12,0,12,0,12,0,12,0,12,0,12,988,346,99,90,997,347,0,12,0,12,36,40,0,12,997,347,27,33,0,12,215,150,114,106,641,341,0,12
"39","060372183002","Block Group 2, Census Tract 2183, Los Angeles County, California",679,370,0,12,0,12,0,12,0,12,0,12,0,12,0,12,0,12,0,12,0,12,0,12,0,12,0,12,0,12,0,12,0,12,0,12,44,74,0,12,0,12,0,12,0,12,0,12,0,12,679,370,96,93,679,370,0,12,20,33,0,12,0,12,679,370,0,12,0,12,343,224,50,75,286,323,0,12
"40","060372184003","Block Group 3, Census Tract 2184, Los Angeles County, California",815,338,0,12,0,12,0,12,0,12,0,12,0,12,0,12,0,12,22,32,0,12,0,12,0,12,7,11,0,12,0,12,0,12,6,11,0,12,0,12,0,12,0,12,0,12,0,12,0,12,844,337,109,125,844,337,7,11,63,56,65,72,0,12,844,337,38,49,0,12,265,188,45,50,473,319,0,12
"41","060372184004","Block Group 4, Census Tract 2184, Los Angeles County, California",743,260,23,39,0,12,0,12,0,12,0,12,0,12,0,12,0,12,101,73,22,34,0,12,0,12,0,12,0,12,0,12,0,12,23,26,0,12,0,12,0,12,0,12,0,12,0,12,0,12,860,304,67,82,860,304,0,12,112,92,130,87,0,12,860,304,21,23,0,12,91,89,133,202,606,322,0,12
"42","060374056002","Block Group 2, Census Tract 4056, Los Angeles County, California",1177,347,0,12,0,12,0,12,0,12,0,12,0,12,0,12,0,12,15,24,0,12,0,12,0,12,40,54,17,21,0,12,0,12,0,12,0,12,0,12,0,12,0,12,10,16,0,12,0,12,1234,344,27,37,1234,344,0,12,72,68,0,12,0,12,1234,344,137,104,0,12,0,12,198,112,899,331,0,12
"43","060374056004","Block Group 4, Census Tract 4056, Los Angeles County, California",855,230,0,12,0,12,0,12,0,12,0,12,0,12,0,12,0,12,30,36,0,12,0,12,0,12,0,12,0,12,0,12,0,12,10,18,13,21,0,12,0,12,0,12,0,12,0,12,0,12,942,291,26,41,942,291,8,13,0,12,0,12,0,12,942,291,63,75,0,12,5,8,117,86,752,288,0,12
"44","060374059001","Block Group 1, Census Tract 4059, Los Angeles County, California",2021,327,8,14,0,12,0,12,0,12,0,12,0,12,0,12,0,12,59,45,0,12,0,12,0,12,10,15,15,20,0,12,0,12,14,23,122,136,11,17,0,12,13,19,13,20,0,12,0,12,2147,361,284,165,2164,358,0,12,80,80,118,82,56,67,2170,356,203,94,0,12,89,74,402,123,1401,350,21,34
"45","060374059002","Block Group 2, Census Tract 4059, Los Angeles County, California",1665,317,0,12,0,12,0,12,0,12,7,11,0,12,0,12,0,12,61,58,0,12,0,12,0,12,23,27,21,23,0,12,0,12,9,14,58,74,0,12,0,12,17,19,0,12,0,12,0,12,1781,356,168,173,1781,356,27,31,76,69,33,38,18,28,1781,356,252,118,0,12,9,12,344,114,1161,312,5,8
"46","060374060003","Block Group 3, Census Tract 4060, Los Angeles County, California",653,214,0,12,0,12,0,12,0,12,0,12,0,12,0,12,0,12,6,11,0,12,0,12,0,12,58,45,0,12,0,12,0,12,0,12,0,12,0,12,0,12,0,12,0,12,0,12,0,12,667,213,29,36,667,213,0,12,0,12,16,19,0,12,672,213,127,85,0,12,12,15,298,162,235,134,0,12
"47","060374060004","Block Group 4, Census Tract 4060, Los Angeles County, California",1192,308,0,12,0,12,0,12,0,12,0,12,0,12,0,12,0,12,0,12,0,12,0,12,0,12,0,12,0,12,0,12,0,12,65,67,34,31,0,12,0,12,0,12,0,12,0,12,0,12,1165,306,69,71,1165,306,0,12,0,12,6,10,0,12,1219,307,28,29,0,12,35,44,336,117,806,292,0,12
"48","060374064111","Block Group 1, Census Tract 4064.11, Los Angeles County, California",874,172,0,12,0,12,0,12,0,12,0,12,0,12,0,12,0,12,0,12,40,63,0,12,0,12,18,30,0,12,0,12,0,12,7,12,0,12,0,12,0,12,0,12,0,12,0,12,0,12,930,214,53,48,930,214,6,9,44,36,42,29,0,12,930,214,143,75,0,12,27,42,288,103,456,211,0,12
"49","060374064122","Block Group 2, Census Tract 4064.12, Los Angeles County, California",1221,206,0,12,0,12,0,12,0,12,0,12,0,12,0,12,0,12,10,14,0,12,0,12,0,12,48,30,4,8,0,12,0,12,0,12,16,28,0,12,0,12,7,12,0,12,0,12,0,12,1262,230,95,84,1262,230,0,12,38,39,47,37,0,12,1262,230,298,69,0,12,22,33,283,83,649,219,0,12
"50","060372427001","Block Group 1, Census Tract 2427, Los Angeles County, California",1325,412,0,12,0,12,0,12,0,12,0,12,0,12,0,12,0,12,187,124,136,135,0,12,0,12,0,12,0,12,0,12,0,12,0,12,31,46,0,12,0,12,0,12,0,12,0,12,0,12,1489,479,350,229,1489,479,0,12,35,34,140,85,0,12,1489,479,9,16,0,12,304,244,0,12,1165,493,0,12
"51","060372427004","Block Group 4, Census Tract 2427, Los Angeles County, California",1858,428,11,18,0,12,0,12,0,12,0,12,0,12,0,12,0,12,199,106,195,120,0,12,0,12,0,12,0,12,0,12,0,12,21,31,43,48,0,12,0,12,0,12,0,12,0,12,0,12,2057,514,822,364,2081,511,28,46,13,19,216,131,0,12,2081,511,2,4,0,12,473,283,4,8,1600,500,2,5
"52","060372427003","Block Group 3, Census Tract 2427, Los Angeles County, California",550,294,0,12,0,12,0,12,0,12,0,12,0,12,0,12,0,12,98,70,38,38,0,12,0,12,0,12,0,12,0,12,0,12,2,13,2,13,0,12,0,12,0,12,0,12,0,12,0,12,571,314,156,197,571,314,34,55,85,66,111,75,0,12,571,314,0,12,0,12,116,79,0,12,455,303,0,12
"53","060372672003","Block Group 3, Census Tract 2672, Los Angeles County, California",1013,305,0,12,0,12,0,12,0,12,0,12,0,12,0,12,0,12,0,12,0,12,14,23,0,12,0,12,0,12,0,12,0,12,0,12,0,12,0,12,0,12,0,12,0,12,0,12,0,12,1059,331,17,28,1059,331,0,12,0,12,0,12,0,12,1059,331,97,141,0,12,214,212,648,267,100,148,0,12
"54","060372672001","Block Group 1, Census Tract 2672, Los Angeles County, California",3665,702,0,12,0,12,0,12,0,12,0,12,18,28,0,12,0,12,22,37,0,12,99,143,0,12,58,73,46,55,0,12,0,12,0,12,0,12,118,139,0,12,0,12,0,12,0,12,0,12,3847,732,495,212,3847,732,0,12,65,79,57,56,0,12,3847,732,967,465,0,12,46,73,2461,615,174,129,0,12
"55","060372676003","Block Group 3, Census Tract 2676, Los Angeles County, California",1010,328,0,12,0,12,0,12,0,12,0,12,0,12,0,12,0,12,17,29,0,12,0,12,0,12,22,33,0,12,0,12,0,12,0,12,0,12,0,12,0,12,9,19,0,12,0,12,0,12,1010,328,162,127,1010,328,19,30,13,21,32,41,0,12,1010,328,383,252,0,12,59,93,307,150,235,148,0,12
"56","060372676001","Block Group 1, Census Tract 2676, Los Angeles County, California",1092,249,0,12,0,12,0,12,0,12,0,12,0,12,0,12,0,12,53,83,0,12,0,12,0,12,0,12,0,12,0,12,0,12,0,12,0,12,0,12,0,12,0,12,0,12,0,12,0,12,1213,269,121,112,1213,269,0,12,0,12,0,12,0,12,1213,269,356,121,0,12,103,151,557,199,119,114,0,12
"57","060376500015","Block Group 5, Census Tract 6500.01, Los Angeles County, California",758,184,0,12,0,12,0,12,0,12,0,12,0,12,0,12,0,12,12,20,0,12,0,12,0,12,6,16,0,12,0,12,0,12,0,12,0,12,0,12,0,12,0,12,26,43,0,12,0,12,816,192,37,61,816,192,0,12,67,70,122,128,13,21,816,192,321,204,0,12,46,74,185,142,264,151,0,12
"58","060371347202","Block Group 2, Census Tract 1347.20, Los Angeles County, California",2019,494,0,12,0,12,0,12,0,12,0,12,0,12,0,12,0,12,54,54,0,12,29,32,0,12,46,73,0,12,0,12,0,12,0,12,0,12,0,12,0,12,7,13,0,12,0,12,0,12,2144,515,379,176,2144,515,24,37,150,107,63,66,0,12,2144,515,396,306,0,12,143,112,438,141,958,336,0,12
"59","060371347203","Block Group 3, Census Tract 1347.20, Los Angeles County, California",1355,317,0,12,0,12,0,12,0,12,0,12,0,12,0,12,0,12,88,83,42,48,0,12,0,12,0,12,0,12,0,12,0,12,0,12,0,12,23,36,0,12,0,12,15,22,0,12,0,12,1382,315,451,301,1382,315,51,81,129,120,73,64,0,12,1382,315,261,169,0,12,85,65,283,125,635,288,0,12
"60","060371347201","Block Group 1, Census Tract 1347.20, Los Angeles County, California",1450,331,9,16,0,12,0,12,0,12,0,12,0,12,0,12,0,12,71,53,17,30,0,12,0,12,160,129,0,12,0,12,0,12,30,39,22,29,0,12,0,12,11,20,0,12,0,12,0,12,1548,334,120,76,1548,334,0,12,50,59,42,50,0,12,1548,334,433,212,0,12,51,68,246,97,770,272,0,12
"61","060371372011","Block Group 1, Census Tract 1372.01, Los Angeles County, California",3022,632,0,12,0,12,0,12,0,12,0,12,0,12,0,12,0,12,74,118,0,12,0,12,0,12,54,61,0,12,0,12,0,12,0,12,0,12,33,40,45,64,0,12,0,12,0,12,0,12,3254,730,332,300,3254,730,30,47,0,12,21,34,0,12,3254,730,472,326,0,12,63,58,2092,591,540,460,0,12
"62","060371372013","Block Group 3, Census Tract 1372.01, Los Angeles County, California",1666,492,0,12,0,12,0,12,0,12,0,12,0,12,0,12,0,12,0,12,0,12,26,40,0,12,0,12,0,12,0,12,0,12,0,12,0,12,28,45,0,12,0,12,0,12,0,12,0,12,1659,491,156,100,1659,491,0,12,0,12,0,12,0,12,1666,492,204,183,0,12,43,50,888,293,345,304,0,12
"63","060375435032","Block Group 2, Census Tract 5435.03, Los Angeles County, California",3206,502,0,12,0,12,0,12,0,12,0,12,0,12,0,12,0,12,27,39,15,18,8,13,0,12,51,49,38,67,0,12,0,12,110,82,9,14,4,9,0,12,31,31,0,12,5,10,0,12,3241,552,528,361,3241,552,0,12,31,31,90,98,0,12,3454,563,1439,363,4,10,232,138,380,148,1272,481,0,12
"64","060375504001","Block Group 1, Census Tract 5504, Los Angeles County, California",1183,154,6,13,0,12,0,12,0,12,0,12,0,12,0,12,0,12,72,40,5,8,0,12,0,12,5,9,0,12,0,12,0,12,4,8,40,38,0,12,0,12,6,9,7,9,0,12,0,12,1226,168,107,71,1226,168,26,25,4,7,38,26,0,12,1226,168,89,42,7,10,1,2,142,54,985,147,2,4
"65","060375541012","Block Group 2, Census Tract 5541.01, Los Angeles County, California",2172,421,0,12,0,12,0,12,0,12,0,12,0,12,0,12,0,12,297,148,50,44,0,12,0,12,0,12,0,12,0,12,0,12,80,97,0,12,0,12,0,12,0,12,0,12,0,12,0,12,2381,451,780,347,2381,451,61,54,135,69,317,145,0,12,2381,451,69,71,0,12,171,136,146,102,1965,507,0,12
"66","060375541011","Block Group 1, Census Tract 5541.01, Los Angeles County, California",1095,364,0,12,0,12,0,12,0,12,0,12,0,12,0,12,0,12,88,94,2,10,0,12,0,12,22,30,11,20,0,12,0,12,0,12,10,16,11,18,0,12,0,12,0,12,0,12,0,12,1167,400,25,21,1167,400,0,12,51,37,50,45,0,12,1167,400,91,78,0,12,61,85,147,84,841,398,0,12
"67","060375545121","Block Group 1, Census Tract 5545.12, Los Angeles County, California",3613,440,0,12,0,12,0,12,0,12,18,20,0,12,0,12,0,12,0,12,0,12,0,12,0,12,95,75,12,19,0,12,0,12,0,12,0,12,19,30,0,12,49,43,0,12,15,22,15,22,3821,461,200,226,3821,461,28,45,89,90,77,126,0,12,3821,461,2781,439,0,12,283,98,379,127,287,133,0,12
"68","060375545122","Block Group 2, Census Tract 5545.12, Los Angeles County, California",2521,389,0,12,0,12,0,12,0,12,0,12,0,12,0,12,0,12,0,12,0,12,7,11,0,12,55,48,0,12,0,12,0,12,0,12,0,12,56,63,0,12,61,55,35,40,0,12,0,12,2600,411,162,117,2634,432,34,53,64,63,46,38,0,12,2634,432,1838,377,0,12,125,159,362,121,241,94,12,19
"69","060375545131","Block Group 1, Census Tract 5545.13, Los Angeles County, California",2589,160,0,12,0,12,0,12,0,12,7,11,0,12,0,12,0,12,0,12,0,12,20,30,0,12,133,59,5,7,0,12,0,12,0,12,0,12,4,8,0,12,138,44,47,29,0,12,0,12,2758,168,154,95,2758,168,26,27,76,60,118,64,14,15,2758,168,1756,169,124,167,155,93,270,84,287,123,0,12
"70","060375548012","Block Group 2, Census Tract 5548.01, Los Angeles County, California",747,204,0,12,0,12,0,12,0,12,0,12,0,12,0,12,0,12,16,25,0,12,0,12,0,12,19,24,0,12,0,12,0,12,7,11,0,12,5,9,0,12,7,11,6,11,6,13,0,12,778,210,45,44,727,231,0,12,0,12,66,62,0,12,778,210,232,119,0,12,55,86,154,87,325,160,0,12
"71","060375548022","Block Group 2, Census Tract 5548.02, Los Angeles County, California",1995,337,0,12,0,12,0,12,0,12,0,12,0,12,0,12,0,12,7,15,0,12,41,53,0,12,19,22,0,12,0,12,0,12,7,14,0,12,8,12,0,12,26,34,6,13,0,12,0,12,1793,354,272,216,1793,354,0,12,50,45,7,11,0,12,2102,360,1118,319,0,12,97,69,397,146,341,181,0,12
"72","060375548023","Block Group 3, Census Tract 5548.02, Los Angeles County, California",1307,356,0,12,0,12,0,12,0,12,0,12,0,12,0,12,0,12,75,91,0,12,11,16,0,12,10,16,22,37,0,12,0,12,8,14,0,12,37,29,0,12,31,17,0,12,0,12,0,12,1345,368,135,95,1372,383,52,72,21,30,125,98,0,12,1372,383,641,295,32,49,0,12,226,111,435,287,0,12
"73","060375552021","Block Group 1, Census Tract 5552.02, Los Angeles County, California",1446,297,0,12,0,12,0,12,0,12,0,12,0,12,0,12,0,12,0,12,0,12,0,12,0,12,0,12,0,12,0,12,0,12,0,12,0,12,0,12,0,12,8,13,0,12,0,12,0,12,1498,311,109,76,1498,311,43,59,21,30,22,31,0,12,1498,311,177,112,0,12,90,121,867,265,249,155,0,12
"74","060372691003","Block Group 3, Census Tract 2691, Los Angeles County, California",754,162,0,12,0,12,0,12,0,12,0,12,0,12,0,12,0,12,0,12,0,12,0,12,0,12,0,12,0,12,0,12,0,12,0,12,0,12,0,12,0,12,0,12,0,12,0,12,0,12,904,201,46,47,904,201,0,12,0,12,11,18,0,12,904,201,34,38,0,12,0,12,797,187,34,30,0,12
"75","060372697003","Block Group 3, Census Tract 2697, Los Angeles County, California",493,145,0,12,0,12,0,12,0,12,0,12,0,12,0,12,0,12,2,11,0,12,0,12,0,12,0,12,0,12,0,12,0,12,0,12,0,12,0,12,0,12,0,12,0,12,0,12,0,12,527,164,15,18,527,164,0,12,0,12,0,12,0,12,527,164,74,75,0,12,15,30,327,137,89,65,0,12
"76","060372697002","Block Group 2, Census Tract 2697, Los Angeles County, California",903,268,0,12,0,12,0,12,0,12,0,12,0,12,0,12,0,12,8,12,0,12,0,12,0,12,0,12,0,12,0,12,0,12,0,12,0,12,0,12,0,12,0,12,0,12,0,12,0,12,945,288,100,133,945,288,9,17,9,15,42,49,0,12,945,288,174,120,0,12,115,79,328,168,292,201,0,12
"77","060372703003","Block Group 3, Census Tract 2703, Los Angeles County, California",1215,181,0,12,0,12,0,12,0,12,0,12,0,12,0,12,0,12,21,32,16,23,0,12,0,12,13,16,0,12,0,12,0,12,3,7,0,12,0,12,0,12,15,22,0,12,0,12,0,12,1359,195,126,90,1359,195,15,21,137,74,70,59,0,12,1359,195,82,57,0,12,555,176,224,87,453,139,0,12
"78","060372703001","Block Group 1, Census Tract 2703, Los Angeles County, California",356,126,0,12,0,12,0,12,0,12,0,12,0,12,0,12,0,12,36,36,0,12,15,24,0,12,0,12,0,12,0,12,0,12,0,12,0,12,0,12,0,12,0,12,0,12,0,12,0,12,343,125,26,31,356,126,17,27,55,35,26,23,0,12,356,126,65,54,0,12,73,45,39,29,170,128,2,4
"79","060375309011","Block Group 1, Census Tract 5309.01, Los Angeles County, California",1169,320,11,12,0,12,0,12,0,12,0,12,0,12,0,12,0,12,171,88,91,51,0,12,0,12,0,12,0,12,0,12,0,12,35,38,0,12,0,12,0,12,0,12,0,12,0,12,0,12,1249,360,248,146,1249,360,6,10,146,86,96,69,0,12,1249,360,4,6,0,12,0,12,0,12,1245,359,0,12
"80","060375309012","Block Group 2, Census Tract 5309.01, Los Angeles County, California",1145,287,0,12,0,12,0,12,0,12,0,12,0,12,0,12,0,12,100,66,131,94,0,12,0,12,0,12,0,12,0,12,0,12,59,42,31,32,0,12,0,12,0,12,0,12,0,12,0,12,1244,310,179,143,1244,310,0,12,31,29,106,65,5,9,1244,310,0,12,0,12,13,21,8,12,1223,308,0,12
"81","060375530004","Block Group 4, Census Tract 5530, Los Angeles County, California",1120,308,0,12,0,12,0,12,0,12,0,12,0,12,0,12,0,12,64,59,0,12,0,12,0,12,0,12,0,12,0,12,0,12,53,74,0,12,10,17,0,12,0,12,0,12,0,12,0,12,1293,348,22,29,1277,343,0,12,70,100,13,20,0,12,1293,348,91,89,0,12,35,39,182,103,950,322,0,12
"82","060375534001","Block Group 1, Census Tract 5534, Los Angeles County, California",1051,234,0,12,0,12,0,12,0,12,0,12,0,12,0,12,0,12,56,49,18,22,0,12,0,12,21,25,0,12,7,10,0,12,15,16,33,30,0,12,0,12,5,8,0,12,0,12,0,12,1131,264,109,51,1136,264,5,8,25,24,60,45,0,12,1136,264,129,87,7,10,120,73,132,64,748,232,0,12
"83","060375534003","Block Group 3, Census Tract 5534, Los Angeles County, California",809,225,0,12,0,12,0,12,0,12,0,12,0,12,0,12,0,12,34,25,30,28,0,12,0,12,0,12,0,12,0,12,0,12,25,25,0,12,0,12,0,12,0,12,0,12,0,12,0,12,856,241,98,129,856,241,30,40,12,13,54,31,6,8,856,241,67,103,24,44,0,12,76,48,689,229,0,12
"84","060375538011","Block Group 1, Census Tract 5538.01, Los Angeles County, California",1057,296,0,12,0,12,0,12,0,12,0,12,0,12,0,12,0,12,142,87,37,31,0,12,0,12,0,12,0,12,0,12,0,12,0,12,0,12,0,12,0,12,0,12,0,12,0,12,0,12,1202,370,284,329,1202,370,41,63,87,92,35,55,0,12,1202,370,0,12,0,12,16,23,0,12,1186,372,0,12
"85","060375538013","Block Group 3, Census Tract 5538.01, Los Angeles County, California",2576,374,60,78,0,12,0,12,0,12,0,12,0,12,0,12,0,12,264,116,91,66,0,12,0,12,0,12,0,12,0,12,0,12,28,36,10,22,0,12,0,12,19,31,20,30,0,12,0,12,2707,417,785,351,2707,417,19,30,111,85,284,152,0,12,2806,417,39,31,138,130,114,94,49,36,2435,425,0,12
"86","060375545111","Block Group 1, Census Tract 5545.11, Los Angeles County, California",2754,287,0,12,0,12,0,12,0,12,0,12,0,12,0,12,0,12,0,12,0,12,0,12,0,12,62,43,12,17,0,12,0,12,0,12,15,21,0,12,10,17,74,68,0,12,0,12,0,12,2847,296,101,79,2829,286,0,12,0,12,51,43,0,12,2847,296,1839,261,73,110,60,60,367,123,364,139,0,12
"87","060375545112","Block Group 2, Census Tract 5545.11, Los Angeles County, California",1257,225,0,12,0,12,0,12,0,12,0,12,0,12,0,12,0,12,0,12,0,12,0,12,0,12,51,61,0,12,0,12,0,12,0,12,0,12,9,14,0,12,61,47,10,15,0,12,0,12,1293,238,0,12,1293,238,0,12,49,43,13,21,0,12,1293,238,785,186,0,12,154,184,170,92,160,113,0,12
"88","060375545152","Block Group 2, Census Tract 5545.15, Los Angeles County, California",2200,406,0,12,0,12,0,12,0,12,7,11,0,12,0,12,0,12,0,12,0,12,0,12,0,12,43,35,0,12,0,12,0,12,0,12,0,12,0,12,0,12,10,15,0,12,0,12,0,12,2309,422,106,119,2325,418,0,12,41,51,96,78,0,12,2325,418,1067,258,16,61,432,303,404,200,126,124,0,12
"89","060375545171","Block Group 1, Census Tract 5545.17, Los Angeles County, California",2828,398,0,12,0,12,0,12,0,12,13,20,0,12,0,12,0,12,0,12,0,12,0,12,0,12,148,66,0,12,0,12,0,12,0,12,0,12,0,12,0,12,80,62,9,15,0,12,0,12,2852,404,139,88,2828,404,0,12,55,57,0,12,39,60,2852,404,1954,404,0,12,44,41,429,174,345,165,0,12
"90","060375545191","Block Group 1, Census Tract 5545.19, Los Angeles County, California",1145,258,0,12,0,12,0,12,0,12,0,12,0,12,0,12,0,12,0,12,0,12,0,12,0,12,10,16,0,12,0,12,0,12,0,12,0,12,0,12,0,12,12,18,33,36,0,12,0,12,1183,279,32,38,1183,279,0,12,0,12,9,13,0,12,1183,279,739,217,7,12,35,39,290,100,93,132,0,12
"91","060375545192","Block Group 2, Census Tract 5545.19, Los Angeles County, California",2284,280,0,12,0,12,0,12,0,12,0,12,0,12,0,12,0,12,0,12,0,12,13,20,0,12,67,65,0,12,0,12,0,12,0,12,0,12,0,12,0,12,101,60,132,116,0,12,0,12,2315,293,196,201,2315,293,13,19,0,12,24,36,0,12,2315,293,1537,257,0,12,62,67,267,132,262,153,93,122
"92","060372089042","Block Group 2, Census Tract 2089.04, Los Angeles County, California",1799,477,24,34,0,12,0,12,0,12,0,12,0,12,0,12,0,12,406,162,490,261,0,12,0,12,0,12,0,12,0,12,0,12,35,37,73,68,0,12,0,12,0,12,0,12,0,12,0,12,1848,502,829,343,1848,502,19,32,365,204,437,171,0,12,1901,503,18,28,0,12,15,23,56,36,1812,510,0,12
"93","060372110004","Block Group 4, Census Tract 2110, Los Angeles County, California",542,308,0,12,0,12,0,12,0,12,0,12,0,12,0,12,0,12,15,25,0,12,0,12,0,12,15,23,0,12,0,12,0,12,16,25,0,12,0,12,0,12,0,12,0,12,0,12,0,12,578,343,53,54,583,343,0,12,2,4,17,24,0,12,583,343,33,47,0,12,0,12,402,281,102,104,2,4
"94","060372110006","Block Group 6, Census Tract 2110, Los Angeles County, California",1502,390,0,12,0,12,0,12,0,12,29,43,13,21,0,12,0,12,0,12,0,12,0,12,0,12,68,79,0,12,0,12,0,12,0,12,0,12,0,12,0,12,15,24,0,12,0,12,0,12,1578,418,259,140,1578,418,13,21,64,61,42,67,0,12,1578,418,506,328,0,12,98,110,752,288,193,131,0,12
"95","060372110005","Block Group 5, Census Tract 2110, Los Angeles County, California",892,216,0,12,0,12,0,12,0,12,0,12,0,12,0,12,0,12,0,12,0,12,0,12,0,12,47,74,0,12,0,12,0,12,0,12,0,12,0,12,0,12,61,75,0,12,0,12,0,12,969,243,60,65,969,243,0,12,0,12,68,74,0,12,969,243,417,199,0,12,13,21,448,175,56,63,0,12
"96","060372110002","Block Group 2, Census Tract 2110, Los Angeles County, California",529,182,0,12,0,12,0,12,0,12,0,12,0,12,0,12,0,12,0,12,0,12,0,12,0,12,60,49,0,12,0,12,0,12,0,12,0,12,0,12,0,12,40,41,13,19,0,12,0,12,587,209,40,48,587,209,0,12,0,12,29,44,0,12,587,209,339,153,0,12,12,19,236,142,0,12,0,12
"97","060379105021","Block Group 1, Census Tract 9105.02, Los Angeles County, California",2292,460,28,43,0,12,0,12,0,12,0,12,0,12,0,12,0,12,270,109,125,72,0,12,0,12,60,70,0,12,0,12,0,12,8,12,0,12,0,12,0,12,0,12,0,12,0,12,0,12,2403,498,759,467,2511,513,0,12,72,68,42,40,0,12,2511,513,127,141,0,12,604,311,122,62,1629,372,0,12
"98","060379105022","Block Group 2, Census Tract 9105.02, Los Angeles County, California",1844,457,0,12,0,12,0,12,0,12,0,12,0,12,0,12,0,12,117,70,79,85,0,12,0,12,0,12,0,12,0,12,0,12,56,52,40,39,0,12,0,12,0,12,0,12,0,12,0,12,2026,497,603,327,2026,497,0,12,63,57,159,93,19,31,2026,497,47,83,0,12,42,53,165,108,1732,505,0,12
"99","060375768021","Block Group 1, Census Tract 5768.02, Los Angeles County, California",2378,290,0,12,0,12,0,12,0,12,0,12,0,12,0,12,0,12,0,12,0,12,0,12,0,12,0,12,0,12,27,42,0,12,20,30,0,12,0,12,0,12,10,17,0,12,0,12,0,12,2501,348,282,238,2530,348,0,12,39,37,9,14,0,12,2609,341,87,56,0,12,934,358,989,206,516,151,0,12
"100","060375768022","Block Group 2, Census Tract 5768.02, Los Angeles County, California",1408,217,0,12,0,12,0,12,0,12,0,12,0,12,0,12,0,12,0,12,0,12,0,12,0,12,0,12,0,12,0,12,0,12,0,12,0,12,0,12,0,12,0,12,0,12,0,12,0,12,1452,232,139,132,1452,232,0,12,36,36,0,12,0,12,1452,232,334,167,11,17,157,101,657,143,259,111,0,12
"101","060372111202","Block Group 2, Census Tract 2111.20, Los Angeles County, California",2812,490,0,12,0,12,0,12,0,12,0,12,0,12,0,12,0,12,168,83,6,19,0,12,0,12,295,162,0,12,0,12,0,12,48,78,22,39,0,12,0,12,127,100,0,12,0,12,0,12,2953,555,615,292,2953,555,37,51,255,155,247,144,0,12,2953,555,1892,417,15,24,89,114,229,148,701,372,9,18
"102","060372113202","Block Group 2, Census Tract 2113.20, Los Angeles County, California",2179,372,13,21,0,12,0,12,0,12,0,12,0,12,0,12,0,12,360,188,58,44,34,50,0,12,65,70,10,14,0,12,0,12,29,42,32,49,0,12,0,12,0,12,13,19,0,12,0,12,2518,392,795,352,2518,392,30,47,148,97,165,120,0,12,2518,392,484,208,0,12,112,94,344,107,1561,423,17,26
"103","060374614002","Block Group 2, Census Tract 4614, Los Angeles County, California",784,223,0,12,0,12,0,12,0,12,0,12,0,12,0,12,0,12,36,39,0,12,0,12,0,12,0,12,0,12,0,12,0,12,0,12,0,12,0,12,0,12,0,12,0,12,0,12,0,12,794,225,54,57,801,230,0,12,14,20,0,12,8,14,801,230,49,45,0,12,68,48,329,151,273,143,0,12
"104","060374614001","Block Group 1, Census Tract 4614, Los Angeles County, California",1309,192,0,12,0,12,0,12,0,12,0,12,0,12,0,12,0,12,54,46,0,12,0,12,40,58,1,2,0,12,0,12,0,12,64,64,0,12,20,31,0,12,0,12,0,12,0,12,0,12,1392,210,197,131,1421,209,0,12,60,54,29,40,0,12,1421,209,161,150,0,12,34,43,710,188,478,194,0,12
"105","060374614003","Block Group 3, Census Tract 4614, Los Angeles County, California",863,218,0,12,0,12,0,12,0,12,0,12,0,12,0,12,0,12,0,12,0,12,0,12,0,12,0,12,0,12,0,12,0,12,0,12,0,12,0,12,0,12,0,12,0,12,0,12,0,12,897,220,110,87,897,220,21,34,8,12,58,62,0,12,897,220,40,54,0,12,57,50,439,104,214,166,0,12
"106","060374634002","Block Group 2, Census Tract 4634, Los Angeles County, California",1578,385,0,12,0,12,0,12,0,12,0,12,0,12,0,12,0,12,13,22,0,12,0,12,0,12,0,12,0,12,0,12,0,12,0,12,13,22,0,12,0,12,0,12,0,12,0,12,0,12,1585,382,33,54,1585,382,0,12,45,72,0,12,0,12,1585,382,339,193,0,12,11,19,593,183,523,277,16,26
"107","060374634001","Block Group 1, Census Tract 4634, Los Angeles County, California",1094,279,0,12,0,12,0,12,0,12,0,12,0,12,0,12,0,12,9,21,0,12,0,12,0,12,0,12,0,12,0,12,0,12,0,12,0,12,12,20,0,12,0,12,0,12,0,12,0,12,1258,354,53,70,1258,354,0,12,28,47,15,25,0,12,1258,354,252,188,0,12,13,25,503,182,490,300,0,12
"108","060374634003","Block Group 3, Census Tract 4634, Los Angeles County, California",752,289,0,12,0,12,0,12,0,12,0,12,0,12,0,12,0,12,0,12,0,12,0,12,0,12,0,12,0,12,0,12,0,12,0,12,0,12,0,12,0,12,0,12,0,12,0,12,0,12,849,337,113,181,849,337,0,12,129,183,0,12,0,12,849,337,328,223,0,12,61,80,403,210,16,27,0,12
"109","060374802023","Block Group 3, Census Tract 4802.02, Los Angeles County, California",784,157,0,12,0,12,0,12,0,12,0,12,0,12,0,12,0,12,2,5,0,12,0,12,0,12,21,26,0,12,0,12,0,12,0,12,0,12,0,12,0,12,17,16,0,12,0,12,0,12,872,184,19,23,872,184,0,12,6,9,11,12,0,12,872,184,348,90,0,12,0,12,276,138,219,124,16,27
"110","060374802022","Block Group 2, Census Tract 4802.02, Los Angeles County, California",747,141,9,14,0,12,0,12,0,12,10,15,0,12,0,12,0,12,9,13,0,12,0,12,0,12,68,36,0,12,0,12,0,12,0,12,0,12,0,12,0,12,0,12,6,9,0,12,0,12,832,169,70,58,832,169,4,6,26,22,8,12,0,12,832,169,498,134,0,12,0,12,143,84,99,86,0,12
"111","060374802021","Block Group 1, Census Tract 4802.02, Los Angeles County, California",777,195,0,12,0,12,0,12,0,12,0,12,0,12,0,12,0,12,0,12,0,12,0,12,0,12,45,57,0,12,0,12,0,12,0,12,0,12,0,12,0,12,25,24,0,12,0,12,0,12,849,226,28,23,849,226,0,12,16,19,0,12,0,12,849,226,265,129,0,12,21,31,128,54,414,202,0,12
"112","060374804001","Block Group 1, Census Tract 4804, Los Angeles County, California",859,300,0,12,0,12,0,12,0,12,0,12,0,12,0,12,0,12,0,12,0,12,0,12,0,12,0,12,0,12,0,12,0,12,0,12,0,12,0,12,0,12,54,64,0,12,19,31,0,12,911,332,150,117,911,332,0,12,26,42,0,12,0,12,911,332,336,160,0,12,0,12,166,107,409,312,0,12
"113","060374804003","Block Group 3, Census Tract 4804, Los Angeles County, California",1843,397,0,12,0,12,0,12,0,12,0,12,0,12,0,12,0,12,33,68,29,62,0,12,0,12,50,76,0,12,0,12,0,12,0,12,0,12,0,12,0,12,77,75,0,12,0,12,0,12,1860,406,108,104,1860,406,0,12,23,36,27,33,24,39,1860,406,874,276,0,12,0,12,222,147,507,320,25,38
"114","060374804002","Block Group 2, Census Tract 4804, Los Angeles County, California",2438,457,0,12,0,12,0,12,0,12,0,12,0,12,0,12,0,12,17,26,14,22,0,12,0,12,127,99,0,12,0,12,0,12,16,27,0,12,0,12,0,12,128,103,32,32,0,12,0,12,2752,531,331,203,2752,531,0,12,118,102,53,57,0,12,2767,532,1477,432,0,12,167,181,394,276,673,360,0,12
"115","060372122031","Block Group 1, Census Tract 2122.03, Los Angeles County, California",1245,246,20,31,0,12,0,12,0,12,0,12,0,12,0,12,0,12,185,95,40,44,0,12,0,12,26,30,0,12,18,30,0,12,0,12,20,30,0,12,0,12,0,12,0,12,0,12,0,12,1346,266,475,184,1346,266,0,12,149,110,280,141,0,12,1346,266,314,136,19,30,118,109,97,57,740,230,0,12
"116","060375401022","Block Group 2, Census Tract 5401.02, Los Angeles County, California",1507,399,0,12,0,12,0,12,0,12,0,12,0,12,0,12,0,12,75,63,61,56,0,12,0,12,0,12,0,12,0,12,0,12,54,51,33,20,0,12,0,12,0,12,0,12,0,12,0,12,1620,439,373,248,1620,439,49,60,136,76,62,60,0,12,1620,439,0,12,0,12,146,131,26,31,1448,435,0,12
"117","060372197002","Block Group 2, Census Tract 2197, Los Angeles County, California",1049,326,0,12,0,12,0,12,0,12,0,12,0,12,0,12,0,12,145,109,14,26,0,12,0,12,0,12,0,12,0,12,0,12,0,12,51,59,0,12,0,12,0,12,0,12,0,12,0,12,1069,338,196,119,1088,338,0,12,40,45,57,80,33,53,1088,338,48,51,0,12,303,169,35,38,702,337,0,12
"118","060372197003","Block Group 3, Census Tract 2197, Los Angeles County, California",1927,416,10,19,0,12,0,12,0,12,0,12,0,12,0,12,0,12,141,97,36,40,0,12,0,12,0,12,0,12,0,12,0,12,43,36,30,35,0,12,0,12,0,12,0,12,0,12,0,12,1993,434,239,135,1993,434,12,23,67,56,98,81,0,12,1993,434,15,24,0,12,366,228,86,76,1509,354,0,12
"119","060372200003","Block Group 3, Census Tract 2200, Los Angeles County, California",727,341,0,12,0,12,0,12,0,12,0,12,0,12,0,12,0,12,39,44,0,12,0,12,0,12,0,12,0,12,0,12,0,12,18,31,23,40,0,12,0,12,0,12,0,12,0,12,0,12,734,341,11,16,734,341,91,147,29,35,114,139,0,12,734,341,26,29,0,12,256,161,0,12,452,308,0,12
"120","060372200001","Block Group 1, Census Tract 2200, Los Angeles County, California",1337,396,0,12,0,12,0,12,0,12,0,12,0,12,0,12,0,12,69,83,12,18,0,12,0,12,0,12,0,12,0,12,0,12,0,12,0,12,0,12,0,12,0,12,0,12,0,12,0,12,1448,480,137,111,1448,480,0,12,86,60,63,54,0,12,1448,480,122,109,0,12,576,211,105,75,645,468,0,12
"121","060372200004","Block Group 4, Census Tract 2200, Los Angeles County, California",388,200,59,97,0,12,0,12,0,12,0,12,0,12,0,12,0,12,0,12,28,46,0,12,0,12,0,12,0,12,0,12,0,12,0,12,0,12,0,12,0,12,0,12,0,12,0,12,0,12,398,206,124,108,398,206,59,97,0,12,28,46,0,12,398,206,0,12,0,12,151,111,37,53,199,177,0,12
"122","060372211101","Block Group 1, Census Tract 2211.10, Los Angeles County, California",888,388,29,33,0,12,0,12,0,12,0,12,0,12,0,12,0,12,213,156,54,55,0,12,0,12,0,12,0,12,0,12,0,12,47,52,0,12,0,12,0,12,0,12,0,12,0,12,0,12,915,396,226,189,915,396,19,29,87,77,127,101,0,12,915,396,9,22,0,12,51,83,52,83,803,320,0,12
"123","060372211201","Block Group 1, Census Tract 2211.20, Los Angeles County, California",1373,247,39,38,12,18,0,12,0,12,0,12,0,12,0,12,0,12,331,92,163,77,0,12,0,12,10,16,11,16,0,12,0,12,44,34,27,25,0,12,0,12,0,12,0,12,0,12,0,12,1481,255,498,192,1481,255,72,56,246,114,225,79,13,20,1481,255,30,45,0,12,5,7,10,11,1436,249,0,12
"124","060372225003","Block Group 3, Census Tract 2225, Los Angeles County, California",1450,358,0,12,0,12,0,12,0,12,0,12,0,12,0,12,0,12,156,105,170,90,0,12,0,12,0,12,0,12,0,12,0,12,0,12,38,42,0,12,0,12,0,12,0,12,0,12,0,12,1488,368,157,110,1488,368,95,80,179,117,196,102,22,35,1488,368,75,112,0,12,237,143,93,75,1058,370,0,12
"125","060372225001","Block Group 1, Census Tract 2225, Los Angeles County, California",1169,350,0,12,0,12,0,12,0,12,0,12,0,12,0,12,0,12,189,101,0,12,0,12,0,12,0,12,0,12,0,12,0,12,11,19,0,12,0,12,0,12,0,12,0,12,0,12,0,12,1302,429,370,321,1302,429,30,43,43,50,84,55,0,12,1302,429,0,12,0,12,441,289,45,53,785,401,0,12
"126","060372717022","Block Group 2, Census Tract 2717.02, Los Angeles County, California",1049,213,0,12,0,12,0,12,0,12,0,12,0,12,0,12,0,12,0,12,0,12,0,12,0,12,16,23,0,12,0,12,0,12,16,18,7,13,0,12,0,12,0,12,0,12,0,12,0,12,1080,222,170,89,1080,222,0,12,16,18,74,64,0,12,1080,222,358,155,0,12,108,93,326,103,146,98,72,104
"127","060376505011","Block Group 1, Census Tract 6505.01, Los Angeles County, California",1287,242,0,12,0,12,0,12,0,12,31,39,0,12,0,12,0,12,0,12,0,12,0,12,0,12,32,40,0,12,0,12,0,12,0,12,0,12,0,12,0,12,93,97,0,12,0,12,0,12,1378,263,6,11,1387,265,9,14,0,12,0,12,0,12,1387,265,446,222,0,12,0,12,769,183,119,81,0,12
"128","060376505012","Block Group 2, Census Tract 6505.01, Los Angeles County, California",815,168,0,12,0,12,0,12,0,12,0,12,0,12,0,12,0,12,0,12,0,12,0,12,0,12,0,12,0,12,0,12,0,12,0,12,0,12,0,12,0,12,0,12,0,12,0,12,0,12,852,173,5,9,852,173,0,12,0,12,0,12,18,28,852,173,287,144,0,12,0,12,345,111,157,93,0,12
"129","060373009021","Block Group 1, Census Tract 3009.02, Los Angeles County, California",802,120,0,12,0,12,0,12,0,12,0,12,0,12,0,12,0,12,0,12,0,12,6,9,0,12,0,12,0,12,0,12,0,12,0,12,0,12,0,12,0,12,34,49,0,12,0,12,0,12,863,133,42,41,863,133,0,12,0,12,2,10,0,12,863,133,148,84,0,12,0,12,580,108,119,82,0,12
"130","060373009022","Block Group 2, Census Tract 3009.02, Los Angeles County, California",1088,137,0,12,0,12,0,12,0,12,0,12,0,12,0,12,0,12,0,12,0,12,0,12,0,12,0,12,0,12,0,12,0,12,0,12,0,12,0,12,19,27,0,12,0,12,0,12,0,12,1118,144,19,27,1118,144,0,12,0,12,2,7,0,12,1118,144,145,68,0,12,0,12,713,119,190,86,0,12
"131","060373013001","Block Group 1, Census Tract 3013, Los Angeles County, California",630,143,0,12,0,12,0,12,0,12,0,12,0,12,0,12,0,12,0,12,0,12,0,12,0,12,0,12,0,12,0,12,0,12,0,12,0,12,4,7,0,12,13,20,0,12,0,12,4,7,720,175,73,85,720,175,6,10,4,6,14,12,0,12,720,175,68,51,0,12,0,12,583,171,63,34,0,12
"132","060371233031","Block Group 1, Census Tract 1233.03, Los Angeles County, California",715,154,0,12,0,12,0,12,0,12,0,12,0,12,0,12,0,12,52,39,16,22,6,10,0,12,0,12,0,12,0,12,0,12,5,9,0,12,0,12,0,12,0,12,0,12,0,12,0,12,749,151,101,61,749,151,26,37,14,12,38,26,0,12,749,151,35,41,0,12,16,26,320,120,364,122,0,12
"133","060371234201","Block Group 1, Census Tract 1234.20, Los Angeles County, California",2499,393,18,30,0,12,17,30,0,12,0,12,0,12,0,12,0,12,116,71,160,155,127,66,24,27,0,12,0,12,0,12,0,12,61,55,50,45,76,59,6,12,0,12,0,12,0,12,0,12,2676,430,483,207,2676,430,11,19,140,119,182,101,0,12,2676,430,234,119,0,12,77,90,970,290,1395,418,0,12
"134","060371234202","Block Group 2, Census Tract 1234.20, Los Angeles County, California",878,280,0,12,0,12,0,12,0,12,0,12,0,12,0,12,0,12,81,51,14,21,9,15,0,12,0,12,0,12,0,12,0,12,0,12,0,12,21,26,0,12,0,12,0,12,0,12,0,12,894,285,69,63,894,285,24,38,75,89,25,40,0,12,894,285,47,52,0,12,86,101,370,151,391,208,0,12
"135","060371273001","Block Group 1, Census Tract 1273, Los Angeles County, California",2188,372,0,12,0,12,0,12,0,12,0,12,0,12,0,12,0,12,266,134,25,30,21,27,0,12,7,12,0,12,0,12,0,12,76,83,12,29,5,9,0,12,11,13,0,12,0,12,0,12,2214,411,442,286,2214,411,23,24,54,58,72,80,27,41,2355,420,274,155,12,18,119,72,461,173,1417,426,4,9
"136","060372162002","Block Group 2, Census Tract 2162, Los Angeles County, California",1006,396,0,12,0,12,0,12,0,12,0,12,0,12,0,12,0,12,7,12,0,12,0,12,0,12,17,27,0,12,0,12,0,12,0,12,0,12,0,12,0,12,0,12,0,12,0,12,0,12,1100,436,0,12,1100,436,48,71,41,68,162,165,0,12,1100,436,88,115,0,12,302,170,297,147,192,137,0,12
"137","060372169002","Block Group 2, Census Tract 2169, Los Angeles County, California",705,201,0,12,0,12,0,12,0,12,0,12,0,12,0,12,0,12,0,12,0,12,0,12,0,12,0,12,0,12,0,12,0,12,58,88,0,12,0,12,0,12,0,12,0,12,0,12,0,12,867,297,0,12,867,297,0,12,0,12,0,12,0,12,867,297,0,12,0,12,67,89,297,244,428,269,0,12
"138","060372169004","Block Group 4, Census Tract 2169, Los Angeles County, California",1173,312,0,12,0,12,0,12,0,12,0,12,0,12,0,12,0,12,0,12,0,12,0,12,0,12,0,12,0,12,0,12,0,12,7,17,0,12,0,12,0,12,0,12,0,12,0,12,0,12,1189,316,54,58,1189,316,0,12,0,12,14,24,0,12,1189,316,29,43,0,12,512,241,464,222,158,153,0,12
"139","060372169001","Block Group 1, Census Tract 2169, Los Angeles County, California",772,240,0,12,0,12,0,12,0,12,0,12,0,12,0,12,0,12,0,12,0,12,0,12,0,12,42,66,0,12,0,12,0,12,0,12,0,12,0,12,0,12,0,12,0,12,0,12,0,12,772,240,44,47,772,240,0,12,0,12,0,12,0,12,772,240,88,107,0,12,128,91,511,209,0,12,0,12
"140","060372188002","Block Group 2, Census Tract 2188, Los Angeles County, California",1373,276,0,12,0,12,0,12,0,12,12,18,0,12,0,12,0,12,182,105,52,46,0,12,0,12,41,37,0,12,0,12,0,12,23,34,28,36,3,9,0,12,19,25,0,12,0,12,0,12,1456,292,200,161,1456,292,13,21,81,63,95,66,0,12,1456,292,202,141,0,12,271,141,48,45,914,269,0,12
"141","060372188001","Block Group 1, Census Tract 2188, Los Angeles County, California",1263,284,0,12,0,12,0,12,0,12,0,12,0,12,0,12,0,12,76,54,34,37,0,12,0,12,52,33,32,38,0,12,0,12,37,27,2,8,0,12,0,12,0,12,30,37,0,12,0,12,1296,288,103,77,1296,288,0,12,127,107,66,52,26,21,1296,288,228,154,0,12,377,142,75,62,583,209,0,12
"142","060373115003","Block Group 3, Census Tract 3115, Los Angeles County, California",2114,423,0,12,0,12,0,12,0,12,0,12,0,12,0,12,0,12,0,12,0,12,18,29,16,26,0,12,0,12,0,12,0,12,0,12,0,12,16,25,0,12,0,12,0,12,0,12,0,12,2360,532,311,185,2360,532,42,47,128,98,96,97,0,12,2360,532,374,219,0,12,128,148,1203,283,551,400,47,72
"143","060373115002","Block Group 2, Census Tract 3115, Los Angeles County, California",1617,320,0,12,0,12,0,12,0,12,0,12,0,12,0,12,0,12,0,12,0,12,0,12,0,12,0,12,0,12,0,12,0,12,0,12,0,12,0,12,0,12,0,12,0,12,0,12,0,12,1834,381,29,34,1834,381,0,12,29,33,57,82,0,12,1834,381,222,150,0,12,76,126,1133,299,313,168,0,12
"144","060376202012","Block Group 2, Census Tract 6202.01, Los Angeles County, California",776,129,0,12,0,12,0,12,0,12,0,12,0,12,0,12,0,12,0,12,0,12,0,12,0,12,0,12,0,12,0,12,0,12,2,6,0,12,0,12,0,12,0,12,0,12,0,12,0,12,857,159,76,43,869,158,0,12,0,12,7,10,0,12,869,158,14,14,0,12,19,18,748,165,56,38,0,12
"145","060372326001","Block Group 1, Census Tract 2326, Los Angeles County, California",2399,602,0,12,0,12,0,12,0,12,0,12,0,12,0,12,0,12,171,135,135,134,0,12,0,12,0,12,0,12,0,12,0,12,0,12,163,180,0,12,0,12,0,12,0,12,0,12,0,12,2594,662,613,352,2618,657,0,12,103,100,248,183,22,36,2618,657,0,12,0,12,315,199,42,54,2261,674,0,12
"146","060372326002","Block Group 2, Census Tract 2326, Los Angeles County, California",1901,723,0,12,0,12,0,12,0,12,0,12,0,12,0,12,0,12,310,183,99,95,0,12,0,12,0,12,0,12,0,12,0,12,48,51,0,12,0,12,0,12,1,4,0,12,0,12,0,12,1957,736,758,520,1957,736,0,12,193,138,178,186,0,12,1957,736,42,68,0,12,399,263,6,9,1510,725,0,12
"147","060372326003","Block Group 3, Census Tract 2326, Los Angeles County, California",2096,535,9,21,0,12,0,12,0,12,0,12,0,12,0,12,0,12,274,195,58,66,0,12,0,12,0,12,0,12,0,12,0,12,48,59,27,44,0,12,0,12,0,12,0,12,0,12,0,12,2258,592,739,473,2258,592,0,12,39,74,184,148,10,18,2258,592,26,42,0,12,652,471,8,16,1529,563,43,70
"148","060372340005","Block Group 5, Census Tract 2340, Los Angeles County, California",517,255,0,12,0,12,0,12,0,12,0,12,0,12,0,12,0,12,27,42,0,12,0,12,0,12,0,12,0,12,0,12,0,12,7,11,0,12,0,12,0,12,0,12,0,12,0,12,0,12,574,324,194,197,585,325,0,12,20,30,27,42,0,12,585,325,11,12,0,12,248,107,17,21,307,306,0,12
"149","060372340002","Block Group 2, Census Tract 2340, Los Angeles County, California",968,423,0,12,0,12,0,12,0,12,0,12,0,12,0,12,0,12,0,12,0,12,0,12,0,12,0,12,0,12,0,12,0,12,0,12,0,12,0,12,0,12,0,12,0,12,0,12,0,12,1000,425,109,86,1000,425,0,12,0,12,56,60,0,12,1000,425,9,15,0,12,811,424,85,48,95,81,0,12
"150","060372340004","Block Group 4, Census Tract 2340, Los Angeles County, California",1070,347,0,12,0,12,0,12,0,12,0,12,0,12,0,12,0,12,44,43,26,43,0,12,0,12,0,12,0,12,0,12,0,12,0,12,0,12,0,12,0,12,5,13,0,12,0,12,0,12,1138,353,257,148,1138,353,0,12,37,45,27,27,0,12,1143,353,6,13,0,12,823,328,99,90,171,144,0,12
"151","060372340001","Block Group 1, Census Tract 2340, Los Angeles County, California",1870,394,23,34,0,12,0,12,0,12,0,12,0,12,0,12,0,12,85,77,111,123,0,12,0,12,0,12,0,12,0,12,0,12,36,57,0,12,0,12,0,12,0,12,0,12,0,12,0,12,2010,466,355,330,2024,467,13,21,0,12,87,111,29,46,2024,467,0,12,0,12,549,204,38,39,1425,435,0,12
"152","060372343001","Block Group 1, Census Tract 2343, Los Angeles County, California",1192,360,0,12,0,12,0,12,0,12,0,12,0,12,0,12,0,12,0,12,0,12,0,12,0,12,0,12,0,12,0,12,0,12,0,12,0,12,0,12,0,12,0,12,0,12,0,12,0,12,1192,360,93,75,1212,363,0,12,0,12,0,12,0,12,1212,363,42,69,0,12,932,303,40,66,165,198,0,12
"153","060372343004","Block Group 4, Census Tract 2343, Los Angeles County, California",563,217,0,12,0,12,0,12,0,12,0,12,0,12,0,12,0,12,0,12,0,12,0,12,0,12,0,12,0,12,0,12,0,12,0,12,0,12,0,12,0,12,0,12,0,12,0,12,0,12,584,221,71,112,584,221,0,12,0,12,14,22,0,12,584,221,41,110,0,12,497,187,19,31,13,21,0,12
"154","060372343002","Block Group 2, Census Tract 2343, Los Angeles County, California",924,259,0,12,0,12,0,12,0,12,0,12,0,12,0,12,0,12,0,12,0,12,0,12,0,12,0,12,0,12,0,12,0,12,0,12,0,12,0,12,0,12,0,12,0,12,0,12,0,12,924,259,182,124,924,259,0,12,0,12,94,87,0,12,924,259,0,12,0,12,908,246,0,12,0,12,0,12
"155","060372343003","Block Group 3, Census Tract 2343, Los Angeles County, California",1028,365,0,12,0,12,0,12,0,12,0,12,0,12,0,12,0,12,0,12,0,12,0,12,0,12,0,12,0,12,0,12,0,12,0,12,0,12,0,12,0,12,0,12,0,12,0,12,0,12,1085,376,128,100,1085,376,0,12,0,12,33,52,0,12,1085,376,13,21,0,12,633,309,148,134,196,169,0,12
"156","060371093001","Block Group 1, Census Tract 1093, Los Angeles County, California",815,235,0,12,0,12,0,12,0,12,0,12,0,12,0,12,0,12,26,28,19,32,9,13,0,12,0,12,0,12,0,12,0,12,0,12,0,12,0,12,0,12,0,12,0,12,0,12,0,12,846,241,23,28,856,242,0,12,17,28,49,41,0,12,856,242,175,102,0,12,5,7,361,126,267,154,0,12
"157","060371093002","Block Group 2, Census Tract 1093, Los Angeles County, California",1198,306,0,12,0,12,0,12,0,12,0,12,0,12,0,12,0,12,38,29,0,12,0,12,0,12,15,19,0,12,0,12,0,12,0,12,7,12,0,12,0,12,2,7,0,12,0,12,0,12,1269,320,81,70,1269,320,0,12,63,48,48,33,0,12,1269,320,151,80,0,12,0,12,418,205,683,224,0,12
"158","060371094001","Block Group 1, Census Tract 1094, Los Angeles County, California",1246,358,0,12,0,12,0,12,0,12,0,12,0,12,0,12,0,12,93,86,27,37,0,12,0,12,0,12,0,12,0,12,0,12,0,12,13,21,9,13,0,12,0,12,0,12,0,12,0,12,1274,391,54,45,1274,391,0,12,56,56,105,92,0,12,1281,391,78,61,253,287,2,3,107,89,834,361,0,12
"159","060371094002","Block Group 2, Census Tract 1094, Los Angeles County, California",1534,751,0,12,0,12,0,12,0,12,0,12,0,12,0,12,0,12,179,189,80,83,0,12,0,12,0,12,0,12,0,12,0,12,9,14,0,12,0,12,0,12,0,12,0,12,0,12,0,12,1606,809,48,68,1606,809,0,12,0,12,63,72,0,12,1606,809,21,32,0,12,31,45,87,94,1421,828,0,12
"160","060371098001","Block Group 1, Census Tract 1098, Los Angeles County, California",1394,341,10,19,0,12,0,12,0,12,0,12,0,12,0,12,0,12,54,52,0,12,0,12,0,12,14,22,0,12,0,12,0,12,0,12,0,12,0,12,0,12,0,12,0,12,0,12,0,12,1487,384,33,33,1504,395,0,12,13,21,63,89,0,12,1517,397,218,123,0,12,0,12,778,300,510,314,0,12
"161","060371098003","Block Group 3, Census Tract 1098, Los Angeles County, California",995,290,0,12,0,12,0,12,0,12,0,12,0,12,0,12,0,12,6,12,0,12,0,12,0,12,0,12,0,12,0,12,0,12,22,25,32,50,0,12,0,12,27,30,0,12,0,12,0,12,1138,369,186,141,1138,369,0,12,0,12,24,32,0,12,1138,369,120,120,0,12,30,31,312,166,622,339,0,12
"162","060371098002","Block Group 2, Census Tract 1098, Los Angeles County, California",1259,521,0,12,0,12,0,12,0,12,0,12,0,12,0,12,0,12,57,46,59,56,0,12,0,12,0,12,0,12,0,12,0,12,0,12,66,59,11,16,0,12,14,22,0,12,0,12,0,12,1322,521,274,341,1322,521,0,12,31,50,0,12,0,12,1322,521,298,210,0,12,81,102,184,104,759,430,0,12
"163","060372122032","Block Group 2, Census Tract 2122.03, Los Angeles County, California",1559,322,0,12,21,33,0,12,0,12,0,12,0,12,0,12,0,12,420,238,197,131,0,12,0,12,10,15,0,12,0,12,0,12,77,55,87,63,0,12,0,12,164,79,99,52,0,12,0,12,1568,323,691,189,1568,323,28,43,269,237,233,142,0,12,1568,323,406,72,0,12,48,53,56,54,1027,349,0,12
"164","060372126102","Block Group 2, Census Tract 2126.10, Los Angeles County, California",2303,469,0,12,0,12,0,12,0,12,20,24,0,12,0,12,0,12,125,75,99,50,0,12,0,12,169,84,0,12,0,12,0,12,0,12,22,24,0,12,0,12,76,51,26,42,0,12,0,12,2378,475,634,271,2378,475,0,12,94,63,175,112,0,12,2378,475,762,302,0,12,94,62,282,87,1213,399,0,12
"165","060372144002","Block Group 2, Census Tract 2144, Los Angeles County, California",1018,197,0,12,0,12,0,12,0,12,0,12,0,12,0,12,0,12,0,12,0,12,0,12,0,12,0,12,0,12,0,12,0,12,0,12,0,12,0,12,0,12,0,12,0,12,0,12,0,12,1082,212,142,79,1082,212,0,12,67,68,25,40,0,12,1082,212,84,56,0,12,32,52,831,181,104,82,0,12
"166","060372144003","Block Group 3, Census Tract 2144, Los Angeles County, California",739,185,0,12,0,12,0,12,0,12,0,12,0,12,0,12,0,12,0,12,0,12,0,12,23,36,0,12,0,12,0,12,0,12,0,12,0,12,7,11,0,12,0,12,0,12,0,12,0,12,797,220,72,51,797,220,0,12,0,12,10,18,7,11,797,220,17,19,0,12,18,21,602,216,160,106,0,12
"167","060372146003","Block Group 3, Census Tract 2146, Los Angeles County, California",873,201,0,12,0,12,0,12,0,12,0,12,0,12,0,12,0,12,9,17,0,12,0,12,0,12,0,12,0,12,0,12,0,12,7,16,0,12,0,12,0,12,7,16,0,12,0,12,0,12,816,202,50,40,816,202,0,12,22,27,0,12,0,12,887,207,35,31,0,12,8,16,574,130,171,124,0,12
"168","060372146001","Block Group 1, Census Tract 2146, Los Angeles County, California",818,203,0,12,0,12,0,12,0,12,0,12,0,12,0,12,0,12,0,12,0,12,0,12,0,12,0,12,0,12,0,12,0,12,0,12,0,12,0,12,0,12,0,12,0,12,0,12,0,12,839,207,36,31,839,207,0,12,14,22,0,12,0,12,839,207,57,46,0,12,11,16,598,203,129,83,0,12
"169","060372181201","Block Group 1, Census Tract 2181.20, Los Angeles County, California",2587,393,37,60,0,12,0,12,0,12,0,12,0,12,0,12,0,12,421,173,215,136,0,12,0,12,120,83,13,19,0,12,0,12,26,34,47,62,0,12,0,12,35,31,37,43,0,12,0,12,2983,408,1049,467,2983,408,0,12,209,168,150,129,38,60,2983,408,406,143,0,12,282,272,35,35,2199,417,0,12
"170","060372181202","Block Group 2, Census Tract 2181.20, Los Angeles County, California",706,308,0,12,0,12,0,12,0,12,0,12,0,12,0,12,0,12,54,44,22,34,0,12,0,12,61,87,0,12,0,12,0,12,15,24,8,11,0,12,0,12,16,23,0,12,0,12,0,12,765,339,89,78,765,339,0,12,66,71,35,37,0,12,765,339,172,178,0,12,25,24,21,23,534,272,0,12
"171","060372185001","Block Group 1, Census Tract 2185, Los Angeles County, California",1077,190,0,12,0,12,0,12,0,12,0,12,0,12,0,12,0,12,30,25,44,42,0,12,0,12,7,10,0,12,0,12,0,12,7,10,20,18,0,12,0,12,0,12,31,39,0,12,0,12,1131,198,262,94,1131,198,24,35,60,37,90,69,0,12,1131,198,87,72,0,12,288,120,127,59,583,194,0,12
"172","060375712006","Block Group 6, Census Tract 5712, Los Angeles County, California",1093,390,0,12,0,12,0,12,0,12,0,12,0,12,0,12,0,12,0,12,0,12,0,12,0,12,0,12,0,12,0,12,0,12,0,12,0,12,0,12,0,12,0,12,0,12,0,12,0,12,1093,390,281,204,1093,390,0,12,0,12,0,12,0,12,1093,390,298,230,0,12,106,174,368,147,227,229,74,115
"173","060375712007","Block Group 7, Census Tract 5712, Los Angeles County, California",1636,604,0,12,0,12,0,12,0,12,0,12,0,12,0,12,0,12,0,12,0,12,0,12,0,12,0,12,0,12,0,12,0,12,0,12,0,12,0,12,0,12,0,12,0,12,0,12,0,12,1693,609,116,140,1693,609,0,12,0,12,144,228,0,12,1693,609,203,173,0,12,58,82,876,509,556,376,0,12
"174","060375712005","Block Group 5, Census Tract 5712, Los Angeles County, California",870,257,0,12,0,12,0,12,0,12,0,12,0,12,0,12,0,12,0,12,0,12,14,24,0,12,0,12,44,59,0,12,0,12,0,12,0,12,0,12,0,12,43,57,0,12,0,12,0,12,870,257,27,46,870,257,0,12,0,12,14,23,0,12,870,257,224,186,0,12,79,146,420,151,147,116,0,12
"175","060375712002","Block Group 2, Census Tract 5712, Los Angeles County, California",988,297,0,12,0,12,0,12,0,12,0,12,0,12,0,12,0,12,0,12,0,12,0,12,0,12,0,12,0,12,0,12,0,12,0,12,0,12,0,12,0,12,0,12,0,12,0,12,0,12,1004,301,64,69,1004,301,0,12,15,24,19,31,0,12,1004,301,18,30,0,12,0,12,394,177,452,215,0,12
"176","060375713003","Block Group 3, Census Tract 5713, Los Angeles County, California",1702,298,0,12,0,12,0,12,0,12,0,12,0,12,0,12,0,12,0,12,0,12,0,12,0,12,0,12,0,12,0,12,0,12,0,12,0,12,0,12,0,12,0,12,0,12,0,12,0,12,1820,327,124,89,1820,327,0,12,53,40,0,12,0,12,1820,327,324,168,0,12,334,241,555,163,522,233,0,12
"177","060375713004","Block Group 4, Census Tract 5713, Los Angeles County, California",606,214,0,12,0,12,0,12,0,12,0,12,0,12,0,12,0,12,0,12,0,12,0,12,0,12,0,12,0,12,0,12,0,12,0,12,0,12,0,12,0,12,0,12,0,12,0,12,0,12,633,221,5,4,633,221,0,12,14,22,0,12,0,12,633,221,89,96,0,12,103,116,193,95,248,157,0,12
"178","060375713001","Block Group 1, Census Tract 5713, Los Angeles County, California",1147,266,0,12,0,12,0,12,0,12,0,12,0,12,0,12,0,12,0,12,0,12,9,22,0,12,9,22,0,12,0,12,0,12,27,34,0,12,0,12,0,12,0,12,0,12,0,12,0,12,1234,297,9,14,1234,297,6,15,0,12,0,12,0,12,1239,296,258,201,16,25,34,37,533,144,368,195,0,12
"179","060375719001","Block Group 1, Census Tract 5719, Los Angeles County, California",1202,341,0,12,0,12,0,12,0,12,0,12,0,12,0,12,0,12,0,12,0,12,0,12,0,12,0,12,0,12,0,12,0,12,0,12,0,12,15,24,0,12,0,12,0,12,0,12,0,12,1215,339,53,53,1215,339,83,120,94,112,128,117,24,37,1215,339,57,59,0,12,97,98,362,167,662,333,0,12
"180","060372201002","Block Group 2, Census Tract 2201, Los Angeles County, California",945,290,0,12,0,12,0,12,0,12,0,12,0,12,0,12,0,12,36,41,0,12,0,12,0,12,0,12,0,12,23,35,0,12,26,28,0,12,0,12,0,12,0,12,0,12,0,12,0,12,945,290,209,182,945,290,0,12,0,12,14,22,0,12,945,290,39,35,0,12,606,245,0,12,300,159,0,12
"181","060372201003","Block Group 3, Census Tract 2201, Los Angeles County, California",680,200,0,12,0,12,0,12,0,12,0,12,0,12,0,12,0,12,22,30,0,12,0,12,0,12,0,12,0,12,0,12,0,12,37,33,12,19,0,12,0,12,0,12,7,12,0,12,0,12,709,214,116,105,709,214,0,12,0,12,0,12,10,15,709,214,63,49,0,12,280,127,47,29,287,188,0,12
"182","060372215001","Block Group 1, Census Tract 2215, Los Angeles County, California",2128,310,0,12,0,12,0,12,0,12,0,12,0,12,0,12,0,12,252,89,15,25,0,12,0,12,0,12,0,12,0,12,0,12,16,26,24,39,0,12,0,12,43,36,10,15,0,12,0,12,2252,335,690,267,2256,334,29,28,149,104,148,87,0,12,2256,334,99,63,0,12,600,160,89,66,1468,320,0,12
"183","060372217101","Block Group 1, Census Tract 2217.10, Los Angeles County, California",1564,226,5,7,0,12,0,12,0,12,0,12,0,12,0,12,0,12,205,76,89,53,0,12,0,12,28,24,0,12,0,12,0,12,35,24,75,40,0,12,0,12,0,12,12,17,0,12,0,12,1643,239,439,177,1659,239,0,12,107,50,143,58,10,16,1664,239,378,146,0,12,0,12,87,95,1198,237,0,12
"184","060379106013","Block Group 3, Census Tract 9106.01, Los Angeles County, California",2381,629,0,12,0,12,0,12,0,12,0,12,0,12,0,12,0,12,78,52,22,34,0,12,0,12,0,12,0,12,0,12,0,12,24,27,0,12,0,12,0,12,0,12,0,12,0,12,0,12,2549,678,566,527,2568,685,88,109,96,76,134,117,8,12,2577,686,23,34,0,12,441,289,514,264,1582,514,0,12
"185","060379106011","Block Group 1, Census Tract 9106.01, Los Angeles County, California",2007,596,0,12,0,12,0,12,0,12,0,12,0,12,0,12,0,12,22,27,22,24,0,12,0,12,0,12,0,12,0,12,0,12,0,12,12,19,0,12,0,12,2,4,0,12,0,12,0,12,2191,649,489,251,2191,649,16,28,71,52,61,58,0,12,2191,649,2,4,59,124,646,409,228,114,1227,433,0,12
"186","060379108081","Block Group 1, Census Tract 9108.08, Los Angeles County, California",1689,302,0,12,0,12,0,12,0,12,0,12,0,12,0,12,0,12,0,12,0,12,0,12,0,12,0,12,0,12,0,12,0,12,1,3,10,15,0,12,0,12,0,12,0,12,0,12,0,12,1800,310,21,22,1800,310,0,12,34,29,17,22,0,12,1800,310,6,9,0,12,173,173,1032,188,560,227,0,12
"187","060379108082","Block Group 2, Census Tract 9108.08, Los Angeles County, California",1448,300,0,12,0,12,0,12,0,12,0,12,0,12,0,12,0,12,0,12,0,12,0,12,0,12,0,12,0,12,0,12,0,12,0,12,0,12,0,12,0,12,0,12,0,12,0,12,0,12,1645,355,7,11,1645,355,49,66,0,12,21,28,0,12,1645,355,13,20,0,12,15,19,1174,360,316,159,0,12
"188","060379200132","Block Group 2, Census Tract 9200.13, Los Angeles County, California",2741,355,8,13,0,12,0,12,0,12,0,12,0,12,0,12,0,12,11,17,0,12,11,19,0,12,0,12,0,12,0,12,0,12,0,12,0,12,38,56,0,12,0,12,0,12,0,12,0,12,2921,371,74,56,2921,371,0,12,20,30,1,2,0,12,2921,371,378,192,0,12,193,251,1316,287,965,333,9,18
"189","060379200133","Block Group 3, Census Tract 9200.13, Los Angeles County, California",2503,531,0,12,0,12,0,12,0,12,0,12,0,12,0,12,0,12,57,77,0,12,0,12,0,12,0,12,0,12,0,12,0,12,9,14,5,20,0,12,0,12,0,12,0,12,0,12,0,12,2662,529,377,387,2662,529,0,12,52,54,55,55,5,20,2662,529,496,259,77,118,16,24,899,272,1120,476,10,15
"190","060374065003","Block Group 3, Census Tract 4065, Los Angeles County, California",1515,390,0,12,0,12,0,12,0,12,0,12,0,12,0,12,0,12,0,12,0,12,0,12,0,12,28,26,25,26,0,12,0,12,22,18,0,12,0,12,0,12,0,12,0,12,0,12,0,12,1623,404,56,55,1614,403,9,14,55,54,14,21,0,12,1623,404,333,196,0,12,15,18,206,100,1015,402,8,12
"191","060374065001","Block Group 1, Census Tract 4065, Los Angeles County, California",983,317,0,12,0,12,0,12,0,12,0,12,0,12,0,12,0,12,0,12,9,15,0,12,0,12,29,35,0,12,0,12,0,12,0,12,0,12,0,12,0,12,15,18,8,13,0,12,0,12,1072,352,9,15,1072,352,0,12,0,12,0,12,0,12,1072,352,228,143,0,12,143,148,56,58,609,291,0,12
"192","060374065005","Block Group 5, Census Tract 4065, Los Angeles County, California",999,397,0,12,0,12,0,12,0,12,0,12,0,12,0,12,0,12,10,16,0,12,11,19,0,12,0,12,0,12,0,12,0,12,0,12,0,12,0,12,0,12,0,12,0,12,0,12,0,12,1037,400,102,128,1037,400,0,12,45,64,145,151,7,11,1037,400,283,153,0,12,28,28,120,79,463,301,25,41
"193","060374065002","Block Group 2, Census Tract 4065, Los Angeles County, California",1736,335,0,12,0,12,0,12,0,12,0,12,0,12,0,12,0,12,25,33,0,12,0,12,0,12,54,45,19,23,0,12,0,12,0,12,0,12,0,12,0,12,17,19,0,12,0,12,0,12,1813,345,155,140,1822,345,0,12,31,35,0,12,0,12,1822,345,302,132,0,12,17,29,191,123,1305,356,0,12
"194","060371311001","Block Group 1, Census Tract 1311, Los Angeles County, California",1379,320,9,15,0,12,0,12,0,12,0,12,0,12,0,12,0,12,46,56,5,8,0,12,0,12,25,29,0,12,24,33,0,12,0,12,46,70,0,12,0,12,0,12,0,12,0,12,0,12,1384,320,216,181,1391,322,0,12,0,12,67,48,0,12,1391,322,225,92,0,12,22,22,501,206,578,319,0,12
"195","060371329002","Block Group 2, Census Tract 1329, Los Angeles County, California",2445,338,0,12,0,12,0,12,0,12,0,12,0,12,0,12,0,12,42,57,13,21,119,106,19,29,15,22,0,12,17,27,0,12,0,12,29,45,53,51,23,25,9,14,0,12,0,12,0,12,2629,347,162,103,2629,347,13,22,120,68,102,83,0,12,2629,347,329,141,0,12,51,42,1441,256,684,274,0,12
"196","060371329001","Block Group 1, Census Tract 1329, Los Angeles County, California",1213,214,0,12,0,12,0,12,0,12,0,12,0,12,0,12,0,12,39,47,0,12,0,12,0,12,0,12,0,12,0,12,0,12,0,12,0,12,0,12,14,18,0,12,0,12,0,12,0,12,1256,214,95,73,1256,214,41,38,20,28,45,49,0,12,1256,214,71,56,0,12,16,20,831,160,232,150,0,12
"197","060371331001","Block Group 1, Census Tract 1331, Los Angeles County, California",2137,296,0,12,0,12,0,12,0,12,0,12,0,12,0,12,0,12,24,27,0,12,35,35,0,12,32,30,5,10,0,12,0,12,18,25,0,12,53,42,62,46,0,12,14,23,0,12,18,30,2086,315,431,188,2086,315,0,12,9,15,35,33,0,12,2262,334,217,114,0,12,206,170,1344,240,464,218,0,12
"198","060371331002","Block Group 2, Census Tract 1331, Los Angeles County, California",1125,270,0,12,0,12,9,15,0,12,0,12,0,12,0,12,0,12,200,96,19,30,11,19,0,12,0,12,0,12,0,12,0,12,0,12,0,12,0,12,0,12,0,12,0,12,0,12,0,12,1190,296,19,29,1190,296,0,12,39,62,80,86,0,12,1190,296,200,202,0,12,0,12,280,119,657,228,0,12
"199","060371331003","Block Group 3, Census Tract 1331, Los Angeles County, California",906,251,0,12,0,12,0,12,0,12,0,12,0,12,0,12,0,12,38,56,0,12,18,28,0,12,0,12,0,12,0,12,0,12,8,12,0,12,0,12,0,12,0,12,0,12,0,12,0,12,930,255,43,40,930,255,0,12,33,51,47,53,0,12,930,255,29,32,0,12,27,29,611,214,263,207,0,12
"200","060375401023","Block Group 3, Census Tract 5401.02, Los Angeles County, California",2145,483,0,12,0,12,0,12,0,12,0,12,0,12,0,12,0,12,218,125,55,53,0,12,0,12,0,12,0,12,0,12,0,12,3,6,20,40,0,12,0,12,0,12,0,12,0,12,0,12,2277,515,241,191,2277,515,51,49,161,117,138,109,0,12,2277,515,0,12,0,12,277,139,59,74,1854,530,87,138
"201","060375401024","Block Group 4, Census Tract 5401.02, Los Angeles County, California",1276,458,0,12,0,12,0,12,0,12,0,12,0,12,0,12,0,12,67,42,0,12,0,12,0,12,0,12,0,12,0,12,0,12,60,58,26,38,0,12,0,12,0,12,0,12,0,12,0,12,1391,515,327,337,1391,515,37,39,117,110,30,40,0,12,1391,515,0,12,22,34,204,243,0,12,1165,471,0,12
"202","060375405023","Block Group 3, Census Tract 5405.02, Los Angeles County, California",1507,383,17,29,0,12,0,12,0,12,0,12,0,12,0,12,0,12,254,126,50,38,0,12,0,12,0,12,8,14,0,12,0,12,0,12,20,32,0,12,0,12,0,12,0,12,0,12,0,12,1659,420,571,296,1659,420,19,29,57,53,120,69,0,12,1659,420,19,35,6,13,178,158,60,72,1396,376,0,12
"203","060375405021","Block Group 1, Census Tract 5405.02, Los Angeles County, California",2382,379,20,30,0,12,0,12,0,12,0,12,0,12,0,12,0,12,241,113,161,88,0,12,0,12,0,12,0,12,0,12,0,12,0,12,19,23,0,12,0,12,0,12,0,12,0,12,0,12,2701,424,752,366,2701,424,113,94,145,96,165,93,0,12,2701,424,0,12,0,12,242,175,57,66,2402,444,0,12
"204","060375408003","Block Group 3, Census Tract 5408, Los Angeles County, California",984,522,0,12,0,12,0,12,0,12,0,12,0,12,0,12,0,12,71,64,67,85,0,12,0,12,0,12,0,12,0,12,0,12,36,56,23,40,0,12,0,12,0,12,0,12,0,12,0,12,1016,533,8,14,1016,533,0,12,64,76,71,80,0,12,1016,533,0,12,0,12,210,187,0,12,806,489,0,12
"205","060375408005","Block Group 5, Census Tract 5408, Los Angeles County, California",2327,650,0,12,0,12,0,12,0,12,0,12,0,12,0,12,0,12,0,12,63,62,0,12,0,12,0,12,0,12,0,12,0,12,0,12,0,12,0,12,0,12,0,12,0,12,0,12,0,12,2488,703,299,196,2488,703,0,12,89,88,41,63,0,12,2488,703,0,12,0,12,1321,545,1,2,951,504,0,12
"206","060375408004","Block Group 4, Census Tract 5408, Los Angeles County, California",526,343,0,12,0,12,0,12,0,12,0,12,0,12,0,12,0,12,71,81,0,12,0,12,0,12,0,12,0,12,0,12,0,12,0,12,0,12,0,12,0,12,0,12,0,12,0,12,0,12,655,440,40,49,655,440,0,12,6,10,15,31,0,12,655,440,0,12,0,12,470,440,0,12,173,167,0,12
"207","060375408001","Block Group 1, Census Tract 5408, Los Angeles County, California",364,180,0,12,0,12,0,12,0,12,0,12,0,12,0,12,0,12,0,12,0,12,0,12,0,12,0,12,0,12,0,12,0,12,0,12,0,12,0,12,0,12,0,12,0,12,0,12,0,12,364,180,18,22,364,180,0,12,0,12,0,12,0,12,364,180,0,12,0,12,215,93,0,12,142,156,0,12
"208","060375408002","Block Group 2, Census Tract 5408, Los Angeles County, California",764,418,0,12,0,12,0,12,0,12,0,12,0,12,0,12,0,12,27,41,24,33,0,12,0,12,0,12,0,12,0,12,0,12,5,22,0,12,0,12,0,12,0,12,0,12,0,12,0,12,764,418,59,62,764,418,0,12,21,33,51,56,0,12,764,418,0,12,0,12,498,360,0,12,266,272,0,12
"209","060375413003","Block Group 3, Census Tract 5413, Los Angeles County, California",995,419,0,12,0,12,0,12,0,12,0,12,0,12,0,12,0,12,84,75,41,40,0,12,0,12,0,12,0,12,0,12,0,12,0,12,0,12,0,12,0,12,0,12,0,12,0,12,0,12,1085,449,418,321,1085,449,0,12,36,53,10,17,7,12,1085,449,0,12,0,12,363,210,10,16,692,400,0,12
"210","060375413002","Block Group 2, Census Tract 5413, Los Angeles County, California",333,206,0,12,0,12,0,12,0,12,0,12,0,12,0,12,0,12,10,16,0,12,0,12,0,12,0,12,0,12,0,12,0,12,13,20,0,12,0,12,0,12,0,12,0,12,0,12,0,12,333,206,0,12,333,206,0,12,8,15,22,35,0,12,333,206,0,12,0,12,109,124,0,12,224,150,0,12
"211","060375413005","Block Group 5, Census Tract 5413, Los Angeles County, California",1003,317,0,12,0,12,0,12,0,12,0,12,0,12,0,12,0,12,52,43,0,12,0,12,0,12,0,12,0,12,0,12,0,12,36,54,0,12,0,12,0,12,0,12,0,12,0,12,0,12,1176,399,124,110,1176,399,0,12,33,36,45,58,31,45,1176,399,0,12,0,12,553,239,0,12,623,377,0,12
"212","060375413001","Block Group 1, Census Tract 5413, Los Angeles County, California",835,269,0,12,0,12,0,12,0,12,0,12,0,12,0,12,0,12,42,54,0,12,0,12,0,12,0,12,0,12,0,12,0,12,32,49,30,46,0,12,0,12,0,12,0,12,0,12,0,12,901,289,59,79,901,289,0,12,46,38,8,13,0,12,901,289,0,12,0,12,279,209,0,12,622,288,0,12
"213","060375414003","Block Group 3, Census Tract 5414, Los Angeles County, California",779,505,0,12,0,12,0,12,0,12,0,12,0,12,0,12,0,12,81,94,96,106,0,12,0,12,0,12,0,12,0,12,0,12,67,76,46,38,0,12,0,12,0,12,0,12,0,12,0,12,833,523,315,397,833,523,0,12,34,50,66,98,0,12,833,523,0,12,0,12,15,24,20,31,798,509,0,12
"214","060375414002","Block Group 2, Census Tract 5414, Los Angeles County, California",597,320,0,12,0,12,0,12,0,12,0,12,0,12,0,12,0,12,30,48,65,66,0,12,0,12,0,12,0,12,0,12,0,12,0,12,3,6,0,12,0,12,0,12,0,12,0,12,0,12,672,346,75,85,672,346,0,12,80,119,35,48,0,12,672,346,0,12,0,12,46,53,38,43,588,350,0,12
"215","060375414005","Block Group 5, Census Tract 5414, Los Angeles County, California",1963,752,0,12,0,12,0,12,0,12,0,12,0,12,0,12,0,12,239,148,14,22,0,12,0,12,56,80,0,12,0,12,0,12,13,30,6,10,0,12,0,12,30,44,0,12,0,12,0,12,2192,797,126,148,2192,797,34,55,178,141,113,80,0,12,2192,797,136,194,0,12,91,127,0,12,1743,772,222,324
"216","060375414004","Block Group 4, Census Tract 5414, Los Angeles County, California",1656,726,0,12,29,45,0,12,0,12,0,12,0,12,0,12,0,12,209,116,84,112,0,12,0,12,0,12,0,12,0,12,0,12,71,67,12,19,0,12,0,12,0,12,0,12,0,12,0,12,1903,896,177,274,1903,896,0,12,337,265,122,106,0,12,1903,896,13,19,0,12,46,53,0,12,1844,901,0,12
"217","060375429002","Block Group 2, Census Tract 5429, Los Angeles County, California",1324,283,0,12,0,12,0,12,0,12,0,12,0,12,0,12,0,12,106,80,100,58,0,12,0,12,0,12,0,12,0,12,0,12,24,18,0,12,0,12,0,12,0,12,0,12,0,12,0,12,1364,264,240,140,1414,298,19,22,21,24,25,23,4,8,1414,298,5,7,0,12,369,115,30,43,995,289,0,12
"218","060375719002","Block Group 2, Census Tract 5719, Los Angeles County, California",1320,450,0,12,0,12,0,12,0,12,0,12,0,12,0,12,0,12,0,12,0,12,0,12,0,12,0,12,0,12,0,12,0,12,0,12,0,12,0,12,0,12,0,12,0,12,0,12,0,12,1339,455,7,14,1339,455,0,12,0,12,28,43,0,12,1339,455,237,194,0,12,204,251,270,108,450,312,0,12
"219","060375723022","Block Group 2, Census Tract 5723.02, Los Angeles County, California",909,311,24,28,0,12,0,12,0,12,0,12,0,12,0,12,0,12,56,84,7,11,0,12,0,12,18,20,13,20,0,12,0,12,0,12,0,12,0,12,0,12,0,12,23,26,0,12,0,12,927,310,45,41,927,310,0,12,37,37,11,18,0,12,927,310,301,196,29,35,173,91,10,12,403,232,0,12
"220","060375725001","Block Group 1, Census Tract 5725, Los Angeles County, California",1601,377,0,12,0,12,0,12,0,12,0,12,0,12,0,12,0,12,58,49,27,32,0,12,0,12,0,12,0,12,0,12,0,12,10,15,0,12,0,12,0,12,85,48,0,12,0,12,0,12,1725,417,723,375,1725,417,0,12,38,61,38,36,0,12,1725,417,214,94,0,12,547,265,146,61,604,352,0,12
"221","060375734031","Block Group 1, Census Tract 5734.03, Los Angeles County, California",3279,249,0,12,0,12,0,12,0,12,10,17,0,12,0,12,0,12,0,12,0,12,6,12,0,12,0,12,0,12,0,12,0,12,20,31,0,12,0,12,0,12,0,12,0,12,0,12,0,12,3519,292,571,407,3498,297,0,12,5,8,71,62,0,12,3519,292,918,150,6,12,541,335,1237,187,736,279,0,12
"222","060375743002","Block Group 2, Census Tract 5743, Los Angeles County, California",862,325,0,12,0,12,0,12,0,12,0,12,0,12,0,12,0,12,0,12,0,12,0,12,0,12,0,12,0,12,0,12,0,12,0,12,0,12,0,12,0,12,0,12,0,12,0,12,0,12,862,325,2,4,862,325,0,12,0,12,107,143,0,12,862,325,47,37,0,12,2,4,553,254,219,217,0,12
"223","060375743003","Block Group 3, Census Tract 5743, Los Angeles County, California",842,243,0,12,0,12,0,12,0,12,0,12,0,12,0,12,0,12,0,12,0,12,0,12,0,12,0,12,0,12,0,12,0,12,0,12,0,12,0,12,0,12,0,12,0,12,0,12,0,12,842,243,14,24,842,243,0,12,0,12,0,12,0,12,842,243,82,66,0,12,14,22,619,233,117,101,0,12
"224","060375743005","Block Group 5, Census Tract 5743, Los Angeles County, California",834,336,0,12,0,12,0,12,0,12,0,12,0,12,0,12,0,12,16,32,0,12,0,12,0,12,0,12,0,12,0,12,0,12,0,12,0,12,0,12,0,12,0,12,0,12,0,12,0,12,931,365,0,12,931,365,0,12,45,65,0,12,0,12,931,365,77,109,0,12,16,32,580,312,258,188,0,12
"225","060375743007","Block Group 7, Census Tract 5743, Los Angeles County, California",1114,276,0,12,0,12,0,12,0,12,0,12,0,12,0,12,0,12,0,12,0,12,0,12,0,12,0,12,0,12,0,12,0,12,0,12,0,12,0,12,0,12,0,12,0,12,0,12,0,12,1176,264,57,64,1176,264,0,12,0,12,0,12,0,12,1176,264,90,72,0,12,0,12,979,283,45,56,0,12
"226","060375751012","Block Group 2, Census Tract 5751.01, Los Angeles County, California",1803,320,8,11,0,12,0,12,0,12,0,12,0,12,0,12,0,12,47,38,0,12,0,12,0,12,0,12,0,12,0,12,0,12,0,12,0,12,0,12,0,12,0,12,0,12,0,12,0,12,2041,377,426,192,2041,377,63,73,75,54,89,68,0,12,2041,377,333,171,0,12,300,181,401,124,988,316,11,16
"227","060375751011","Block Group 1, Census Tract 5751.01, Los Angeles County, California",1966,464,28,43,0,12,0,12,0,12,0,12,0,12,0,12,0,12,196,122,0,12,0,12,0,12,21,34,0,12,0,12,0,12,0,12,0,12,0,12,0,12,50,84,8,14,0,12,0,12,2298,561,645,309,2298,561,42,52,209,121,84,80,0,12,2298,561,275,198,0,12,346,181,187,77,1445,491,35,59
"228","060375758031","Block Group 1, Census Tract 5758.03, Los Angeles County, California",2222,547,10,16,0,12,0,12,0,12,0,12,0,12,0,12,0,12,176,123,139,116,0,12,0,12,33,42,0,12,0,12,0,12,10,14,34,53,0,12,0,12,24,38,0,12,0,12,0,12,2359,587,737,394,2359,587,0,12,34,43,96,100,0,12,2359,587,220,135,0,12,141,90,305,153,1619,617,0,12
"229","060372360002","Block Group 2, Census Tract 2360, Los Angeles County, California",645,245,0,12,0,12,0,12,0,12,0,12,0,12,0,12,0,12,0,12,0,12,0,12,0,12,0,12,0,12,0,12,0,12,0,12,0,12,0,12,0,12,0,12,0,12,0,12,0,12,645,245,34,55,645,245,0,12,0,12,0,12,0,12,645,245,27,43,0,12,469,184,112,109,0,12,37,60
"230","060372360004","Block Group 4, Census Tract 2360, Los Angeles County, California",967,216,0,12,0,12,0,12,0,12,0,12,0,12,0,12,0,12,0,12,0,12,0,12,0,12,0,12,0,12,0,12,0,12,0,12,0,12,0,12,0,12,0,12,0,12,0,12,0,12,1050,253,0,12,1050,253,0,12,0,12,0,12,0,12,1050,253,55,69,0,12,366,210,380,191,118,78,0,12
"231","060372382001","Block Group 1, Census Tract 2382, Los Angeles County, California",1482,688,0,12,0,12,0,12,0,12,0,12,0,12,0,12,0,12,20,38,0,12,0,12,0,12,28,48,0,12,0,12,0,12,20,38,0,12,0,12,0,12,0,12,0,12,0,12,0,12,1500,692,160,238,1500,692,0,12,0,12,73,88,0,12,1500,692,47,79,0,12,1313,657,7,6,133,231,0,12
"232","060372382003","Block Group 3, Census Tract 2382, Los Angeles County, California",1387,653,0,12,0,12,0,12,0,12,0,12,0,12,0,12,0,12,52,77,0,12,0,12,0,12,0,12,0,12,0,12,0,12,78,108,0,12,0,12,0,12,0,12,0,12,0,12,0,12,1432,672,43,52,1432,672,0,12,99,111,101,163,0,12,1432,672,0,12,0,12,656,467,15,25,761,611,0,12
"233","060372393301","Block Group 1, Census Tract 2393.30, Los Angeles County, California",1020,244,0,12,0,12,0,12,0,12,0,12,0,12,0,12,0,12,160,86,44,38,0,12,0,12,0,12,0,12,0,12,0,12,22,22,50,48,0,12,0,12,0,12,0,12,0,12,0,12,1037,245,300,214,1037,245,24,28,38,36,120,48,41,44,1037,245,0,12,0,12,164,83,19,23,829,265,0,12
"234","060372402001","Block Group 1, Census Tract 2402, Los Angeles County, California",563,271,0,12,0,12,0,12,0,12,0,12,0,12,0,12,0,12,13,28,46,55,0,12,0,12,0,12,0,12,0,12,0,12,54,83,0,12,0,12,0,12,0,12,0,12,0,12,0,12,628,307,350,234,628,307,4,11,32,32,30,46,0,12,628,307,0,12,0,12,323,202,0,12,269,219,36,62
"235","060371838102","Block Group 2, Census Tract 1838.10, Los Angeles County, California",1998,381,0,12,0,12,0,12,0,12,0,12,0,12,0,12,0,12,207,95,82,71,0,12,0,12,24,38,0,12,0,12,0,12,22,33,16,25,0,12,0,12,0,12,0,12,0,12,0,12,2149,397,288,170,2149,397,0,12,72,62,284,134,16,25,2149,397,99,112,0,12,42,37,342,144,1632,390,17,26
"236","060374626002","Block Group 2, Census Tract 4626, Los Angeles County, California",850,128,0,12,0,12,0,12,0,12,0,12,0,12,0,12,0,12,0,12,0,12,6,9,0,12,0,12,0,12,0,12,0,12,0,12,0,12,0,12,0,12,0,12,0,12,0,12,0,12,889,129,51,38,895,131,0,12,7,10,8,12,0,12,895,131,118,61,0,12,21,23,450,85,272,84,0,12
"237","060372640002","Block Group 2, Census Tract 2640, Los Angeles County, California",1339,256,0,12,0,12,0,12,0,12,0,12,0,12,0,12,0,12,0,12,0,12,0,12,0,12,0,12,0,12,0,12,0,12,0,12,0,12,0,12,0,12,0,12,0,12,0,12,0,12,1371,236,0,12,1428,267,57,90,0,12,0,12,0,12,1428,267,16,25,0,12,0,12,1274,253,100,130,0,12
"238","060372640001","Block Group 1, Census Tract 2640, Los Angeles County, California",373,166,0,12,0,12,0,12,0,12,0,12,0,12,0,12,0,12,0,12,0,12,0,12,0,12,0,12,0,12,0,12,0,12,0,12,0,12,0,12,0,12,0,12,0,12,0,12,0,12,373,166,18,23,373,166,0,12,0,12,5,12,0,12,373,166,12,21,0,12,0,12,351,158,10,17,0,12
"239","060372623033","Block Group 3, Census Tract 2623.03, Los Angeles County, California",835,205,0,12,0,12,0,12,0,12,0,12,0,12,0,12,0,12,0,12,0,12,0,12,0,12,0,12,0,12,0,12,0,12,0,12,0,12,0,12,0,12,0,12,0,12,0,12,0,12,870,231,125,155,870,231,0,12,0,12,41,50,0,12,870,231,51,49,0,12,0,12,752,212,22,24,0,12
"240","060372623032","Block Group 2, Census Tract 2623.03, Los Angeles County, California",767,267,0,12,0,12,0,12,0,12,0,12,0,12,0,12,0,12,0,12,0,12,0,12,0,12,0,12,0,12,0,12,0,12,0,12,0,12,51,66,0,12,0,12,0,12,0,12,0,12,767,267,0,12,767,267,0,12,0,12,0,12,0,12,767,267,0,12,0,12,0,12,706,263,21,33,40,68
"241","060374628001","Block Group 1, Census Tract 4628, Los Angeles County, California",1193,238,0,12,9,15,0,12,0,12,0,12,0,12,0,12,0,12,20,22,0,12,0,12,0,12,0,12,0,12,0,12,0,12,0,12,0,12,0,12,14,21,0,12,27,41,0,12,0,12,1335,260,33,30,1335,260,54,58,9,16,0,12,27,41,1335,260,254,129,15,24,13,20,630,173,354,191,0,12
"242","060374639003","Block Group 3, Census Tract 4639, Los Angeles County, California",1097,203,0,12,0,12,0,12,0,12,0,12,0,12,0,12,0,12,0,12,0,12,0,12,0,12,0,12,0,12,0,12,0,12,0,12,0,12,0,12,0,12,0,12,0,12,0,12,0,12,1097,203,11,17,1097,203,0,12,0,12,35,38,0,12,1097,203,57,45,0,12,28,25,821,181,130,67,27,40
"243","060374639002","Block Group 2, Census Tract 4639, Los Angeles County, California",952,199,9,15,0,12,0,12,0,12,0,12,0,12,0,12,0,12,0,12,0,12,0,12,0,12,0,12,30,47,0,12,0,12,0,12,0,12,0,12,0,12,0,12,0,12,0,12,0,12,1012,230,165,176,1012,230,8,12,41,48,79,84,0,12,1012,230,248,184,0,12,16,23,540,153,170,89,0,12
"244","060374642001","Block Group 1, Census Tract 4642, Los Angeles County, California",700,257,0,12,0,12,0,12,0,12,0,12,0,12,0,12,0,12,0,12,0,12,0,12,0,12,25,28,13,21,0,12,0,12,0,12,0,12,0,12,0,12,12,20,0,12,0,12,0,12,676,253,0,12,700,257,0,12,0,12,0,12,0,12,700,257,603,257,0,12,0,12,79,54,9,14,0,12
"245","060374642006","Block Group 6, Census Tract 4642, Los Angeles County, California",1540,312,0,12,0,12,0,12,0,12,0,12,0,12,0,12,0,12,0,12,0,12,0,12,0,12,92,71,0,12,0,12,0,12,0,12,0,12,0,12,0,12,14,23,0,12,0,12,0,12,1586,326,78,78,1586,326,0,12,16,23,0,12,0,12,1586,326,850,260,0,12,40,36,570,209,36,31,0,12
"246","060374642004","Block Group 4, Census Tract 4642, Los Angeles County, California",1152,375,0,12,0,12,0,12,0,12,0,12,0,12,0,12,0,12,0,12,0,12,0,12,0,12,49,49,0,12,0,12,0,12,0,12,0,12,0,12,0,12,25,29,0,12,0,12,0,12,1152,375,61,80,1152,375,0,12,0,12,52,60,0,12,1152,375,688,247,0,12,0,12,223,185,241,339,0,12
"247","060374625002","Block Group 2, Census Tract 4625, Los Angeles County, California",867,239,0,12,0,12,0,12,0,12,0,12,0,12,0,12,0,12,0,12,0,12,0,12,0,12,0,12,0,12,0,12,0,12,0,12,0,12,21,33,0,12,0,12,0,12,0,12,0,12,1013,263,9,8,1013,263,19,30,0,12,45,50,2,6,1013,263,182,133,0,12,0,12,557,183,241,151,0,12
"248","060371112042","Block Group 2, Census Tract 1112.04, Los Angeles County, California",1670,258,0,12,0,12,0,12,0,12,0,12,0,12,0,12,0,12,12,19,12,18,0,12,0,12,0,12,0,12,0,12,0,12,0,12,0,12,13,21,0,12,14,22,0,12,0,12,0,12,1722,268,17,26,1738,277,0,12,14,21,68,62,0,12,1738,277,528,175,0,12,74,100,711,187,327,162,10,19
"249","060371894003","Block Group 3, Census Tract 1894, Los Angeles County, California",908,161,0,12,0,12,0,12,0,12,0,12,0,12,0,12,0,12,0,12,0,12,0,12,0,12,0,12,0,12,0,12,0,12,0,12,0,12,0,12,0,12,0,12,0,12,0,12,0,12,957,166,150,86,957,166,0,12,0,12,37,30,0,12,957,166,62,48,0,12,40,49,693,147,81,58,0,12
"250","060375552113","Block Group 3, Census Tract 5552.11, Los Angeles County, California",2670,523,23,36,7,11,0,12,0,12,0,12,0,12,0,12,0,12,455,166,101,107,0,12,0,12,52,54,0,12,0,12,0,12,53,52,10,15,0,12,0,12,133,96,7,11,0,12,0,12,2823,560,695,320,2823,560,81,110,193,113,198,111,0,12,2823,560,251,140,0,12,0,12,66,62,2506,551,0,12
"251","060375552112","Block Group 2, Census Tract 5552.11, Los Angeles County, California",590,279,0,12,0,12,0,12,0,12,0,12,0,12,0,12,0,12,54,62,29,24,0,12,0,12,0,12,0,12,0,12,0,12,17,23,49,64,0,12,0,12,0,12,1,5,0,12,0,12,676,319,300,235,676,319,0,12,10,18,36,42,0,12,676,319,1,5,0,12,4,5,3,6,657,313,0,12
"252","060375708002","Block Group 2, Census Tract 5708, Los Angeles County, California",1308,326,0,12,0,12,0,12,0,12,0,12,0,12,0,12,0,12,0,12,0,12,0,12,0,12,0,12,0,12,0,12,0,12,0,12,0,12,0,12,0,12,0,12,0,12,0,12,0,12,1397,333,52,43,1405,336,0,12,0,12,0,12,0,12,1405,336,72,69,0,12,125,142,665,215,536,280,0,12
"253","060375708001","Block Group 1, Census Tract 5708, Los Angeles County, California",1066,267,0,12,0,12,0,12,0,12,68,86,0,12,0,12,0,12,0,12,0,12,0,12,0,12,20,26,0,12,0,12,0,12,13,21,0,12,0,12,0,12,9,15,0,12,0,12,0,12,1098,268,21,16,1077,265,0,12,18,22,27,31,32,40,1098,268,258,215,9,14,25,37,565,168,221,162,0,12
"254","060375708004","Block Group 4, Census Tract 5708, Los Angeles County, California",1002,255,0,12,0,12,0,12,0,12,0,12,0,12,0,12,0,12,0,12,0,12,0,12,0,12,23,21,26,43,0,12,0,12,0,12,0,12,0,12,0,12,0,12,0,12,0,12,0,12,1072,273,21,21,1092,275,0,12,23,35,43,42,0,12,1092,275,152,106,0,12,0,12,542,216,316,174,20,30
"255","060375708005","Block Group 5, Census Tract 5708, Los Angeles County, California",753,246,0,12,0,12,0,12,0,12,0,12,0,12,0,12,0,12,0,12,0,12,0,12,0,12,0,12,0,12,0,12,0,12,0,12,0,12,0,12,0,12,0,12,0,12,0,12,0,12,788,254,0,12,788,254,0,12,37,42,10,16,0,12,788,254,183,125,0,12,27,39,330,192,227,129,0,12
"256","060374070022","Block Group 2, Census Tract 4070.02, Los Angeles County, California",1609,265,34,48,0,12,0,12,0,12,0,12,0,12,0,12,0,12,118,68,103,54,0,12,0,12,23,24,36,39,0,12,0,12,48,40,98,65,0,12,0,12,5,8,0,12,0,12,0,12,1712,284,241,179,1712,284,20,32,97,56,157,88,0,12,1712,284,157,73,0,12,0,12,44,29,1509,285,0,12
"257","060373014004","Block Group 4, Census Tract 3014, Los Angeles County, California",954,417,0,12,0,12,0,12,0,12,0,12,0,12,0,12,0,12,0,12,0,12,102,154,0,12,0,12,0,12,0,12,0,12,0,12,0,12,0,12,9,16,0,12,0,12,0,12,0,12,1007,433,11,16,1007,433,0,12,0,12,5,9,0,12,1007,433,45,45,0,12,0,12,846,409,10,18,106,169
"258","060373014001","Block Group 1, Census Tract 3014, Los Angeles County, California",904,330,0,12,0,12,0,12,0,12,0,12,0,12,0,12,0,12,0,12,0,12,34,42,0,12,0,12,0,12,0,12,0,12,0,12,0,12,8,12,0,12,0,12,0,12,0,12,0,12,953,364,7,12,953,364,0,12,0,12,0,12,0,12,953,364,105,76,0,12,0,12,683,368,53,59,0,12
"259","060373014003","Block Group 3, Census Tract 3014, Los Angeles County, California",483,135,0,12,0,12,0,12,0,12,0,12,0,12,0,12,0,12,0,12,0,12,0,12,0,12,0,12,0,12,0,12,0,12,0,12,0,12,0,12,0,12,0,12,0,12,0,12,0,12,504,149,9,15,504,149,0,12,9,18,0,12,0,12,504,149,19,32,0,12,0,12,475,161,10,16,0,12
"260","060373015011","Block Group 1, Census Tract 3015.01, Los Angeles County, California",744,236,0,12,0,12,0,12,0,12,0,12,0,12,0,12,0,12,0,12,0,12,26,32,19,21,0,12,0,12,0,12,0,12,0,12,0,12,22,19,42,45,0,12,0,12,0,12,0,12,765,253,13,18,765,253,5,7,5,7,9,14,0,12,765,253,13,27,17,25,5,8,613,239,101,113,0,12
"261","060373017012","Block Group 2, Census Tract 3017.01, Los Angeles County, California",1349,243,0,12,0,12,0,12,0,12,0,12,0,12,0,12,0,12,14,26,0,12,17,18,0,12,0,12,0,12,0,12,0,12,8,15,0,12,44,39,0,12,0,12,0,12,0,12,0,12,1408,243,59,58,1408,243,31,42,26,28,13,20,0,12,1408,243,109,108,0,12,10,17,678,167,533,202,0,12
"262","060373021041","Block Group 1, Census Tract 3021.04, Los Angeles County, California",768,281,0,12,0,12,0,12,0,12,0,12,0,12,0,12,0,12,87,81,22,34,0,12,0,12,26,36,0,12,0,12,0,12,8,14,0,12,0,12,0,12,0,12,0,12,0,12,0,12,784,282,106,100,784,282,0,12,19,30,120,110,0,12,784,282,129,88,0,12,9,14,213,94,372,198,0,12
"263","060377003001","Block Group 1, Census Tract 7003, Los Angeles County, California",1727,340,0,12,0,12,0,12,0,12,0,12,0,12,0,12,0,12,0,12,0,12,0,12,0,12,0,12,0,12,0,12,0,12,0,12,0,12,0,12,0,12,0,12,0,12,0,12,0,12,1761,351,60,55,1761,351,0,12,14,22,91,111,0,12,1761,351,78,63,0,12,18,28,1387,280,110,93,0,12
"264","060377003002","Block Group 2, Census Tract 7003, Los Angeles County, California",1332,303,0,12,0,12,0,12,0,12,0,12,0,12,0,12,0,12,0,12,0,12,0,12,0,12,0,12,0,12,0,12,0,12,0,12,0,12,0,12,0,12,0,12,0,12,0,12,0,12,1332,303,88,105,1332,303,0,12,93,107,36,41,0,12,1332,303,55,65,0,12,67,78,853,267,271,177,0,12
"265","060377015011","Block Group 1, Census Tract 7015.01, Los Angeles County, California",1601,350,0,12,0,12,0,12,0,12,0,12,0,12,0,12,0,12,0,12,0,12,0,12,0,12,0,12,0,12,0,12,0,12,0,12,0,12,17,26,0,12,0,12,0,12,0,12,0,12,1711,360,116,73,1711,360,0,12,0,12,0,12,0,12,1711,360,47,42,0,12,0,12,1368,387,133,181,0,12
"266","060377015012","Block Group 2, Census Tract 7015.01, Los Angeles County, California",1155,243,0,12,0,12,0,12,0,12,0,12,0,12,0,12,0,12,0,12,0,12,0,12,0,12,0,12,0,12,0,12,0,12,0,12,0,12,0,12,0,12,0,12,0,12,0,12,0,12,1323,344,101,87,1323,344,0,12,0,12,0,12,0,12,1323,344,200,81,0,12,0,12,1031,354,62,69,0,12
"267","060377017011","Block Group 1, Census Tract 7017.01, Los Angeles County, California",1514,271,0,12,0,12,0,12,0,12,0,12,0,12,0,12,0,12,0,12,0,12,17,20,0,12,0,12,0,12,0,12,0,12,41,59,0,12,8,13,0,12,0,12,0,12,0,12,0,12,1569,280,147,74,1569,280,7,10,76,63,24,22,0,12,1569,280,183,81,0,12,78,85,966,223,209,158,23,32
"268","060377017012","Block Group 2, Census Tract 7017.01, Los Angeles County, California",1363,185,0,12,0,12,0,12,0,12,0,12,0,12,0,12,0,12,19,43,0,12,0,12,0,12,0,12,0,12,0,12,0,12,0,12,0,12,0,12,6,10,0,12,0,12,0,12,0,12,1445,206,116,89,1445,206,8,13,9,14,54,54,0,12,1445,206,109,51,3,6,139,143,681,190,406,186,0,12
"269","060371331004","Block Group 4, Census Tract 1331, Los Angeles County, California",1153,271,0,12,0,12,0,12,0,12,0,12,0,12,0,12,0,12,61,84,0,12,38,37,0,12,11,16,0,12,0,12,0,12,0,12,0,12,29,34,0,12,0,12,0,12,0,12,0,12,1227,276,76,62,1227,276,19,28,40,43,131,120,0,12,1227,276,132,93,0,12,40,65,619,201,336,212,28,43
"270","060371341041","Block Group 1, Census Tract 1341.04, Los Angeles County, California",2408,451,2,4,0,12,6,11,0,12,0,12,0,12,6,10,0,12,217,124,71,110,0,12,0,12,51,53,0,12,0,12,0,12,0,12,39,44,0,12,0,12,25,29,0,12,0,12,0,12,2552,501,570,360,2552,501,12,19,114,67,269,134,0,12,2559,501,627,253,0,12,217,163,499,168,1172,476,0,12
"271","060372123051","Block Group 1, Census Tract 2123.05, Los Angeles County, California",2806,176,43,33,0,12,0,12,0,12,13,19,0,12,0,12,0,12,493,138,278,110,0,12,0,12,118,57,11,12,0,12,0,12,19,21,57,33,0,12,0,12,0,12,30,44,0,12,0,12,3016,204,852,196,3025,202,11,16,319,77,505,119,9,13,3025,202,592,149,0,12,99,45,130,59,2120,214,44,38
"272","060373201002","Block Group 2, Census Tract 3201, Los Angeles County, California",1206,375,26,41,0,12,0,12,0,12,0,12,0,12,0,12,0,12,84,92,53,59,0,12,0,12,0,12,0,12,0,12,0,12,21,22,20,33,0,12,0,12,0,12,0,12,0,12,0,12,1208,375,31,49,1218,377,0,12,53,66,39,30,0,12,1218,377,0,12,0,12,0,12,85,49,1133,375,0,12
"273","060373201003","Block Group 3, Census Tract 3201, Los Angeles County, California",2272,446,0,12,0,12,0,12,0,12,0,12,0,12,0,12,0,12,221,124,51,39,0,12,0,12,0,12,0,12,0,12,0,12,23,26,96,99,0,12,0,12,0,12,32,52,0,12,0,12,2431,463,406,285,2431,463,15,23,28,31,183,150,0,12,2431,463,169,136,0,12,125,199,101,80,2036,438,0,12
"274","060374002043","Block Group 3, Census Tract 4002.04, Los Angeles County, California",1643,354,0,12,0,12,0,12,0,12,0,12,0,12,0,12,0,12,0,12,0,12,0,12,0,12,0,12,0,12,0,12,0,12,0,12,0,12,0,12,0,12,0,12,0,12,0,12,0,12,1697,382,0,12,1697,382,66,73,0,12,89,97,0,12,1709,374,397,366,0,12,38,56,1188,341,53,59,0,12
"275","060374002041","Block Group 1, Census Tract 4002.04, Los Angeles County, California",2770,387,0,12,0,12,0,12,0,12,0,12,0,12,0,12,0,12,0,12,0,12,0,12,0,12,43,50,0,12,0,12,0,12,0,12,0,12,17,31,0,12,12,30,0,12,0,12,0,12,2805,397,73,84,2805,397,0,12,8,22,19,31,0,12,2805,397,268,207,0,12,18,31,1576,346,830,263,25,41
"276","060374003021","Block Group 1, Census Tract 4003.02, Los Angeles County, California",1384,262,0,12,0,12,0,12,0,12,0,12,0,12,0,12,0,12,6,18,0,12,0,12,0,12,14,22,0,12,0,12,0,12,0,12,0,12,0,12,0,12,0,12,0,12,0,12,0,12,1581,305,32,31,1581,305,0,12,33,37,15,18,0,12,1581,305,96,117,153,224,0,12,705,268,608,187,0,12
"277","060374011012","Block Group 2, Census Tract 4011.01, Los Angeles County, California",1439,522,0,12,0,12,0,12,0,12,0,12,0,12,0,12,0,12,0,12,0,12,0,12,0,12,0,12,0,12,12,21,9,34,0,12,4,8,0,12,0,12,0,12,0,12,11,19,9,33,1473,542,186,118,1473,542,32,54,29,33,40,41,0,12,1562,549,136,123,0,12,91,101,520,285,776,432,15,21
"278","060374011011","Block Group 1, Census Tract 4011.01, Los Angeles County, California",1244,386,0,12,0,12,0,12,0,12,0,12,0,12,0,12,0,12,0,12,0,12,0,12,0,12,12,30,0,12,0,12,0,12,0,12,0,12,0,12,0,12,0,12,0,12,0,12,0,12,1318,418,0,12,1318,418,0,12,20,33,55,87,0,12,1318,418,228,207,0,12,0,12,293,153,685,356,24,36
"279","060375339021","Block Group 1, Census Tract 5339.02, Los Angeles County, California",2283,287,9,11,0,12,0,12,0,12,0,12,0,12,0,12,0,12,263,80,124,55,0,12,0,12,0,12,0,12,0,12,0,12,62,41,73,32,0,12,0,12,0,12,0,12,0,12,0,12,2392,304,455,239,2392,304,32,50,70,43,174,76,7,10,2392,304,0,12,9,16,0,12,56,44,2327,310,0,12
"280","060375342032","Block Group 2, Census Tract 5342.03, Los Angeles County, California",1684,266,43,31,0,12,0,12,0,12,0,12,0,12,0,12,0,12,219,83,87,46,0,12,0,12,0,12,0,12,0,12,0,12,131,44,107,53,0,12,0,12,0,12,0,12,0,12,0,12,1740,273,515,173,1795,289,25,20,97,57,94,49,0,12,1795,289,0,12,5,8,7,9,31,34,1752,291,0,12
"281","060375344051","Block Group 1, Census Tract 5344.05, Los Angeles County, California",2874,394,5,7,0,12,0,12,0,12,0,12,0,12,0,12,0,12,500,156,101,51,0,12,0,12,0,12,0,12,0,12,0,12,74,36,45,29,0,12,0,12,5,8,0,12,0,12,0,12,3103,440,948,350,3110,439,100,109,281,112,204,69,5,8,3110,439,32,46,0,12,11,16,17,15,3017,450,9,13
"282","060375345011","Block Group 1, Census Tract 5345.01, Los Angeles County, California",1142,383,0,12,0,12,0,12,0,12,0,12,0,12,0,12,0,12,183,112,49,63,0,12,0,12,0,12,0,12,0,12,0,12,32,27,63,67,0,12,0,12,0,12,0,12,0,12,0,12,1212,403,138,143,1212,403,8,13,106,85,108,85,0,12,1212,403,0,12,0,12,0,12,28,33,1184,394,0,12
"283","060375345013","Block Group 3, Census Tract 5345.01, Los Angeles County, California",2454,533,11,18,0,12,0,12,0,12,0,12,0,12,0,12,0,12,294,130,187,136,0,12,0,12,0,12,0,12,0,12,0,12,18,21,48,45,0,12,0,12,0,12,0,12,0,12,0,12,2555,581,467,263,2555,581,10,16,174,109,256,140,0,12,2555,581,0,12,0,12,4,7,53,37,2447,571,5,9
"284","060375347001","Block Group 1, Census Tract 5347, Los Angeles County, California",4217,359,3,7,0,12,0,12,0,12,0,12,0,12,0,12,0,12,496,107,277,112,0,12,0,12,0,12,0,12,0,12,0,12,345,94,150,52,0,12,0,12,0,12,0,12,0,12,0,12,4427,404,430,229,4435,402,67,54,165,89,277,103,6,11,4435,402,18,18,0,12,0,12,89,51,4306,414,16,24
"285","060375355012","Block Group 2, Census Tract 5355.01, Los Angeles County, California",1580,258,15,23,0,12,0,12,0,12,0,12,0,12,0,12,0,12,248,110,150,61,0,12,0,12,0,12,0,12,0,12,0,12,52,35,70,42,0,12,0,12,0,12,0,12,0,12,0,12,1675,281,349,193,1684,283,6,11,138,67,121,56,0,12,1684,283,6,8,4,6,0,12,53,40,1599,275,0,12
"286","060375358042","Block Group 2, Census Tract 5358.04, Los Angeles County, California",3032,473,57,70,0,12,0,12,0,12,0,12,0,12,0,12,0,12,279,165,316,170,0,12,0,12,0,12,0,12,0,12,0,12,103,67,0,12,0,12,0,12,0,12,0,12,0,12,0,12,3208,497,777,379,3208,497,50,55,318,235,76,68,0,12,3208,497,0,12,0,12,52,68,10,17,3146,494,0,12
"287","060375358041","Block Group 1, Census Tract 5358.04, Los Angeles County, California",1976,415,43,48,0,12,0,12,0,12,0,12,0,12,0,12,0,12,266,133,210,127,0,12,0,12,0,12,0,12,0,12,0,12,64,45,8,14,0,12,0,12,0,12,0,12,0,12,0,12,2081,451,766,389,2120,457,17,27,54,85,220,139,0,12,2120,457,0,12,0,12,0,12,48,69,2061,454,11,20
"288","060375402023","Block Group 3, Census Tract 5402.02, Los Angeles County, California",726,190,9,14,0,12,0,12,0,12,0,12,0,12,0,12,0,12,84,46,24,26,0,12,0,12,0,12,0,12,0,12,0,12,0,12,32,37,0,12,0,12,0,12,0,12,0,12,0,12,841,242,21,23,841,242,20,28,54,47,49,31,0,12,841,242,0,12,0,12,61,59,0,12,780,249,0,12
"289","060375402024","Block Group 4, Census Tract 5402.02, Los Angeles County, California",1023,270,10,17,0,12,0,12,0,12,0,12,0,12,0,12,0,12,117,74,92,50,0,12,0,12,0,12,0,12,0,12,0,12,36,58,0,12,0,12,0,12,0,12,0,12,0,12,0,12,998,271,251,183,998,271,37,58,61,57,202,102,0,12,1055,274,12,25,0,12,0,12,56,51,964,269,23,37
"290","060371851001","Block Group 1, Census Tract 1851, Los Angeles County, California",1844,445,0,12,0,12,0,12,0,12,0,12,0,12,0,12,0,12,18,29,51,80,0,12,0,12,0,12,0,12,0,12,0,12,0,12,0,12,0,12,0,12,0,12,0,12,0,12,0,12,1920,463,89,100,1920,463,0,12,38,58,29,45,0,12,1920,463,94,106,0,12,50,57,608,207,1150,419,0,12
"291","060371853202","Block Group 2, Census Tract 1853.20, Los Angeles County, California",925,192,0,12,0,12,0,12,0,12,0,12,0,12,0,12,0,12,90,43,64,56,0,12,0,12,9,13,0,12,0,12,0,12,7,11,20,18,0,12,0,12,8,12,0,12,0,12,0,12,997,201,466,183,998,201,24,30,49,33,91,45,0,12,998,201,51,57,0,12,7,9,96,44,844,202,0,12
"292","060371861004","Block Group 4, Census Tract 1861, Los Angeles County, California",888,251,0,12,0,12,0,12,0,12,0,12,0,12,0,12,0,12,15,24,0,12,0,12,0,12,0,12,0,12,0,12,0,12,0,12,0,12,14,22,14,22,29,32,0,12,0,12,0,12,900,253,28,26,900,253,0,12,23,36,36,43,0,12,900,253,247,144,0,12,0,12,245,122,383,198,0,12
"293","060371861001","Block Group 1, Census Tract 1861, Los Angeles County, California",1214,244,0,12,0,12,0,12,0,12,0,12,0,12,0,12,0,12,0,12,0,12,0,12,26,41,14,21,0,12,0,12,0,12,10,16,8,12,0,12,0,12,0,12,0,12,0,12,0,12,1306,270,91,57,1307,270,0,12,7,11,29,25,0,12,1307,270,344,124,0,12,83,130,456,180,357,160,0,12
"294","060371861002","Block Group 2, Census Tract 1861, Los Angeles County, California",1010,254,0,12,0,12,0,12,0,12,0,12,0,12,0,12,0,12,15,23,0,12,0,12,0,12,6,10,0,12,0,12,0,12,21,30,0,12,0,12,0,12,0,12,0,12,0,12,0,12,1087,287,74,82,1087,287,0,12,27,30,13,15,0,12,1087,287,188,94,0,12,18,26,497,226,318,159,0,12
"295","060372737002","Block Group 2, Census Tract 2737, Los Angeles County, California",1046,231,0,12,0,12,0,12,0,12,0,12,0,12,0,12,0,12,0,12,0,12,0,12,0,12,0,12,0,12,0,12,0,12,0,12,0,12,0,12,0,12,0,12,0,12,0,12,0,12,1055,232,242,145,1055,232,10,20,25,39,8,13,0,12,1055,232,35,33,0,12,110,93,632,166,246,144,0,12
"296","060372737001","Block Group 1, Census Tract 2737, Los Angeles County, California",945,212,0,12,0,12,0,12,0,12,0,12,0,12,0,12,0,12,40,61,0,12,0,12,0,12,0,12,0,12,0,12,0,12,0,12,0,12,11,17,0,12,0,12,0,12,0,12,0,12,1047,226,49,52,1047,226,8,16,72,109,30,45,23,38,1047,226,38,68,0,12,0,12,652,161,283,218,0,12
"297","060372753022","Block Group 2, Census Tract 2753.02, Los Angeles County, California",2444,382,0,12,0,12,0,12,0,12,0,12,0,12,0,12,0,12,0,12,0,12,15,23,0,12,43,71,0,12,0,12,0,12,0,12,0,12,0,12,0,12,2,5,0,12,0,12,0,12,2576,405,314,257,2576,405,23,40,0,12,138,115,0,12,2576,405,318,159,0,12,196,236,1822,391,172,118,0,12
"298","060372933011","Block Group 1, Census Tract 2933.01, Los Angeles County, California",2996,294,0,12,0,12,0,12,0,12,0,12,0,12,0,12,0,12,0,12,3,7,45,74,0,12,72,56,0,12,0,12,0,12,3,6,2,5,0,12,0,12,71,49,13,22,0,12,0,12,3083,301,266,161,3095,296,0,12,58,59,128,79,13,22,3108,296,1530,313,0,12,42,34,877,192,434,201,0,12
"299","060372049201","Block Group 1, Census Tract 2049.20, Los Angeles County, California",1859,281,5,9,0,12,0,12,0,12,0,12,0,12,0,12,0,12,213,84,98,56,0,12,0,12,0,12,0,12,0,12,0,12,64,34,46,40,0,12,0,12,0,12,0,12,0,12,0,12,1990,347,625,347,2025,339,42,38,72,54,99,48,0,12,2025,339,0,12,0,12,23,21,41,29,1956,342,0,12
"300","060372049202","Block Group 2, Census Tract 2049.20, Los Angeles County, California",681,234,0,12,0,12,0,12,0,12,0,12,0,12,0,12,0,12,36,29,118,64,0,12,0,12,0,12,0,12,0,12,0,12,20,20,112,77,0,12,0,12,0,12,0,12,0,12,0,12,726,241,173,171,726,241,0,12,10,17,26,27,0,12,726,241,0,12,0,12,0,12,6,8,720,241,0,12
"301","060372063002","Block Group 2, Census Tract 2063, Los Angeles County, California",2640,1051,0,12,0,12,0,12,0,12,0,12,0,12,0,12,0,12,37,50,0,12,0,12,0,12,0,12,0,12,0,12,0,12,0,12,0,12,0,12,0,12,0,12,0,12,0,12,0,12,2625,1046,2070,837,2662,1053,0,12,96,104,361,251,0,12,2662,1053,23,38,0,12,1302,544,666,299,459,264,76,91
"302","060371193201","Block Group 1, Census Tract 1193.20, Los Angeles County, California",4646,491,0,12,0,12,0,12,0,12,0,12,0,12,0,12,0,12,509,174,237,131,0,12,0,12,94,72,0,12,0,12,0,12,103,61,67,57,0,12,0,12,10,15,0,12,0,12,0,12,4906,503,616,287,4906,503,158,94,318,154,174,96,0,12,4906,503,861,200,0,12,296,210,270,165,3426,550,0,12
"303","060371200301","Block Group 1, Census Tract 1200.30, Los Angeles County, California",2455,263,0,12,24,27,0,12,0,12,0,12,0,12,0,12,0,12,423,118,206,72,0,12,9,14,0,12,0,12,0,12,0,12,115,58,66,59,5,8,0,12,0,12,0,12,0,12,0,12,2666,307,834,235,2666,307,82,54,237,102,388,94,0,12,2666,307,168,110,0,12,72,48,84,59,2342,356,0,12
"304","060371210201","Block Group 1, Census Tract 1210.20, Los Angeles County, California",731,381,0,12,0,12,0,12,0,12,0,12,0,12,0,12,0,12,31,52,32,53,0,12,0,12,0,12,0,12,0,12,0,12,0,12,0,12,0,12,0,12,0,12,0,12,0,12,0,12,731,381,24,28,731,381,0,12,0,12,0,12,0,12,731,381,86,101,0,12,0,12,296,140,337,375,0,12
"305","060371210203","Block Group 3, Census Tract 1210.20, Los Angeles County, California",851,272,6,11,0,12,0,12,0,12,0,12,0,12,0,12,0,12,79,100,24,37,4,10,0,12,0,12,0,12,0,12,0,12,7,12,0,12,0,12,0,12,0,12,0,12,0,12,0,12,890,284,85,137,890,284,0,12,4,8,34,40,0,12,890,284,124,129,0,12,6,11,240,145,512,271,0,12
"306","060372402002","Block Group 2, Census Tract 2402, Los Angeles County, California",2557,519,0,12,0,12,0,12,0,12,0,12,0,12,0,12,0,12,294,117,153,73,0,12,0,12,0,12,0,12,0,12,0,12,0,12,26,40,0,12,0,12,0,12,0,12,0,12,0,12,2745,565,629,405,2758,567,35,47,135,88,291,123,0,12,2758,567,86,135,0,12,426,308,0,12,2246,472,0,12
"307","060372423002","Block Group 2, Census Tract 2423, Los Angeles County, California",929,491,0,12,0,12,0,12,0,12,0,12,0,12,0,12,0,12,95,72,48,50,0,12,0,12,0,12,0,12,0,12,0,12,21,28,18,30,0,12,0,12,0,12,0,12,0,12,0,12,1003,541,583,527,1003,541,0,12,31,42,23,32,18,30,1003,541,0,12,0,12,24,40,0,12,979,543,0,12
"308","060375521001","Block Group 1, Census Tract 5521, Los Angeles County, California",1100,389,0,12,0,12,0,12,0,12,0,12,0,12,0,12,0,12,98,116,0,12,0,12,0,12,0,12,0,12,0,12,0,12,0,12,0,12,0,12,0,12,0,12,0,12,0,12,0,12,1109,393,225,196,1118,393,0,12,14,23,56,49,0,12,1118,393,108,161,0,12,34,35,235,128,741,362,0,12
"309","060375521002","Block Group 2, Census Tract 5521, Los Angeles County, California",1513,439,0,12,0,12,0,12,0,12,0,12,0,12,0,12,0,12,136,106,0,12,0,12,0,12,19,30,0,12,0,12,0,12,98,96,36,32,0,12,0,12,130,54,115,69,5,9,0,12,1669,537,449,329,1669,537,0,12,54,66,29,33,0,12,1669,537,372,106,0,12,34,34,49,40,1146,539,0,12
"310","060375521005","Block Group 5, Census Tract 5521, Los Angeles County, California",1507,503,0,12,0,12,0,12,0,12,0,12,0,12,0,12,0,12,37,56,0,12,0,12,0,12,24,27,0,12,0,12,0,12,0,12,8,12,0,12,0,12,0,12,0,12,0,12,0,12,1586,549,39,30,1586,549,56,71,68,85,37,36,0,12,1586,549,229,128,0,12,72,90,86,71,1191,576,0,12
"311","060375521003","Block Group 3, Census Tract 5521, Los Angeles County, California",1028,267,0,12,0,12,0,12,0,12,0,12,0,12,0,12,0,12,27,30,0,12,0,12,0,12,0,12,0,12,0,12,0,12,28,33,23,34,0,12,0,12,0,12,0,12,0,12,0,12,1173,313,47,61,1173,313,60,101,11,16,35,33,0,12,1173,313,44,39,0,12,60,71,170,87,899,295,0,12
"312","060375526014","Block Group 4, Census Tract 5526.01, Los Angeles County, California",1215,434,0,12,0,12,0,12,0,12,0,12,0,12,0,12,0,12,79,58,7,12,0,12,0,12,14,18,0,12,0,12,0,12,32,40,8,12,0,12,0,12,14,17,0,12,0,12,0,12,1329,479,42,44,1329,479,0,12,51,54,65,47,0,12,1329,479,75,107,0,12,175,169,125,92,934,430,8,14
"313","060375526011","Block Group 1, Census Tract 5526.01, Los Angeles County, California",1212,438,7,12,0,12,0,12,0,12,0,12,0,12,0,12,0,12,197,106,18,20,0,12,0,12,12,22,0,12,0,12,0,12,9,13,0,12,0,12,0,12,0,12,0,12,0,12,0,12,1237,438,11,16,1237,438,0,12,78,84,0,12,0,12,1237,438,25,45,0,12,0,12,0,12,1212,433,0,12
"314","060379102022","Block Group 2, Census Tract 9102.02, Los Angeles County, California",1248,391,0,12,0,12,0,12,0,12,0,12,0,12,0,12,0,12,19,21,0,12,0,12,0,12,0,12,0,12,0,12,0,12,0,12,25,35,0,12,0,12,0,12,0,12,0,12,0,12,1282,398,226,194,1282,398,0,12,5,10,11,17,0,12,1282,398,71,91,11,18,37,54,715,295,425,278,9,14
"315","060379102021","Block Group 1, Census Tract 9102.02, Los Angeles County, California",4274,503,0,12,0,12,0,12,0,12,0,12,0,12,0,12,0,12,59,39,3,6,0,12,0,12,22,27,0,12,0,12,0,12,34,33,0,12,0,12,0,12,29,26,0,12,0,12,0,12,4541,550,227,157,4541,550,13,20,0,12,88,88,0,12,4541,550,533,140,0,12,230,124,2325,546,1265,310,7,11
"316","060379104042","Block Group 2, Census Tract 9104.04, Los Angeles County, California",2796,397,0,12,0,12,0,12,0,12,0,12,0,12,0,12,0,12,165,92,28,43,12,24,0,12,0,12,0,12,0,12,0,12,135,100,44,50,0,12,0,12,0,12,0,12,0,12,0,12,2963,412,525,214,2973,415,14,21,182,97,141,84,0,12,2973,415,145,138,0,12,340,173,359,191,2080,393,0,12
"317","060379104041","Block Group 1, Census Tract 9104.04, Los Angeles County, California",1211,304,0,12,0,12,0,12,0,12,0,12,0,12,0,12,0,12,40,38,0,12,0,12,0,12,0,12,0,12,0,12,0,12,0,12,0,12,0,12,0,12,0,12,0,12,0,12,0,12,1311,336,139,104,1311,336,0,12,64,61,32,39,0,12,1311,336,56,86,0,12,92,136,201,128,916,333,0,12
"318","060374083031","Block Group 1, Census Tract 4083.03, Los Angeles County, California",4016,314,0,12,0,12,0,12,0,12,2,9,0,12,0,12,0,12,115,90,0,12,0,12,0,12,238,225,19,35,0,12,0,12,101,92,59,53,0,12,0,12,38,54,20,36,0,12,0,12,4162,319,139,130,4183,317,33,39,146,76,199,88,0,12,4183,317,745,255,0,12,51,64,565,215,2822,425,0,12
"319","060374086231","Block Group 1, Census Tract 4086.23, Los Angeles County, California",3132,238,0,12,0,12,0,12,0,12,23,32,0,12,0,12,0,12,15,12,0,12,0,12,0,12,250,79,59,55,0,12,0,12,35,33,19,29,0,12,0,12,121,55,82,51,0,12,0,12,3268,262,258,122,3268,262,15,19,110,63,126,72,22,26,3268,262,1558,219,0,12,87,93,525,243,1003,208,0,12
"320","060374086253","Block Group 3, Census Tract 4086.25, Los Angeles County, California",1417,313,0,12,0,12,0,12,0,12,11,17,0,12,0,12,0,12,0,12,0,12,0,12,0,12,51,47,13,20,0,12,0,12,0,12,0,12,0,12,0,12,4,14,30,46,0,12,0,12,1450,323,59,73,1458,331,19,23,24,39,58,49,0,12,1458,331,798,283,0,12,0,12,343,143,291,157,14,23
"321","060374086251","Block Group 1, Census Tract 4086.25, Los Angeles County, California",1254,255,0,12,0,12,0,12,0,12,0,12,0,12,0,12,0,12,21,37,0,12,0,12,0,12,33,52,0,12,0,12,0,12,7,12,0,12,0,12,0,12,47,48,29,39,0,12,0,12,1375,286,202,213,1375,286,0,12,9,13,49,48,0,12,1375,286,762,260,0,12,0,12,186,92,414,233,0,12
"322","060374086252","Block Group 2, Census Tract 4086.25, Los Angeles County, California",1243,332,0,12,0,12,0,12,0,12,0,12,0,12,0,12,0,12,0,12,0,12,0,12,0,12,28,41,30,47,0,12,0,12,0,12,0,12,0,12,0,12,0,12,11,18,0,12,0,12,1381,351,86,103,1350,327,20,30,0,12,67,62,0,12,1381,351,641,224,0,12,0,12,92,53,638,304,0,12
"323","060374301022","Block Group 2, Census Tract 4301.02, Los Angeles County, California",1605,485,0,12,0,12,0,12,0,12,0,12,0,12,0,12,0,12,217,105,51,65,0,12,0,12,61,90,0,12,0,12,0,12,22,27,85,76,0,12,0,12,0,12,9,16,0,12,0,12,1659,518,72,62,1659,518,29,43,61,59,93,76,0,12,1659,518,160,182,0,12,19,30,162,100,1238,488,80,123
"324","060374301021","Block Group 1, Census Tract 4301.02, Los Angeles County, California",1542,420,15,18,0,12,0,12,0,12,0,12,0,12,0,12,0,12,121,91,58,65,0,12,0,12,26,37,0,12,0,12,0,12,79,62,58,71,0,12,0,12,11,17,0,12,0,12,11,17,1595,433,128,69,1595,433,6,9,104,90,69,51,0,12,1595,433,140,132,0,12,14,20,92,82,1338,422,0,12
"325","060374307014","Block Group 4, Census Tract 4307.01, Los Angeles County, California",1130,328,0,12,0,12,0,12,0,12,35,47,0,12,0,12,0,12,0,12,0,12,0,12,0,12,37,59,0,12,0,12,0,12,0,12,0,12,0,12,0,12,0,12,38,61,0,12,0,12,1234,363,139,195,1234,363,0,12,17,27,19,28,0,12,1234,363,643,277,0,12,0,12,569,278,22,36,0,12
"326","060373021042","Block Group 2, Census Tract 3021.04, Los Angeles County, California",1395,329,0,12,0,12,0,12,0,12,0,12,0,12,0,12,0,12,0,12,0,12,96,80,0,12,69,67,0,12,0,12,0,12,10,18,0,12,35,53,0,12,0,12,0,12,0,12,0,12,1502,382,93,82,1502,382,0,12,49,46,126,58,23,37,1502,382,622,367,0,12,72,70,620,205,181,104,0,12
"327","060374807033","Block Group 3, Census Tract 4807.03, Los Angeles County, California",1842,255,0,12,0,12,0,12,0,12,0,12,0,12,0,12,0,12,0,12,0,12,0,12,0,12,24,24,0,12,0,12,0,12,0,12,0,12,0,12,0,12,22,30,15,21,0,12,0,12,1945,269,67,51,1945,269,0,12,0,12,9,16,28,44,1945,269,786,158,0,12,0,12,972,217,162,81,0,12
"328","060374807032","Block Group 2, Census Tract 4807.03, Los Angeles County, California",477,127,0,12,0,12,0,12,0,12,0,12,0,12,0,12,0,12,0,12,0,12,0,12,0,12,36,41,0,12,0,12,0,12,0,12,0,12,0,12,0,12,21,25,0,12,0,12,0,12,527,140,41,32,527,140,12,18,0,12,23,27,0,12,527,140,213,122,0,12,24,37,175,72,103,78,0,12
"329","060374809022","Block Group 2, Census Tract 4809.02, Los Angeles County, California",1059,267,0,12,0,12,0,12,0,12,65,52,0,12,0,12,0,12,12,19,0,12,0,12,0,12,106,59,132,70,0,12,0,12,23,32,0,12,0,12,0,12,31,35,34,27,0,12,0,12,1089,278,219,124,1089,278,7,11,23,27,44,32,0,12,1089,278,606,198,0,12,8,13,38,33,436,213,0,12
"330","060374809031","Block Group 1, Census Tract 4809.03, Los Angeles County, California",3025,237,0,12,0,12,0,12,0,12,59,43,0,12,0,12,0,12,25,20,0,12,0,12,0,12,464,159,162,102,0,12,0,12,33,29,31,42,9,20,0,12,104,42,195,102,0,12,0,12,3156,218,660,296,3156,218,39,44,107,70,170,124,66,76,3248,230,2092,389,0,12,28,28,195,83,855,263,6,9
"331","060374810021","Block Group 1, Census Tract 4810.02, Los Angeles County, California",1459,426,0,12,0,12,0,12,0,12,0,12,0,12,0,12,0,12,8,17,0,12,0,12,0,12,65,73,0,12,0,12,0,12,32,35,0,12,0,12,0,12,65,52,24,43,0,12,0,12,1549,461,15,20,1549,461,0,12,0,12,0,12,0,12,1549,461,899,326,0,12,0,12,185,109,465,246,0,12
"332","060374810022","Block Group 2, Census Tract 4810.02, Los Angeles County, California",2757,598,0,12,0,12,0,12,0,12,0,12,0,12,0,12,0,12,152,220,0,12,0,12,0,12,258,125,64,85,0,12,0,12,0,12,0,12,0,12,0,12,66,73,75,104,0,12,18,32,3039,676,583,545,3039,676,0,12,189,123,210,234,18,32,3039,676,1305,360,28,46,14,24,331,218,1342,630,0,12
"333","060374811022","Block Group 2, Census Tract 4811.02, Los Angeles County, California",645,273,8,13,0,12,0,12,0,12,0,12,0,12,0,12,0,12,9,13,0,12,0,12,0,12,114,94,10,16,0,12,0,12,20,29,0,12,0,12,0,12,66,78,78,98,0,12,0,12,765,369,172,126,765,369,0,12,0,12,97,62,0,12,765,369,630,368,0,12,0,12,20,23,115,83,0,12
"334","060374812021","Block Group 1, Census Tract 4812.02, Los Angeles County, California",3176,425,0,12,0,12,0,12,0,12,0,12,0,12,0,12,0,12,139,94,67,64,0,12,0,12,299,122,80,57,0,12,0,12,32,30,0,12,0,12,0,12,111,82,19,22,0,12,0,12,3302,446,385,183,3309,446,0,12,73,54,192,149,0,12,3309,446,1989,405,0,12,7,56,139,86,1156,371,0,12
"335","060374812022","Block Group 2, Census Tract 4812.02, Los Angeles County, California",1863,486,0,12,0,12,0,12,0,12,11,17,0,12,0,12,0,12,63,48,9,14,0,12,0,12,253,312,59,90,0,12,0,12,42,44,0,12,0,12,0,12,36,25,61,53,0,12,0,12,1979,514,234,222,1988,517,0,12,100,79,50,46,0,12,1988,517,1025,462,0,12,0,12,249,121,633,313,0,12
"336","060374818003","Block Group 3, Census Tract 4818, Los Angeles County, California",624,130,0,12,0,12,0,12,0,12,0,12,0,12,0,12,0,12,0,12,0,12,0,12,0,12,31,28,12,15,0,12,0,12,18,28,0,12,0,12,0,12,30,24,0,12,0,12,0,12,648,136,45,40,655,138,0,12,0,12,21,16,0,12,655,138,324,103,0,12,0,12,74,35,245,114,0,12
"337","060374818002","Block Group 2, Census Tract 4818, Los Angeles County, California",1265,144,0,12,0,12,0,12,0,12,0,12,0,12,0,12,0,12,0,12,0,12,0,12,0,12,91,48,7,9,0,12,0,12,0,12,0,12,0,12,0,12,32,22,73,63,0,12,0,12,1315,156,75,65,1315,156,0,12,6,9,33,25,0,12,1315,156,931,156,0,12,6,9,176,85,153,77,0,12
"338","060374820022","Block Group 2, Census Tract 4820.02, Los Angeles County, California",3104,397,0,12,0,12,0,12,0,12,0,12,0,12,0,12,0,12,138,171,47,76,0,12,0,12,106,84,64,63,0,12,0,12,48,59,0,12,0,12,0,12,51,40,12,20,0,12,0,12,3312,366,551,373,3312,366,96,135,127,119,179,136,0,12,3320,367,1451,396,0,12,0,12,75,84,1758,369,0,12
"339","060374820023","Block Group 3, Census Tract 4820.02, Los Angeles County, California",1225,351,0,12,0,12,0,12,0,12,0,12,0,12,0,12,0,12,0,12,0,12,0,12,0,12,60,69,0,12,0,12,0,12,0,12,0,12,0,12,0,12,117,100,59,73,0,12,0,12,1225,351,16,28,1225,351,0,12,114,85,0,12,0,12,1225,351,1012,348,0,12,97,106,58,61,46,46,0,12
"340","060374820024","Block Group 4, Census Tract 4820.02, Los Angeles County, California",1034,331,0,12,0,12,0,12,0,12,0,12,0,12,0,12,0,12,0,12,0,12,0,12,0,12,50,84,0,12,0,12,0,12,19,26,0,12,0,12,0,12,79,103,0,12,0,12,0,12,1054,335,50,58,1054,335,0,12,0,12,92,132,0,12,1054,335,815,357,12,21,0,12,101,72,126,123,0,12
"341","060379005042","Block Group 2, Census Tract 9005.04, Los Angeles County, California",5270,503,0,17,1,3,0,17,0,17,0,17,0,17,0,17,0,17,56,36,65,50,0,17,0,17,0,17,0,17,0,17,0,17,0,17,64,79,0,17,0,17,0,17,7,12,0,17,0,17,5750,548,675,320,5788,552,19,29,154,98,120,69,0,17,5793,552,357,79,0,17,1004,246,1232,242,3141,377,0,17
"342","060371345201","Block Group 1, Census Tract 1345.20, Los Angeles County, California",3437,382,30,35,0,12,0,12,0,12,0,12,0,12,0,12,0,12,396,116,12,19,45,54,0,12,0,12,0,12,12,18,9,14,56,54,23,37,47,32,37,42,40,39,0,12,0,12,0,12,3714,421,618,280,3714,421,42,57,328,113,276,124,0,12,3714,421,540,258,3,7,152,131,524,139,2446,437,0,12
"343","060371351113","Block Group 3, Census Tract 1351.11, Los Angeles County, California",798,166,0,12,0,12,0,12,0,12,0,12,0,12,0,12,0,12,0,12,0,12,8,14,0,12,0,12,0,12,0,12,0,12,0,12,0,12,0,12,0,12,0,12,0,12,0,12,0,12,992,267,41,52,992,267,0,12,0,12,17,20,0,12,992,267,550,279,0,12,12,19,314,120,92,70,0,12
"344","060371351112","Block Group 2, Census Tract 1351.11, Los Angeles County, California",959,267,0,12,0,12,0,12,0,12,0,12,0,12,0,12,0,12,0,12,0,12,0,12,14,22,0,12,0,12,0,12,0,12,0,12,0,12,0,12,0,12,0,12,0,12,0,12,0,12,1025,298,49,47,1025,298,0,12,10,16,7,12,0,12,1025,298,120,89,0,12,17,31,657,167,178,235,0,12
"345","060372714003","Block Group 3, Census Tract 2714, Los Angeles County, California",1628,340,0,12,0,12,0,12,0,12,0,12,0,12,0,12,0,12,0,12,0,12,0,12,0,12,0,12,0,12,0,12,0,12,0,12,0,12,0,12,0,12,0,12,0,12,0,12,0,12,1698,347,21,33,1698,347,0,12,13,21,0,12,14,23,1698,347,213,97,0,12,0,12,1332,341,34,40,0,12
"346","060372714001","Block Group 1, Census Tract 2714, Los Angeles County, California",517,186,0,12,0,12,0,12,0,12,0,12,0,12,0,12,0,12,0,12,0,12,0,12,0,12,0,12,0,12,0,12,0,12,0,12,0,12,0,12,0,12,0,12,0,12,0,12,0,12,580,232,0,12,580,232,0,12,0,12,0,12,0,12,580,232,48,48,0,12,0,12,297,120,177,167,0,12
"347","060372717012","Block Group 2, Census Tract 2717.01, Los Angeles County, California",757,177,0,12,0,12,0,12,0,12,0,12,0,12,0,12,0,12,0,12,0,12,0,12,0,12,0,12,0,12,0,12,0,12,0,12,0,12,0,12,0,12,19,30,0,12,0,12,0,12,774,189,50,56,795,195,16,26,14,22,0,12,0,12,795,195,198,108,0,12,0,12,461,195,136,85,0,12
"348","060372717014","Block Group 4, Census Tract 2717.01, Los Angeles County, California",1437,245,0,12,0,12,0,12,0,12,0,12,0,12,0,12,0,12,52,50,53,68,17,26,0,12,0,12,0,12,0,12,0,12,0,12,0,12,0,12,0,12,0,12,0,12,0,12,0,12,1480,251,189,118,1480,251,0,12,97,70,69,70,0,12,1480,251,370,126,31,52,294,201,462,158,224,134,21,33
"349","060372717011","Block Group 1, Census Tract 2717.01, Los Angeles County, California",852,277,0,12,0,12,0,12,0,12,0,12,0,12,0,12,0,12,0,12,0,12,0,12,0,12,0,12,0,12,0,12,0,12,0,12,0,12,0,12,0,12,0,12,0,12,0,12,0,12,956,393,88,95,956,393,0,12,27,44,1,2,0,12,967,393,170,104,0,12,49,70,717,371,30,47,0,12
"350","060373005023","Block Group 3, Census Tract 3005.02, Los Angeles County, California",1861,391,0,12,0,12,0,12,0,12,0,12,0,12,0,12,0,12,11,63,0,12,0,12,0,12,173,175,0,12,0,12,0,12,0,12,1,3,28,45,17,26,0,12,0,12,0,12,17,27,1916,402,49,51,1916,402,92,134,56,89,124,136,1,3,1916,402,548,388,0,12,1,2,878,274,420,256,0,12
"351","060373010004","Block Group 4, Census Tract 3010, Los Angeles County, California",1388,354,0,12,0,12,0,12,0,12,0,12,0,12,0,12,0,12,0,12,0,12,0,12,0,12,0,12,0,12,0,12,0,12,0,12,0,12,53,47,52,81,0,12,0,12,0,12,0,12,1481,377,131,98,1481,377,0,12,12,18,80,69,0,12,1481,377,124,73,7,12,76,121,870,249,177,108,0,12
"352","060373010001","Block Group 1, Census Tract 3010, Los Angeles County, California",877,247,0,12,0,12,0,12,0,12,0,12,0,12,0,12,0,12,1,14,0,12,0,12,0,12,0,12,0,12,0,12,0,12,0,12,0,12,0,12,0,12,0,12,0,12,0,12,0,12,1056,358,365,313,1056,358,0,12,0,12,9,15,0,12,1056,358,211,259,0,12,10,13,643,263,163,86,0,12
"353","060373016023","Block Group 3, Census Tract 3016.02, Los Angeles County, California",1215,331,0,12,0,12,0,12,0,12,0,12,0,12,0,12,0,12,0,12,0,12,0,12,0,12,49,51,0,12,0,12,0,12,12,21,0,12,32,47,0,12,0,12,0,12,0,12,0,12,1314,361,12,21,1314,361,0,12,92,84,71,57,0,12,1314,361,158,89,0,12,7,11,419,179,683,322,0,12
"354","060373112001","Block Group 1, Census Tract 3112, Los Angeles County, California",801,177,1,2,0,12,0,12,0,12,0,12,0,12,0,12,0,12,8,14,0,12,8,12,0,12,0,12,0,12,0,12,0,12,0,12,0,12,0,12,0,12,0,12,0,12,0,12,0,12,864,191,39,38,864,191,0,12,0,12,21,32,0,12,869,191,52,42,0,12,83,110,549,157,147,86,0,12
"355","060373112003","Block Group 3, Census Tract 3112, Los Angeles County, California",1306,224,0,12,0,12,0,12,0,12,0,12,0,12,0,12,0,12,0,12,0,12,28,44,0,12,0,12,0,12,0,12,0,12,0,12,0,12,0,12,0,12,0,12,0,12,0,12,0,12,1348,248,60,54,1348,248,0,12,13,22,21,22,0,12,1348,248,16,27,0,12,0,12,742,171,452,142,0,12
"356","060374008001","Block Group 1, Census Tract 4008, Los Angeles County, California",6785,434,0,17,0,17,0,17,0,17,7,10,0,17,0,17,0,17,6,8,0,17,7,14,0,17,58,40,17,24,0,17,0,17,6,9,6,11,0,17,0,17,9,10,0,17,0,17,0,17,3120,294,445,249,6967,453,22,20,156,62,54,51,0,17,6967,453,1562,242,21,24,337,131,3317,312,1461,251,9,16
"357","060374017043","Block Group 3, Census Tract 4017.04, Los Angeles County, California",2150,431,0,12,0,12,0,12,0,12,0,12,0,12,0,12,0,12,89,66,23,37,0,12,0,12,54,46,16,25,0,12,0,12,7,12,52,54,0,12,0,12,26,29,0,12,0,12,0,12,2170,450,231,99,2198,460,30,38,79,59,59,74,0,12,2249,463,675,316,0,12,100,61,742,181,699,327,11,17
"358","060374617002","Block Group 2, Census Tract 4617, Los Angeles County, California",836,126,0,12,0,12,0,12,0,12,0,12,0,12,0,12,0,12,0,12,0,12,0,12,0,12,0,12,0,12,0,12,0,12,19,29,0,12,0,12,0,12,0,12,0,12,0,12,0,12,905,127,28,24,921,140,0,12,0,12,0,12,0,12,921,140,92,57,0,12,51,57,672,123,86,60,0,12
"359","060374801013","Block Group 3, Census Tract 4801.01, Los Angeles County, California",1112,307,0,12,0,12,0,12,0,12,10,18,0,12,0,12,0,12,0,12,0,12,0,12,0,12,112,96,32,36,0,12,0,12,0,12,0,12,0,12,0,12,63,41,55,54,0,12,0,12,1217,341,166,208,1217,341,0,12,9,15,43,64,0,12,1217,341,1015,345,0,12,0,12,125,77,26,49,15,23
"360","060374801011","Block Group 1, Census Tract 4801.01, Los Angeles County, California",1636,292,0,12,0,12,0,12,0,12,38,43,0,12,0,12,0,12,0,12,0,12,0,12,0,12,114,55,40,45,0,12,0,12,10,20,0,12,8,12,0,12,98,60,59,69,0,12,0,12,1776,300,202,152,1776,300,0,12,0,12,67,68,0,12,1776,300,1273,306,0,12,0,12,189,148,241,177,0,12
"361","060374808021","Block Group 1, Census Tract 4808.02, Los Angeles County, California",500,192,0,12,0,12,0,12,0,12,0,12,0,12,0,12,0,12,35,56,0,12,0,12,0,12,67,44,2,10,0,12,0,12,0,12,33,45,0,12,0,12,35,36,70,67,0,12,0,12,461,185,76,60,461,185,0,12,12,18,0,12,0,12,500,192,355,163,3,6,5,8,11,16,118,150,0,12
"362","060374808022","Block Group 2, Census Tract 4808.02, Los Angeles County, California",2478,241,0,12,0,12,0,12,0,12,0,12,0,12,0,12,0,12,30,27,0,12,0,12,0,12,67,55,86,68,0,12,0,12,97,75,21,23,0,12,0,12,53,58,69,65,0,12,0,12,2651,284,209,130,2662,287,15,22,43,41,49,44,38,57,2662,287,818,174,0,12,0,12,179,82,1565,201,0,12
"363","060372133102","Block Group 2, Census Tract 2133.10, Los Angeles County, California",1521,393,11,18,0,12,0,12,0,12,0,12,0,12,0,12,0,12,234,141,265,207,0,12,0,12,36,35,0,12,0,12,0,12,42,60,14,22,0,12,0,12,38,39,0,12,0,12,0,12,1691,462,349,204,1691,462,0,12,346,197,240,116,0,12,1691,462,288,193,0,12,0,12,0,12,1380,444,23,35
"364","060372133101","Block Group 1, Census Tract 2133.10, Los Angeles County, California",1313,329,0,12,0,12,0,12,0,12,0,12,0,12,0,12,0,12,148,106,22,35,0,12,0,12,114,99,69,60,0,12,0,12,0,12,24,32,0,12,0,12,77,74,48,50,0,12,0,12,1324,332,254,183,1324,332,20,26,165,134,158,109,0,12,1324,332,636,248,0,12,67,65,61,66,560,321,0,12
"365","060372140001","Block Group 1, Census Tract 2140, Los Angeles County, California",880,226,0,12,0,12,0,12,0,12,0,12,0,12,0,12,0,12,0,12,0,12,0,12,0,12,0,12,0,12,0,12,0,12,0,12,0,12,0,12,0,12,0,12,0,12,0,12,0,12,999,253,10,16,999,253,0,12,10,17,0,12,0,12,999,253,10,17,0,12,0,12,896,262,93,100,0,12
"366","060372140003","Block Group 3, Census Tract 2140, Los Angeles County, California",1067,232,0,12,0,12,0,12,0,12,0,12,0,12,0,12,0,12,14,21,0,12,0,12,0,12,0,12,0,12,0,12,0,12,0,12,0,12,0,12,0,12,0,12,0,12,0,12,0,12,1134,261,48,31,1134,261,0,12,44,72,14,21,0,12,1134,261,2,5,0,12,3,4,1050,270,55,35,0,12
"367","060372140002","Block Group 2, Census Tract 2140, Los Angeles County, California",1184,466,0,12,0,12,162,244,0,12,0,12,0,12,0,12,0,12,0,12,0,12,71,114,0,12,0,12,0,12,0,12,0,12,0,12,0,12,0,12,0,12,0,12,0,12,0,12,0,12,1303,478,0,12,1303,478,0,12,0,12,11,18,14,21,1303,478,120,108,0,12,0,12,1001,454,80,79,0,12
"368","060372140004","Block Group 4, Census Tract 2140, Los Angeles County, California",766,173,0,12,0,12,0,12,0,12,0,12,0,12,0,12,0,12,11,16,14,22,0,12,0,12,0,12,0,12,0,12,0,12,12,18,0,12,0,12,0,12,0,12,0,12,0,12,0,12,841,193,48,38,841,193,0,12,0,12,0,12,0,12,841,193,0,12,0,12,12,20,729,219,85,70,0,12
"369","060377031002","Block Group 2, Census Tract 7031, Los Angeles County, California",905,369,0,12,0,12,0,12,0,12,0,12,0,12,0,12,0,12,0,12,0,12,0,12,0,12,0,12,0,12,0,12,0,12,0,12,0,12,0,12,0,12,0,12,0,12,0,12,0,12,916,374,27,29,916,374,0,12,0,12,0,12,0,12,916,374,0,12,0,12,731,332,82,71,74,76,0,12
"370","060377031003","Block Group 3, Census Tract 7031, Los Angeles County, California",1646,515,0,12,0,12,0,12,0,12,0,12,0,12,0,12,0,12,0,12,0,12,0,12,0,12,0,12,0,12,0,12,0,12,0,12,0,12,0,12,0,12,0,12,0,12,0,12,0,12,1646,515,63,63,1646,515,0,12,0,12,3,7,0,12,1646,515,64,73,0,12,1134,411,200,118,184,200,0,12
"371","060377031004","Block Group 4, Census Tract 7031, Los Angeles County, California",887,316,0,12,0,12,0,12,0,12,0,12,0,12,0,12,0,12,13,28,0,12,0,12,0,12,0,12,0,12,0,12,0,12,0,12,0,12,0,12,0,12,0,12,0,12,0,12,0,12,909,321,96,109,909,321,0,12,0,12,92,80,0,12,909,321,0,12,0,12,634,224,9,17,178,208,0,12
"372","060377031006","Block Group 6, Census Tract 7031, Los Angeles County, California",1148,444,0,12,0,12,0,12,0,12,0,12,0,12,0,12,0,12,0,12,0,12,0,12,0,12,0,12,0,12,0,12,0,12,0,12,0,12,0,12,0,12,0,12,0,12,0,12,0,12,1292,493,258,245,1235,486,0,12,16,27,0,12,10,19,1292,493,0,12,0,12,948,411,41,50,64,92,82,95
"373","060377031005","Block Group 5, Census Tract 7031, Los Angeles County, California",758,281,0,12,0,12,0,12,0,12,0,12,0,12,0,12,0,12,0,12,0,12,0,12,0,12,0,12,0,12,0,12,0,12,0,12,0,12,0,12,0,12,1,2,0,12,0,12,0,12,725,272,128,134,749,282,0,12,24,38,0,12,0,12,758,281,55,68,0,12,599,294,65,58,0,12,0,12
"374","060379108071","Block Group 1, Census Tract 9108.07, Los Angeles County, California",3420,381,0,12,0,12,0,12,0,12,0,12,0,12,0,12,0,12,9,14,0,12,0,12,0,12,0,12,0,12,26,33,28,35,43,45,0,12,0,12,0,12,14,21,0,12,0,12,0,12,3602,418,218,145,3639,421,9,14,46,44,56,40,0,12,3639,421,216,106,0,12,167,134,1833,259,1293,327,0,12
"375","060379108072","Block Group 2, Census Tract 9108.07, Los Angeles County, California",2555,333,0,12,0,12,0,12,0,12,0,12,0,12,0,12,0,12,30,30,0,12,0,12,0,12,6,10,0,12,0,12,0,12,11,20,0,12,0,12,0,12,45,40,0,12,0,12,0,12,2778,378,121,131,2785,378,37,30,16,19,6,10,0,12,2785,378,298,149,0,12,135,126,1329,277,991,343,0,12
"376","060376008013","Block Group 3, Census Tract 6008.01, Los Angeles County, California",455,247,0,12,0,12,0,12,0,12,0,12,0,12,0,12,0,12,21,34,0,12,0,12,0,12,0,12,0,12,0,12,0,12,0,12,0,12,0,12,0,12,0,12,0,12,0,12,0,12,465,252,44,85,465,252,0,12,0,12,8,16,0,12,465,252,0,12,0,12,390,245,7,11,68,98,0,12
"377","060376009122","Block Group 2, Census Tract 6009.12, Los Angeles County, California",2058,441,0,12,0,12,0,12,0,12,0,12,0,12,0,12,0,12,362,149,83,90,0,12,0,12,0,12,0,12,0,12,0,12,71,53,7,11,0,12,0,12,0,12,0,12,0,12,0,12,2264,483,436,356,2264,483,34,36,101,75,214,117,0,12,2264,483,0,12,0,12,319,230,90,53,1855,480,0,12
"378","060376009123","Block Group 3, Census Tract 6009.12, Los Angeles County, California",1000,421,0,12,10,15,0,12,0,12,0,12,0,12,0,12,0,12,188,220,35,33,0,12,0,12,0,12,0,12,0,12,0,12,79,89,21,19,0,12,0,12,0,12,0,12,0,12,0,12,1014,403,111,100,1035,426,7,10,6,10,64,57,34,34,1035,426,31,49,0,12,136,120,72,59,796,417,0,12
"379","060376014024","Block Group 4, Census Tract 6014.02, Los Angeles County, California",1199,322,0,12,0,12,0,12,0,12,0,12,0,12,0,12,0,12,194,104,0,12,9,13,0,12,0,12,0,12,0,12,0,12,83,66,12,20,0,12,0,12,0,12,0,12,0,12,0,12,1235,341,218,174,1235,341,18,28,55,48,72,52,34,42,1235,341,0,12,0,12,0,12,70,41,1148,345,0,12
"380","060376014023","Block Group 3, Census Tract 6014.02, Los Angeles County, California",630,189,0,12,0,12,0,12,0,12,0,12,0,12,0,12,0,12,20,23,37,34,0,12,0,12,0,12,0,12,0,12,0,12,59,44,0,12,0,12,0,12,0,12,0,12,0,12,0,12,736,252,0,12,736,252,0,12,48,53,19,20,0,12,736,252,9,12,0,12,14,20,19,31,694,249,0,12
"381","060376015021","Block Group 1, Census Tract 6015.02, Los Angeles County, California",2017,341,13,14,6,10,0,12,0,12,0,12,0,12,0,12,0,12,250,89,103,70,0,12,0,12,0,12,0,12,0,12,0,12,12,17,36,27,0,12,0,12,0,12,0,12,0,12,0,12,2327,404,675,340,2327,404,21,32,186,80,40,39,0,12,2327,404,117,177,0,12,31,31,29,27,2150,403,0,12
"382","060376015022","Block Group 2, Census Tract 6015.02, Los Angeles County, California",1675,450,35,38,0,12,0,12,0,12,0,12,0,12,0,12,0,12,197,95,205,107,0,12,0,12,0,12,0,12,0,12,0,12,0,12,52,52,0,12,0,12,0,12,0,12,0,12,0,12,1732,468,294,235,1732,468,133,134,146,74,229,128,0,12,1732,468,0,12,0,12,0,12,76,120,1656,474,0,12
"383","060376021033","Block Group 3, Census Tract 6021.03, Los Angeles County, California",2483,753,0,12,0,12,0,12,0,12,0,12,0,12,0,12,0,12,259,204,0,12,0,12,0,12,0,12,0,12,0,12,0,12,34,49,68,75,0,12,0,12,0,12,0,12,0,12,0,12,2694,857,683,598,2694,857,0,12,180,165,121,109,22,34,2694,857,73,103,0,12,586,389,17,16,1877,780,0,12
"384","060375015041","Block Group 1, Census Tract 5015.04, Los Angeles County, California",1142,207,10,17,0,12,0,12,0,12,0,12,0,12,0,12,0,12,6,11,0,12,0,12,0,12,0,12,0,12,0,12,0,12,30,30,19,29,0,12,0,12,42,31,35,35,0,12,0,12,1169,216,310,139,1169,216,0,12,20,27,0,12,0,12,1169,216,160,86,0,12,31,70,220,86,710,194,13,20
"385","060374023011","Block Group 1, Census Tract 4023.01, Los Angeles County, California",2413,416,0,12,0,12,0,12,0,12,0,12,0,12,0,12,0,12,164,86,94,117,0,12,0,12,13,16,0,12,0,12,0,12,6,9,0,12,0,12,0,12,18,25,0,12,0,12,0,12,2516,392,402,245,2570,434,32,49,98,63,207,113,0,12,2586,433,237,157,0,12,54,52,215,114,2041,458,18,31
"386","060374023012","Block Group 2, Census Tract 4023.01, Los Angeles County, California",2483,402,19,31,0,12,0,12,0,12,0,12,0,12,0,12,0,12,228,103,133,111,0,12,0,12,12,18,0,12,0,12,0,12,16,20,8,14,0,12,0,12,17,25,0,12,0,12,0,12,2844,486,521,275,2844,486,29,37,316,197,217,116,0,12,2878,482,272,181,2,4,75,57,198,92,2264,526,0,12
"387","060374024031","Block Group 1, Census Tract 4024.03, Los Angeles County, California",930,307,23,36,0,12,0,12,0,12,0,12,0,12,0,12,0,12,90,101,136,80,0,12,0,12,0,12,32,50,0,12,0,12,0,12,24,37,0,12,0,12,10,17,0,12,0,12,0,12,992,333,21,28,992,333,21,29,80,79,40,35,10,17,992,333,26,35,0,12,0,12,0,12,881,289,0,12
"388","060374024032","Block Group 2, Census Tract 4024.03, Los Angeles County, California",3928,465,0,12,0,12,0,12,0,12,0,12,0,12,0,12,0,12,172,111,21,26,10,18,0,12,66,75,7,13,9,15,0,12,12,14,94,79,3,7,0,12,19,26,17,25,0,12,0,12,2761,443,154,87,4232,492,11,16,137,69,133,116,0,12,4239,493,814,226,10,13,218,92,863,161,2175,497,0,12
"389","060371343023","Block Group 3, Census Tract 1343.02, Los Angeles County, California",1311,420,0,12,0,12,0,12,0,12,0,12,0,12,0,12,0,12,7,15,0,12,0,12,0,12,13,20,0,12,0,12,0,12,0,12,0,12,10,16,0,12,13,19,12,21,0,12,0,12,1373,436,128,74,1385,440,0,12,0,12,25,28,0,12,1385,440,298,153,0,12,69,92,800,281,206,146,0,12
"390","060371343022","Block Group 2, Census Tract 1343.02, Los Angeles County, California",1677,335,0,12,0,12,0,12,0,12,0,12,0,12,0,12,0,12,146,141,0,12,0,12,0,12,41,44,119,161,0,12,0,12,0,12,0,12,9,15,0,12,11,17,16,25,9,17,0,12,1739,356,128,162,1739,356,37,45,113,91,129,104,10,16,1739,356,485,347,0,12,0,12,555,186,613,308,0,12
"391","060371343021","Block Group 1, Census Tract 1343.02, Los Angeles County, California",878,258,0,12,0,12,0,12,0,12,0,12,0,12,0,12,0,12,44,58,0,12,0,12,0,12,38,56,0,12,0,12,0,12,0,12,0,12,19,31,0,12,0,12,0,12,0,12,0,12,988,297,295,259,988,297,0,12,0,12,66,57,0,12,988,297,67,54,0,12,0,12,504,219,417,200,0,12
"392","060371343032","Block Group 2, Census Tract 1343.03, Los Angeles County, California",1002,329,0,12,0,12,0,12,0,12,0,12,0,12,0,12,0,12,7,11,9,14,0,12,0,12,44,66,0,12,0,12,0,12,4,12,7,12,0,12,0,12,0,12,0,12,0,12,0,12,1030,331,46,47,1030,331,0,12,35,55,64,57,0,12,1030,331,110,98,0,12,76,97,602,287,242,175,0,12
"393","060371343031","Block Group 1, Census Tract 1343.03, Los Angeles County, California",1293,464,0,12,0,12,0,12,0,12,0,12,0,12,0,12,0,12,168,139,8,14,10,15,0,12,44,68,0,12,20,30,0,12,20,27,0,12,0,12,0,12,0,12,0,12,0,12,0,12,1355,465,103,152,1387,498,0,12,66,99,160,123,0,12,1387,498,106,134,0,12,0,12,164,113,1104,491,0,12
"394","060371343033","Block Group 3, Census Tract 1343.03, Los Angeles County, California",1346,428,0,12,0,12,0,12,0,12,0,12,0,12,0,12,0,12,162,171,0,12,0,12,0,12,13,22,13,22,0,12,0,12,47,57,12,18,0,12,0,12,0,12,0,12,0,12,0,12,1396,462,78,64,1396,462,25,39,32,35,128,140,0,12,1396,462,219,141,0,12,0,12,423,133,610,411,54,80
"395","060371343034","Block Group 4, Census Tract 1343.03, Los Angeles County, California",2071,345,0,12,0,12,29,40,0,12,0,12,0,12,0,12,0,12,0,12,3,7,0,12,0,12,0,12,13,21,0,12,0,12,0,12,0,12,23,26,3,7,24,26,28,29,0,12,0,12,2026,351,314,225,2026,351,12,19,33,32,70,47,0,12,2129,343,443,154,0,12,24,26,1091,225,417,287,0,12
"396","060371973003","Block Group 3, Census Tract 1973, Los Angeles County, California",1561,292,0,12,0,12,0,12,0,12,0,12,0,12,0,12,0,12,56,52,12,19,0,12,0,12,32,37,0,12,0,12,0,12,24,35,30,36,0,12,0,12,22,32,9,16,0,12,0,12,1587,293,197,94,1587,293,0,12,62,59,107,75,0,12,1587,293,194,76,0,12,50,51,832,228,483,207,0,12
"397","060371973002","Block Group 2, Census Tract 1973, Los Angeles County, California",1053,234,0,12,0,12,0,12,0,12,0,12,0,12,0,12,0,12,21,34,33,38,0,12,0,12,8,15,25,27,0,12,0,12,0,12,0,12,0,12,0,12,8,15,0,12,0,12,0,12,1106,258,191,105,1106,258,9,13,117,95,159,99,0,12,1106,258,275,189,0,12,15,24,361,114,446,228,0,12
"398","060371210202","Block Group 2, Census Tract 1210.20, Los Angeles County, California",1867,437,0,12,0,12,0,12,13,22,0,12,0,12,0,12,0,12,114,75,93,72,0,12,18,30,0,12,0,12,0,12,0,12,18,29,24,39,0,12,0,12,44,42,0,12,0,12,0,12,1971,453,434,165,1989,457,0,12,203,153,100,86,0,12,1989,457,227,195,0,12,82,74,405,198,1275,383,0,12
"399","060371220002","Block Group 2, Census Tract 1220, Los Angeles County, California",2478,841,25,32,0,12,0,12,0,12,0,12,0,12,0,12,0,12,92,65,218,228,10,18,11,18,28,42,0,12,0,12,0,12,11,18,0,12,73,83,0,12,0,12,0,12,9,16,8,16,2560,822,417,214,2560,822,51,67,130,97,386,374,0,12,2560,822,235,129,0,12,155,156,762,311,1408,790,0,12
"400","060371220001","Block Group 1, Census Tract 1220, Los Angeles County, California",2200,500,15,24,0,12,0,12,0,12,0,12,0,12,0,12,0,12,40,48,0,12,83,90,0,12,55,55,11,20,0,12,0,12,24,34,0,12,51,60,0,12,11,19,0,12,0,12,0,12,2274,541,27,43,2274,541,0,12,77,64,32,35,0,12,2274,541,194,157,0,12,0,12,1132,414,765,440,0,12
"401","060371230202","Block Group 2, Census Tract 1230.20, Los Angeles County, California",944,304,0,12,0,12,0,12,0,12,0,12,0,12,0,12,0,12,160,90,17,20,0,12,0,12,0,12,0,12,0,12,0,12,33,31,16,25,21,25,0,12,0,12,0,12,0,12,0,12,941,296,160,127,994,321,62,64,17,21,102,79,0,12,994,321,16,17,0,12,46,52,110,72,803,289,0,12
"402","060371230201","Block Group 1, Census Tract 1230.20, Los Angeles County, California",2067,371,0,12,0,12,0,12,0,12,0,12,0,12,0,12,0,12,191,99,39,53,6,10,0,12,14,24,0,12,0,12,0,12,97,62,27,19,0,12,0,12,0,12,0,12,0,12,0,12,2246,438,346,204,2256,439,8,11,99,78,145,71,0,12,2256,439,79,69,0,12,4,7,163,86,1981,461,0,12
"403","060371238001","Block Group 1, Census Tract 1238, Los Angeles County, California",1524,347,0,12,0,12,0,12,0,12,0,12,0,12,0,12,0,12,74,84,0,12,53,56,0,12,0,12,0,12,0,12,0,12,36,53,0,12,0,12,0,12,0,12,0,12,0,12,0,12,1664,401,508,316,1666,400,0,12,10,19,56,70,0,12,1666,400,0,12,0,12,33,40,1071,326,545,288,0,12
"404","060371238003","Block Group 3, Census Tract 1238, Los Angeles County, California",2393,460,34,53,37,57,0,12,0,12,0,12,0,12,0,12,0,12,36,55,0,12,66,66,0,12,0,12,0,12,0,12,0,12,0,12,16,28,59,73,0,12,23,36,0,12,0,12,0,12,2410,466,400,252,2410,466,0,12,79,104,96,79,0,12,2410,466,84,94,0,12,305,242,1334,305,643,348,0,12
"405","060371240004","Block Group 4, Census Tract 1240, Los Angeles County, California",988,411,0,12,0,12,0,12,0,12,0,12,0,12,0,12,0,12,35,65,0,12,0,12,0,12,0,12,0,12,0,12,0,12,0,12,0,12,0,12,0,12,22,37,0,12,0,12,0,12,1025,459,126,130,1025,459,0,12,0,12,18,33,0,12,1025,459,60,78,0,12,0,12,832,417,83,102,0,12
"406","060371240003","Block Group 3, Census Tract 1240, Los Angeles County, California",1406,410,0,12,0,12,0,12,0,12,0,12,0,12,0,12,0,12,0,12,0,12,0,12,0,12,0,12,0,12,0,12,0,12,152,108,0,12,0,12,0,12,0,12,0,12,0,12,0,12,1490,435,175,148,1490,435,0,12,1,2,0,12,0,12,1490,435,55,70,0,12,91,64,753,301,427,134,0,12
"407","060371243003","Block Group 3, Census Tract 1243, Los Angeles County, California",842,229,0,12,0,12,0,12,0,12,0,12,0,12,0,12,0,12,31,40,6,13,10,15,0,12,7,14,0,12,0,12,0,12,2,5,59,49,0,12,0,12,0,12,0,12,0,12,0,12,804,224,125,76,804,224,12,19,35,35,9,17,0,12,851,231,53,74,0,12,20,24,378,150,378,187,0,12
"408","060371243002","Block Group 2, Census Tract 1243, Los Angeles County, California",1309,377,0,12,0,12,0,12,0,12,0,12,0,12,0,12,0,12,85,67,0,12,24,38,0,12,10,18,0,12,0,12,0,12,22,34,42,66,28,35,0,12,0,12,0,12,0,12,0,12,1324,380,318,230,1324,380,0,12,43,46,53,43,0,12,1324,380,102,98,0,12,12,18,375,134,822,351,0,12
"409","060371245002","Block Group 2, Census Tract 1245, Los Angeles County, California",1233,291,0,12,0,12,0,12,0,12,0,12,0,12,0,12,0,12,67,89,0,12,99,110,9,14,10,16,0,12,0,12,0,12,0,12,0,12,21,23,0,12,0,12,0,12,0,12,0,12,1276,301,106,81,1276,301,0,12,35,42,77,62,0,12,1276,301,45,57,0,12,14,21,799,218,346,234,0,12
"410","060371251003","Block Group 3, Census Tract 1251, Los Angeles County, California",557,250,0,12,0,12,0,12,0,12,0,12,0,12,0,12,0,12,0,12,0,12,0,12,0,12,0,12,0,12,0,12,0,12,0,12,98,94,0,12,0,12,0,12,0,12,0,12,0,12,596,268,218,166,596,268,0,12,15,24,74,71,0,12,596,268,5,14,0,12,0,12,364,179,212,171,0,12
"411","060375034021","Block Group 1, Census Tract 5034.02, Los Angeles County, California",2156,310,0,12,0,12,0,12,0,12,0,12,0,12,0,12,0,12,21,24,0,12,0,12,0,12,0,12,0,12,0,12,0,12,9,14,0,12,0,12,0,12,12,19,0,12,0,12,0,12,2256,319,195,193,2256,319,41,49,59,54,23,20,0,12,2256,319,105,80,0,12,0,12,666,173,1475,351,0,12
"412","060375034023","Block Group 3, Census Tract 5034.02, Los Angeles County, California",698,183,0,12,0,12,0,12,0,12,0,12,0,12,0,12,0,12,34,30,0,12,0,12,0,12,0,12,0,12,0,12,0,12,0,12,0,12,0,12,0,12,0,12,0,12,0,12,0,12,723,190,21,20,723,190,0,12,0,12,15,16,0,12,723,190,17,20,0,12,11,14,236,140,454,155,5,8
"413","060375037012","Block Group 2, Census Tract 5037.01, Los Angeles County, California",2277,446,14,24,0,12,0,12,0,12,0,12,0,12,0,12,0,12,190,211,0,12,8,12,8,13,9,14,9,14,0,12,0,12,0,12,0,12,0,12,0,12,3,6,0,12,0,12,0,12,2434,449,126,107,2448,447,10,15,12,16,120,121,17,20,2448,447,116,111,0,12,0,12,1143,299,1189,450,0,12
"414","060375038021","Block Group 1, Census Tract 5038.02, Los Angeles County, California",1401,327,9,14,0,12,0,12,0,12,0,12,0,12,0,12,0,12,7,12,0,12,0,12,0,12,0,12,0,12,0,12,0,12,0,12,0,12,0,12,0,12,28,34,0,12,0,12,0,12,1439,328,118,156,1439,328,0,12,8,13,26,41,0,12,1439,328,503,218,0,12,0,12,421,148,436,253,0,12
"415","060375038022","Block Group 2, Census Tract 5038.02, Los Angeles County, California",1017,278,0,12,0,12,0,12,0,12,0,12,0,12,0,12,0,12,8,12,0,12,0,12,0,12,25,28,0,12,0,12,0,12,0,12,0,12,0,12,0,12,0,12,0,12,0,12,0,12,1070,279,48,35,1080,282,6,11,39,45,52,42,0,12,1080,282,146,98,0,12,69,82,473,146,382,226,0,12
"416","060375301013","Block Group 3, Census Tract 5301.01, Los Angeles County, California",1316,352,11,17,0,12,0,12,0,12,0,12,0,12,0,12,0,12,106,116,29,44,0,12,0,12,0,12,0,12,0,12,0,12,0,12,19,24,22,34,22,33,0,12,0,12,0,12,0,12,1407,374,212,140,1407,374,0,12,85,74,197,145,0,12,1407,374,0,12,0,12,107,159,152,117,1148,351,0,12
"417","060375301014","Block Group 4, Census Tract 5301.01, Los Angeles County, California",464,253,0,12,0,12,0,12,0,12,0,12,0,12,0,12,0,12,37,52,0,12,0,12,0,12,0,12,0,12,0,12,0,12,0,12,8,13,0,12,0,12,0,12,0,12,0,12,0,12,486,258,40,51,486,258,0,12,0,12,0,12,0,12,486,258,9,14,0,12,0,12,8,13,469,257,0,12
"418","060375301012","Block Group 2, Census Tract 5301.01, Los Angeles County, California",1369,325,11,18,0,12,0,12,0,12,0,12,0,12,0,12,0,12,22,34,0,12,28,45,0,12,0,12,0,12,0,12,0,12,30,46,0,12,24,37,0,12,101,81,148,102,0,12,0,12,1480,363,402,239,1480,363,0,12,69,87,74,81,0,12,1480,363,260,95,0,12,78,69,102,98,866,361,0,12
"419","060375305001","Block Group 1, Census Tract 5305, Los Angeles County, California",1127,292,0,12,0,12,0,12,0,12,0,12,0,12,0,12,0,12,177,95,47,45,0,12,0,12,0,12,0,12,0,12,0,12,23,34,43,52,0,12,0,12,0,12,0,12,0,12,0,12,1180,304,111,101,1180,304,0,12,21,27,62,56,0,12,1180,304,57,85,0,12,0,12,64,76,1059,281,0,12
"420","060375305002","Block Group 2, Census Tract 5305, Los Angeles County, California",533,231,0,12,0,12,0,12,0,12,0,12,0,12,0,12,0,12,33,39,83,73,0,12,0,12,0,12,0,12,0,12,0,12,38,32,19,23,0,12,0,12,0,12,0,12,0,12,0,12,567,238,155,120,567,238,26,40,0,12,45,71,18,29,567,238,0,12,0,12,0,12,21,33,546,242,0,12
"421","060375305003","Block Group 3, Census Tract 5305, Los Angeles County, California",1218,314,0,12,0,12,0,12,0,12,0,12,0,12,0,12,0,12,141,112,16,27,0,12,0,12,0,12,0,12,0,12,0,12,184,92,9,16,0,12,0,12,0,12,25,42,0,12,0,12,1263,319,280,162,1263,319,0,12,47,62,41,47,0,12,1263,319,138,129,0,12,0,12,0,12,1125,315,0,12
"422","060375308011","Block Group 1, Census Tract 5308.01, Los Angeles County, California",1091,412,0,12,0,12,0,12,0,12,0,12,0,12,0,12,0,12,157,125,0,12,0,12,0,12,0,12,0,12,0,12,0,12,33,38,55,56,0,12,0,12,0,12,0,12,0,12,0,12,1179,455,301,242,1179,455,0,12,69,97,45,44,3,10,1179,455,0,12,0,12,0,12,56,85,1123,489,0,12
"423","060375308021","Block Group 1, Census Tract 5308.02, Los Angeles County, California",1414,337,0,12,0,12,0,12,0,12,0,12,0,12,0,12,0,12,96,55,37,46,0,12,0,12,0,12,0,12,0,12,0,12,69,53,18,19,0,12,0,12,3,5,0,12,0,12,0,12,1556,400,253,153,1556,400,0,12,74,62,52,35,0,12,1556,400,34,28,0,12,0,12,56,39,1466,405,0,12
"424","060375308022","Block Group 2, Census Tract 5308.02, Los Angeles County, California",1553,292,5,8,0,12,0,12,0,12,0,12,0,12,0,12,0,12,179,86,157,103,0,12,0,12,0,12,0,12,0,12,0,12,29,20,34,43,0,12,0,12,4,6,0,12,0,12,0,12,1591,319,276,190,1609,320,20,23,103,61,187,119,0,12,1609,320,9,13,4,7,34,52,46,31,1516,325,0,12
"425","060375412001","Block Group 1, Census Tract 5412, Los Angeles County, California",1054,429,0,12,0,12,0,12,0,12,0,12,0,12,0,12,0,12,0,12,23,35,0,12,0,12,0,12,0,12,0,12,0,12,48,72,0,12,0,12,0,12,0,12,0,12,0,12,0,12,1198,558,69,43,1198,558,18,27,18,28,13,17,0,12,1198,558,0,12,0,12,553,237,6,13,615,477,0,12
"426","060375412004","Block Group 4, Census Tract 5412, Los Angeles County, California",1709,682,121,154,0,12,0,12,0,12,0,12,0,12,0,12,0,12,118,93,0,12,0,12,0,12,0,12,0,12,0,12,0,12,0,12,55,67,0,12,0,12,0,12,0,12,0,12,0,12,1860,715,274,230,1860,715,0,12,46,52,120,156,0,12,1860,715,0,12,0,12,342,281,13,15,1372,713,0,12
"427","060375416052","Block Group 2, Census Tract 5416.05, Los Angeles County, California",2048,493,0,12,8,13,0,12,0,12,0,12,0,12,0,12,0,12,194,119,60,56,0,12,0,12,0,12,0,12,0,12,0,12,40,35,58,53,0,12,0,12,0,12,0,12,0,12,0,12,2131,540,216,142,2107,540,0,12,142,106,265,153,0,12,2131,540,6,14,0,12,401,198,0,12,1724,521,0,12
"428","060375416051","Block Group 1, Census Tract 5416.05, Los Angeles County, California",1177,389,23,27,0,12,0,12,0,12,0,12,0,12,0,12,0,12,97,73,79,56,0,12,0,12,0,12,0,12,0,12,0,12,24,38,9,15,0,12,0,12,0,12,0,12,0,12,0,12,1236,425,477,338,1236,425,30,42,43,61,150,129,0,12,1236,425,0,12,0,12,248,169,9,11,979,433,0,12
"429","060372243202","Block Group 2, Census Tract 2243.20, Los Angeles County, California",1069,319,0,12,21,33,0,12,0,12,0,12,0,12,0,12,0,12,66,76,161,110,0,12,0,12,0,12,0,12,0,12,0,12,31,35,53,47,0,12,0,12,0,12,0,12,0,12,0,12,1148,336,393,197,1148,336,0,12,143,76,20,32,0,12,1148,336,0,12,0,12,73,60,0,12,1030,328,24,36
"430","060372243201","Block Group 1, Census Tract 2243.20, Los Angeles County, California",1732,316,0,12,0,12,0,12,0,12,0,12,0,12,0,12,0,12,182,80,177,110,0,12,0,12,18,26,0,12,0,12,0,12,105,65,113,63,0,12,0,12,33,26,14,22,0,12,0,12,1805,343,468,221,1824,343,15,24,169,115,283,126,6,10,1824,343,116,72,0,12,167,106,81,86,1460,347,0,12
"431","060372134011","Block Group 1, Census Tract 2134.01, Los Angeles County, California",1967,359,83,88,0,12,0,12,0,12,0,12,0,12,0,12,0,12,321,126,278,148,0,12,0,12,41,37,60,56,0,12,0,12,32,41,37,41,0,12,0,12,54,55,10,15,0,12,0,12,2047,381,707,235,2047,381,64,63,283,117,403,164,0,12,2047,381,473,185,0,12,51,53,114,65,1400,364,0,12
"432","060372134022","Block Group 2, Census Tract 2134.02, Los Angeles County, California",968,203,0,12,0,12,0,12,0,12,0,12,0,12,0,12,0,12,97,64,32,36,0,12,0,12,41,37,14,23,0,12,0,12,16,32,46,45,11,18,0,12,28,29,0,12,0,12,0,12,1044,234,169,89,1049,233,0,12,62,46,117,66,10,16,1049,233,258,124,0,12,22,31,91,44,667,215,0,12
"433","060372134023","Block Group 3, Census Tract 2134.02, Los Angeles County, California",1622,352,0,12,0,12,0,12,0,12,0,12,0,12,0,12,0,12,206,120,156,101,0,12,0,12,34,32,0,12,0,12,0,12,47,52,18,20,0,12,0,12,17,26,38,40,0,12,0,12,1737,393,362,203,1737,393,13,21,96,71,227,121,0,12,1737,393,268,145,0,12,92,103,62,36,1315,402,0,12
"434","060372733003","Block Group 3, Census Tract 2733, Los Angeles County, California",765,237,0,12,0,12,0,12,0,12,0,12,0,12,0,12,0,12,0,12,0,12,0,12,0,12,0,12,0,12,0,12,0,12,38,50,0,12,0,12,0,12,0,12,0,12,0,12,0,12,765,237,89,69,765,237,0,12,36,41,41,48,0,12,765,237,0,12,0,12,92,77,504,226,131,109,0,12
"435","060379006021","Block Group 1, Census Tract 9006.02, Los Angeles County, California",2541,557,0,12,0,12,0,12,0,12,0,12,0,12,0,12,0,12,219,111,22,30,0,12,0,12,0,12,0,12,0,12,0,12,23,31,48,35,0,12,0,12,0,12,0,12,0,12,0,12,2623,570,405,210,2623,570,25,42,173,133,113,77,0,12,2623,570,7,10,0,12,108,93,514,267,1913,496,0,12
"436","060379006022","Block Group 2, Census Tract 9006.02, Los Angeles County, California",2616,595,0,12,0,12,0,12,0,12,0,12,0,12,0,12,0,12,119,112,76,121,0,12,0,12,0,12,1,5,0,12,0,12,13,21,38,48,0,12,0,12,0,12,0,12,0,12,0,12,2919,646,938,478,2919,646,17,27,154,101,58,50,0,12,2919,646,60,96,0,12,502,153,428,170,1863,597,2,5
"437","060379007033","Block Group 3, Census Tract 9007.03, Los Angeles County, California",1532,351,7,11,0,12,0,12,0,12,0,12,0,12,0,12,0,12,30,37,9,14,0,12,0,12,9,15,0,12,0,12,0,12,15,17,22,34,0,12,0,12,0,12,0,12,0,12,0,12,1674,384,569,278,1674,384,9,15,77,108,32,35,0,12,1674,384,37,60,0,12,332,220,361,135,907,351,0,12
"438","060379007032","Block Group 2, Census Tract 9007.03, Los Angeles County, California",1305,254,4,9,0,12,0,12,0,12,0,12,0,12,0,12,0,12,28,32,0,12,0,12,0,12,0,12,0,12,0,12,0,12,36,33,14,21,0,12,0,12,0,12,0,12,0,12,0,12,1406,296,396,204,1406,296,0,12,15,24,104,66,8,12,1406,296,19,21,0,12,589,207,421,175,369,194,0,12
"439","060379102012","Block Group 2, Census Tract 9102.01, Los Angeles County, California",1856,491,0,12,0,12,0,12,0,12,0,12,0,12,0,12,0,12,191,118,36,55,0,12,0,12,0,12,0,12,0,12,0,12,38,60,48,61,0,12,0,12,0,12,0,12,0,12,0,12,1940,536,583,454,1940,536,0,12,38,61,68,104,0,12,1940,536,7,15,0,12,202,147,207,147,1435,498,0,12
"440","060379102051","Block Group 1, Census Tract 9102.05, Los Angeles County, California",1131,175,0,12,0,12,0,12,0,12,0,12,0,12,0,12,0,12,47,37,9,16,0,12,0,12,29,41,0,12,0,12,0,12,0,12,0,12,0,12,0,12,0,12,15,27,0,12,0,12,1225,207,192,112,1225,207,0,12,20,22,31,44,0,12,1225,207,102,79,10,15,23,32,382,120,635,166,9,14
"441","060379200302","Block Group 2, Census Tract 9200.30, Los Angeles County, California",2054,316,0,12,0,12,0,12,0,12,0,12,0,12,0,12,0,12,0,12,0,12,14,23,0,12,10,15,0,12,0,12,0,12,0,12,0,12,0,12,0,12,0,12,0,12,0,12,20,28,2225,357,50,37,2225,357,15,24,38,51,25,27,0,12,2225,357,367,147,0,12,174,174,1062,209,549,213,0,12
"442","060379108052","Block Group 2, Census Tract 9108.05, Los Angeles County, California",2811,434,0,12,0,12,0,12,0,12,0,12,0,12,0,12,0,12,0,12,0,12,0,12,0,12,7,15,0,12,0,12,0,12,28,42,0,12,0,12,0,12,0,12,0,12,0,12,0,12,2993,474,412,279,3003,478,29,45,21,25,94,95,0,12,3003,478,120,93,0,12,13,31,2120,399,646,227,18,26
"443","060379108051","Block Group 1, Census Tract 9108.05, Los Angeles County, California",1613,276,0,12,0,12,0,12,0,12,0,12,0,12,0,12,0,12,0,12,0,12,0,12,0,12,54,86,0,12,0,12,0,12,0,12,0,12,0,12,0,12,0,12,0,12,0,12,0,12,1607,376,69,65,1607,376,0,12,0,12,65,88,0,12,1719,368,59,86,0,12,35,20,1382,380,204,168,2,4
"444","060379108091","Block Group 1, Census Tract 9108.09, Los Angeles County, California",1949,140,0,12,0,12,0,12,0,12,0,12,0,12,0,12,0,12,16,23,0,12,0,12,0,12,8,12,0,12,0,12,0,12,0,12,0,12,0,12,0,12,0,12,0,12,0,12,0,12,2070,152,84,92,2070,152,0,12,21,18,46,35,0,12,2070,152,86,42,0,12,14,21,1640,171,264,121,0,12
"445","060375356061","Block Group 1, Census Tract 5356.06, Los Angeles County, California",1891,312,32,51,0,12,0,12,0,12,0,12,0,12,0,12,0,12,215,68,151,153,0,12,0,12,0,12,0,12,0,12,0,12,89,43,84,43,0,12,0,12,0,12,0,12,0,12,0,12,2007,369,310,172,2007,369,63,73,183,117,131,98,3,6,2007,369,0,12,0,12,15,24,39,37,1953,370,0,12
"446","060375342021","Block Group 1, Census Tract 5342.02, Los Angeles County, California",2251,574,18,33,0,12,0,12,0,12,0,12,0,12,0,12,0,12,426,192,59,51,0,12,0,12,0,12,0,12,0,12,0,12,63,50,77,56,11,18,0,12,0,12,0,12,0,12,0,12,2445,665,686,373,2445,665,11,21,228,130,263,142,0,12,2445,665,0,12,0,12,0,12,166,149,2279,644,0,12
"447","060375342022","Block Group 2, Census Tract 5342.02, Los Angeles County, California",1593,482,0,12,0,12,0,12,0,12,0,12,0,12,0,12,0,12,251,138,46,37,0,12,0,12,0,12,0,12,0,12,0,12,26,32,65,51,0,12,0,12,0,12,0,12,0,12,0,12,1666,514,559,290,1678,517,46,50,117,96,285,147,0,12,1678,517,0,12,0,12,0,12,26,40,1652,513,0,12
"448","060375342023","Block Group 3, Census Tract 5342.02, Los Angeles County, California",1545,430,0,12,0,12,0,12,0,12,0,12,0,12,0,12,0,12,192,104,149,72,0,12,0,12,0,12,0,12,0,12,0,12,85,92,0,12,0,12,0,12,0,12,6,14,0,12,0,12,1569,442,863,384,1625,462,0,12,90,73,84,51,0,12,1625,462,14,19,0,12,14,21,169,146,1428,426,0,12
"449","060375349002","Block Group 2, Census Tract 5349, Los Angeles County, California",2272,587,0,12,0,12,0,12,0,12,0,12,0,12,0,12,0,12,391,175,118,102,0,12,0,12,0,12,0,12,0,12,0,12,30,39,57,65,0,12,0,12,0,12,0,12,0,12,0,12,2434,623,428,291,2434,623,53,87,33,36,303,187,34,54,2434,623,0,12,0,12,0,12,16,24,2418,619,0,12
"450","060375349004","Block Group 4, Census Tract 5349, Los Angeles County, California",1773,572,11,19,0,12,0,12,0,12,0,12,0,12,0,12,0,12,218,183,253,261,0,12,0,12,0,12,0,12,0,12,0,12,46,40,47,70,0,12,0,12,0,12,0,12,0,12,0,12,1851,600,23,36,1851,600,0,12,87,74,109,98,0,12,1851,600,0,12,0,12,0,12,0,12,1851,600,0,12
"451","060375349003","Block Group 3, Census Tract 5349, Los Angeles County, California",1059,346,7,11,0,12,0,12,0,12,0,12,0,12,0,12,0,12,101,71,139,113,0,12,0,12,0,12,0,12,0,12,0,12,19,22,9,23,0,12,0,12,0,12,0,12,0,12,0,12,1091,358,150,122,1091,358,9,14,30,38,71,55,0,12,1091,358,19,31,0,12,0,12,0,12,1072,344,0,12
"452","060375349001","Block Group 1, Census Tract 5349, Los Angeles County, California",873,363,0,12,0,12,0,12,0,12,0,12,0,12,0,12,0,12,102,90,57,54,0,12,0,12,0,12,0,12,0,12,0,12,55,71,24,28,0,12,0,12,0,12,0,12,0,12,0,12,943,395,109,86,943,395,10,18,24,31,23,47,26,40,943,395,0,12,0,12,0,12,10,15,933,397,0,12
"453","060375336031","Block Group 1, Census Tract 5336.03, Los Angeles County, California",2205,372,10,15,0,12,0,12,0,12,0,12,0,12,0,12,0,12,249,90,181,70,0,12,0,12,0,12,0,12,0,12,0,12,83,65,32,36,0,12,0,12,0,12,0,12,0,12,0,12,2505,492,1005,451,2505,492,26,41,56,54,121,66,0,12,2505,492,0,12,0,12,19,22,71,74,2415,496,0,12
"454","060375336032","Block Group 2, Census Tract 5336.03, Los Angeles County, California",2728,492,0,12,0,12,0,12,0,12,0,12,0,12,11,16,0,12,178,97,94,61,0,12,0,12,0,12,0,12,23,31,0,12,122,88,25,24,0,12,0,12,0,12,0,12,0,12,0,12,3053,555,714,328,3053,555,18,27,99,68,138,93,0,12,3053,555,0,12,0,12,0,12,342,129,2662,558,18,24
"455","060372244202","Block Group 2, Census Tract 2244.20, Los Angeles County, California",624,145,41,47,0,12,0,12,0,12,0,12,0,12,0,12,0,12,34,41,29,37,0,12,0,12,0,12,0,12,0,12,0,12,19,17,0,12,0,12,0,12,0,12,0,12,0,12,0,12,442,151,219,95,668,159,66,57,63,49,22,25,0,12,668,159,87,38,0,12,145,106,47,36,364,133,0,12
"456","060372282201","Block Group 1, Census Tract 2282.20, Los Angeles County, California",1026,277,0,12,0,12,0,12,0,12,0,12,0,12,0,12,0,12,169,82,74,40,0,12,0,12,0,12,0,12,0,12,0,12,0,12,25,47,0,12,0,12,0,12,0,12,0,12,0,12,1114,307,451,259,1114,307,18,30,117,79,65,56,9,16,1114,307,0,12,0,12,125,65,24,26,961,302,0,12
"457","060372282203","Block Group 3, Census Tract 2282.20, Los Angeles County, California",1434,305,25,35,5,8,0,12,0,12,0,12,0,12,0,12,0,12,279,126,186,129,0,12,0,12,0,12,0,12,0,12,0,12,51,33,32,26,0,12,0,12,0,12,0,12,0,12,0,12,1486,331,345,226,1491,331,37,42,106,55,191,101,24,27,1491,331,0,12,0,12,71,41,17,21,1353,344,0,12
"458","060372283202","Block Group 2, Census Tract 2283.20, Los Angeles County, California",1464,298,0,12,0,12,0,12,0,12,0,12,0,12,0,12,0,12,108,57,211,106,0,12,0,12,0,12,0,12,0,12,0,12,50,38,26,28,0,12,0,12,0,12,0,12,0,12,0,12,1610,343,629,254,1627,344,0,12,79,54,145,72,35,32,1627,344,0,12,0,12,52,35,0,12,1575,343,0,12
"459","060372283203","Block Group 3, Census Tract 2283.20, Los Angeles County, California",825,269,0,12,0,12,0,12,0,12,0,12,0,12,0,12,0,12,144,81,91,62,0,12,0,12,0,12,0,12,0,12,0,12,20,17,10,17,0,12,0,12,0,12,0,12,0,12,0,12,900,278,250,131,900,278,27,41,56,89,126,70,0,12,900,278,0,12,0,12,51,26,0,12,849,276,0,12
"460","060372284101","Block Group 1, Census Tract 2284.10, Los Angeles County, California",561,169,0,12,0,12,0,12,0,12,0,12,0,12,0,12,0,12,97,50,111,62,0,12,0,12,0,12,0,12,0,12,0,12,0,12,10,17,0,12,0,12,0,12,0,12,0,12,0,12,607,196,178,146,607,196,65,97,51,52,89,52,0,12,607,196,6,8,0,12,24,27,9,13,568,203,0,12
"461","060372284201","Block Group 1, Census Tract 2284.20, Los Angeles County, California",631,174,0,12,0,12,0,12,0,12,0,12,0,12,0,12,0,12,78,52,174,103,0,12,0,12,0,12,0,12,0,12,5,7,9,13,0,12,0,12,0,12,0,12,0,12,0,12,0,12,679,192,161,101,679,192,10,15,88,62,134,76,0,12,679,192,0,12,0,12,0,12,0,12,674,193,0,12
"462","060372285001","Block Group 1, Census Tract 2285, Los Angeles County, California",1610,408,9,15,0,12,0,12,0,12,0,12,0,12,0,12,0,12,253,118,143,65,0,12,0,12,0,12,0,12,0,12,0,12,0,12,0,12,0,12,0,12,0,12,0,12,0,12,0,12,1708,447,718,389,1722,449,43,44,44,43,248,124,0,12,1722,449,0,12,0,12,413,248,0,12,1309,428,0,12
"463","060372285002","Block Group 2, Census Tract 2285, Los Angeles County, California",2037,441,0,12,0,12,0,12,0,12,0,12,0,12,0,12,0,12,300,143,279,169,0,12,0,12,0,12,0,12,10,17,0,12,28,44,31,32,0,12,0,12,0,12,0,12,0,12,0,12,2188,481,618,340,2216,489,0,12,260,209,243,119,28,44,2216,489,0,12,0,12,306,189,0,12,1910,504,0,12
"464","060371199004","Block Group 4, Census Tract 1199, Los Angeles County, California",1123,383,0,12,0,12,0,12,0,12,0,12,0,12,0,12,0,12,112,75,49,44,12,18,0,12,0,12,0,12,0,12,0,12,16,32,41,47,0,12,0,12,0,12,0,12,0,12,0,12,1177,411,209,158,1187,416,38,64,56,56,92,88,0,12,1187,416,90,85,0,12,19,28,145,102,920,421,13,19
"465","060371199001","Block Group 1, Census Tract 1199, Los Angeles County, California",1304,423,0,12,0,12,0,12,0,12,0,12,0,12,0,12,0,12,142,78,38,39,0,12,0,12,0,12,18,26,0,12,0,12,56,56,0,12,0,12,0,12,31,40,22,33,0,12,0,12,1333,424,128,138,1333,424,0,12,78,78,97,76,0,12,1333,424,366,139,0,12,0,12,84,89,883,395,0,12
"466","060371203001","Block Group 1, Census Tract 1203, Los Angeles County, California",742,244,11,18,0,12,0,12,0,12,0,12,0,12,0,12,0,12,49,51,0,12,88,96,0,12,0,12,0,12,0,12,0,12,40,34,0,12,0,12,0,12,0,12,0,12,0,12,0,12,817,272,221,149,817,272,0,12,86,80,32,49,0,12,817,272,161,140,0,12,44,56,232,167,380,174,0,12
"467","060371203004","Block Group 4, Census Tract 1203, Los Angeles County, California",1690,447,0,12,0,12,0,12,0,12,0,12,0,12,0,12,0,12,68,75,120,143,0,12,0,12,0,12,0,12,0,12,0,12,38,61,15,20,25,40,0,12,51,73,0,12,0,12,0,12,1772,463,102,91,1772,463,10,15,29,26,216,219,0,12,1772,463,411,248,0,12,0,12,99,103,1253,424,0,12
"468","060371203003","Block Group 3, Census Tract 1203, Los Angeles County, California",1316,363,0,12,0,12,0,12,0,12,0,12,0,12,0,12,0,12,74,48,14,22,0,12,0,12,0,12,0,12,0,12,0,12,18,25,46,54,0,12,0,12,0,12,0,12,0,12,0,12,1413,383,260,221,1413,383,0,12,0,12,11,18,29,45,1413,383,149,140,12,20,0,12,306,188,946,357,0,12
"469","060376035001","Block Group 1, Census Tract 6035, Los Angeles County, California",601,115,0,12,0,12,0,12,0,12,0,12,0,12,0,12,0,12,34,32,0,12,0,12,0,12,38,37,4,6,0,12,0,12,0,12,0,12,0,12,0,12,22,20,0,12,0,12,0,12,630,126,14,18,633,127,0,12,6,9,27,24,0,12,633,127,195,89,0,12,33,57,115,53,254,94,0,12
"470","060376035003","Block Group 3, Census Tract 6035, Los Angeles County, California",1221,192,0,12,0,12,0,12,0,12,0,12,0,12,0,12,0,12,13,15,0,12,0,12,0,12,27,19,17,24,0,12,13,21,48,62,0,12,0,12,0,12,20,20,0,12,0,12,0,12,1294,222,225,152,1308,220,27,29,43,36,17,22,0,12,1308,220,260,93,0,12,86,96,153,80,745,213,0,12
"471","060376037041","Block Group 1, Census Tract 6037.04, Los Angeles County, California",795,486,0,12,0,12,0,12,0,12,0,12,0,12,0,12,0,12,14,23,129,135,0,12,0,12,0,12,0,12,0,12,0,12,49,78,24,38,0,12,0,12,0,12,0,12,0,12,0,12,852,516,259,360,852,516,150,238,55,65,144,102,0,12,852,516,2,4,0,12,112,148,53,69,683,486,0,12
"472","060372621003","Block Group 3, Census Tract 2621, Los Angeles County, California",1434,240,0,12,0,12,0,12,0,12,0,12,0,12,0,12,0,12,0,12,0,12,0,12,0,12,15,24,0,12,0,12,0,12,0,12,0,12,44,55,8,15,0,12,0,12,0,12,0,12,1502,241,132,96,1502,241,0,12,0,12,0,12,0,12,1502,241,139,75,0,12,18,29,1175,219,77,78,0,12
"473","060371852022","Block Group 2, Census Tract 1852.02, Los Angeles County, California",1207,281,9,14,0,12,0,12,0,12,0,12,0,12,0,12,0,12,74,59,64,92,0,12,0,12,0,12,0,12,0,12,0,12,0,12,0,12,0,12,0,12,0,12,0,12,0,12,0,12,1279,314,221,160,1279,314,0,12,64,62,29,27,0,12,1279,314,226,148,0,12,20,25,545,215,473,233,0,12
"474","060371883002","Block Group 2, Census Tract 1883, Los Angeles County, California",864,184,0,12,0,12,0,12,0,12,0,12,0,12,0,12,0,12,0,12,0,12,0,12,0,12,0,12,0,12,39,48,0,12,0,12,0,12,0,12,0,12,0,12,0,12,0,12,0,12,976,229,27,41,976,229,13,22,0,12,11,16,0,12,976,229,176,151,0,12,0,12,581,165,113,74,0,12
"475","060371883001","Block Group 1, Census Tract 1883, Los Angeles County, California",1256,381,0,12,0,12,0,12,0,12,0,12,0,12,0,12,0,12,41,38,0,12,0,12,0,12,14,21,0,12,0,12,0,12,26,28,0,12,0,12,0,12,11,18,0,12,0,12,0,12,1343,421,296,251,1349,420,5,11,8,16,45,35,0,12,1349,420,380,176,0,12,0,12,184,77,619,362,111,166
"476","060372246001","Block Group 1, Census Tract 2246, Los Angeles County, California",2027,253,7,10,0,12,0,12,0,12,0,12,0,12,0,12,0,12,339,112,318,131,0,12,0,12,3,7,0,12,0,12,0,12,47,26,64,44,0,12,0,12,0,12,10,17,0,12,0,12,2148,265,544,204,2162,267,52,49,139,76,242,85,6,10,2162,267,22,39,0,12,95,92,15,25,2030,291,0,12
"477","060372246002","Block Group 2, Census Tract 2246, Los Angeles County, California",1132,244,0,12,10,15,0,12,0,12,0,12,0,12,0,12,0,12,92,51,71,71,0,12,0,12,0,12,0,12,0,12,0,12,49,35,45,34,0,12,0,12,0,12,9,13,0,12,0,12,1071,256,437,181,1091,266,25,40,58,29,130,74,0,12,1223,271,76,52,0,12,155,78,60,47,932,267,0,12
"478","060372270102","Block Group 2, Census Tract 2270.10, Los Angeles County, California",1594,554,23,26,0,12,0,12,0,12,0,12,0,12,0,12,0,12,211,111,137,87,0,12,0,12,0,12,0,12,0,12,0,12,34,37,44,56,0,12,0,12,0,12,0,12,0,12,0,12,1636,583,448,366,1703,584,25,40,64,70,157,128,33,52,1703,584,0,12,0,12,0,12,0,12,1703,584,0,12
"479","060372283103","Block Group 3, Census Tract 2283.10, Los Angeles County, California",1535,345,0,12,0,12,0,12,0,12,0,12,0,12,0,12,0,12,157,81,253,113,0,12,0,12,0,12,0,12,0,12,0,12,26,21,79,50,0,12,0,12,0,12,0,12,0,12,0,12,1675,362,477,177,1712,385,35,29,109,65,126,64,17,25,1712,385,0,12,0,12,84,80,17,29,1611,369,0,12
"480","060372225002","Block Group 2, Census Tract 2225, Los Angeles County, California",2209,437,0,12,0,12,0,12,0,12,0,12,0,12,0,12,0,12,257,137,130,118,0,12,0,12,0,12,0,12,0,12,0,12,42,35,39,58,0,12,0,12,0,12,0,12,0,12,0,12,2324,448,492,231,2324,448,13,21,175,111,85,71,0,12,2330,448,91,91,7,11,450,234,31,32,1698,433,0,12
"481","060372240202","Block Group 2, Census Tract 2240.20, Los Angeles County, California",1608,302,0,12,0,12,0,12,0,12,0,12,0,12,0,12,0,12,195,110,275,123,0,12,0,12,0,12,0,12,0,12,0,12,33,23,7,10,0,12,0,12,5,9,0,12,0,12,0,12,1756,319,852,249,1772,320,31,37,162,67,255,106,7,10,1772,320,19,15,0,12,8,9,47,33,1697,323,0,12
"482","060375547003","Block Group 3, Census Tract 5547, Los Angeles County, California",841,272,0,12,0,12,0,12,0,12,0,12,0,12,0,12,0,12,28,22,17,28,0,12,0,12,5,9,0,12,0,12,0,12,20,22,69,55,0,12,0,12,5,9,0,12,0,12,0,12,872,281,77,58,872,281,0,12,35,25,7,11,0,12,872,281,58,61,0,12,6,10,61,43,737,282,0,12
"483","060375547001","Block Group 1, Census Tract 5547, Los Angeles County, California",1404,280,4,8,0,12,0,12,0,12,0,12,0,12,0,12,0,12,108,64,10,12,0,12,0,12,16,16,0,12,0,12,0,12,69,49,16,17,0,12,0,12,6,9,0,12,0,12,0,12,1526,305,202,116,1526,305,0,12,44,39,55,54,12,14,1526,305,307,177,0,12,25,36,60,45,1134,295,0,12
"484","060375037031","Block Group 1, Census Tract 5037.03, Los Angeles County, California",1818,407,0,12,0,12,0,12,0,12,0,12,0,12,0,12,0,12,0,12,0,12,0,12,0,12,34,53,0,12,0,12,0,12,49,71,0,12,0,12,0,12,139,116,0,12,0,12,0,12,1939,459,119,96,1939,459,0,12,34,53,0,12,0,12,1939,459,1478,465,0,12,0,12,174,126,259,158,0,12
"485","060375015033","Block Group 3, Census Tract 5015.03, Los Angeles County, California",1645,347,0,12,0,12,0,12,0,12,0,12,0,12,0,12,0,12,22,28,13,22,0,12,0,12,0,12,0,12,0,12,0,12,0,12,0,12,0,12,0,12,0,12,0,12,0,12,0,12,1701,373,206,256,1701,373,0,12,0,12,23,25,0,12,1701,373,56,44,0,12,0,12,411,160,1207,372,0,12
"486","060375015034","Block Group 4, Census Tract 5015.03, Los Angeles County, California",1516,420,0,12,0,12,0,12,0,12,0,12,0,12,0,12,0,12,88,70,0,12,0,12,0,12,0,12,0,12,0,12,0,12,0,12,28,44,0,12,0,12,0,12,0,12,0,12,0,12,1711,479,182,162,1711,479,0,12,100,121,102,105,0,12,1711,479,26,24,0,12,18,20,137,87,1368,438,79,126
"487","060375015031","Block Group 1, Census Tract 5015.03, Los Angeles County, California",1186,320,0,12,0,12,0,12,0,12,0,12,0,12,0,12,0,12,0,12,0,12,0,12,0,12,0,12,0,12,0,12,0,12,0,12,0,12,0,12,0,12,0,12,0,12,0,12,0,12,1292,361,162,195,1292,361,0,12,52,62,0,12,0,12,1292,361,17,25,0,12,0,12,338,207,937,314,0,12
"488","060375015032","Block Group 2, Census Tract 5015.03, Los Angeles County, California",563,190,7,11,0,12,0,12,0,12,0,12,0,12,0,12,0,12,0,12,0,12,0,12,0,12,0,12,0,12,0,12,0,12,20,33,12,20,0,12,0,12,0,12,0,12,0,12,0,12,576,195,28,28,576,195,0,12,0,12,0,12,0,12,576,195,7,11,0,12,16,25,211,97,342,186,0,12
"489","060375300031","Block Group 1, Census Tract 5300.03, Los Angeles County, California",1528,248,0,12,0,12,0,12,0,12,0,12,0,12,0,12,0,12,56,56,9,12,0,12,0,12,7,9,0,12,0,12,0,12,33,20,13,21,0,12,0,12,5,8,0,12,0,12,0,12,1601,261,90,61,1601,261,0,12,0,12,26,33,0,12,1601,261,303,99,0,12,60,60,319,119,912,240,0,12
"490","060375300032","Block Group 2, Census Tract 5300.03, Los Angeles County, California",1438,218,0,12,0,12,0,12,0,12,0,12,0,12,0,12,0,12,6,10,4,9,0,12,0,12,10,9,4,7,0,12,0,12,6,10,0,12,6,9,0,12,17,19,7,12,0,12,0,12,1479,233,68,42,1479,233,0,12,22,28,30,24,0,12,1479,233,272,141,0,12,0,12,367,216,833,160,0,12
"491","060375309021","Block Group 1, Census Tract 5309.02, Los Angeles County, California",1473,391,0,12,0,12,0,12,0,12,0,12,0,12,0,12,0,12,179,100,63,58,0,12,0,12,0,12,0,12,0,12,0,12,10,17,0,12,0,12,0,12,0,12,0,12,0,12,0,12,1596,457,121,95,1606,456,16,19,112,62,39,37,10,15,1606,456,28,44,0,12,0,12,38,35,1540,461,0,12
"492","060375309022","Block Group 2, Census Tract 5309.02, Los Angeles County, California",2134,363,21,30,0,12,0,12,0,12,0,12,0,12,0,12,0,12,210,111,53,50,0,12,0,12,0,12,0,12,0,12,0,12,157,87,20,26,0,12,0,12,23,27,54,74,0,12,0,12,2234,391,475,337,2234,391,0,12,38,36,149,103,26,40,2234,391,142,88,0,12,0,12,8,11,2084,399,0,12
"493","060375316042","Block Group 2, Census Tract 5316.04, Los Angeles County, California",1499,300,0,12,0,12,0,12,0,12,0,12,0,12,0,12,0,12,237,96,49,37,0,12,0,12,0,12,0,12,0,12,0,12,90,58,27,32,0,12,0,12,0,12,0,12,0,12,0,12,1645,337,370,200,1676,355,74,54,106,60,192,88,0,12,1676,355,0,12,0,12,0,12,62,61,1614,352,0,12
"494","060375331051","Block Group 1, Census Tract 5331.05, Los Angeles County, California",2386,269,5,9,0,12,0,12,0,12,0,12,0,12,0,12,0,12,458,118,307,124,0,12,0,12,0,12,0,12,0,12,0,12,34,34,75,38,0,12,0,12,0,12,0,12,0,12,0,12,2510,280,684,254,2510,280,76,70,324,138,367,185,13,20,2510,280,0,12,0,12,0,12,14,23,2496,282,0,12
"495","060375331062","Block Group 2, Census Tract 5331.06, Los Angeles County, California",505,174,0,12,0,12,0,12,0,12,0,12,0,12,0,12,0,12,49,44,15,20,0,12,0,12,0,12,0,12,0,12,0,12,41,38,4,6,0,12,0,12,0,12,0,12,0,12,0,12,514,185,37,36,514,185,13,16,35,27,39,39,0,12,524,187,0,12,0,12,0,12,0,12,524,187,0,12
"496","060372364003","Block Group 3, Census Tract 2364, Los Angeles County, California",1231,330,0,12,0,12,0,12,0,12,0,12,0,12,0,12,0,12,0,12,0,12,0,12,0,12,0,12,0,12,0,12,0,12,8,13,0,12,0,12,0,12,0,12,0,12,0,12,0,12,1231,330,90,101,1231,330,0,12,56,75,36,40,0,12,1231,330,0,12,0,12,1116,326,51,35,50,47,0,12
"497","060372364001","Block Group 1, Census Tract 2364, Los Angeles County, California",1417,349,0,12,0,12,0,12,0,12,0,12,0,12,0,12,0,12,0,12,0,12,0,12,0,12,0,12,0,12,0,12,0,12,0,12,0,12,0,12,0,12,0,12,0,12,0,12,0,12,1520,362,152,123,1520,362,20,31,85,74,38,43,0,12,1520,362,59,52,0,12,1052,323,222,122,37,39,13,20
"498","060371975002","Block Group 2, Census Tract 1975, Los Angeles County, California",984,282,0,12,0,12,0,12,0,12,0,12,0,12,0,12,0,12,31,36,87,110,0,12,0,12,10,17,0,12,0,12,0,12,0,12,16,26,0,12,0,12,14,21,0,12,0,12,0,12,1046,300,19,23,1046,300,0,12,45,35,188,133,6,9,1046,300,208,89,0,12,0,12,435,160,383,234,0,12
"499","060371975001","Block Group 1, Census Tract 1975, Los Angeles County, California",2046,370,0,12,0,12,0,12,0,12,0,12,0,12,0,12,0,12,250,154,47,51,0,12,0,12,79,51,12,20,0,12,0,12,21,23,15,15,0,12,0,12,23,25,43,49,0,12,0,12,2144,406,66,57,2144,406,59,98,103,74,196,153,0,12,2144,406,414,120,0,12,52,82,450,197,1162,314,0,12
"500","060371434004","Block Group 4, Census Tract 1434, Los Angeles County, California",1395,292,0,12,0,12,0,12,0,12,0,12,0,12,0,12,0,12,0,12,0,12,0,12,0,12,0,12,0,12,0,12,0,12,0,12,0,12,0,12,0,12,0,12,0,12,0,12,0,12,1455,296,15,25,1455,296,0,12,0,12,0,12,0,12,1455,296,150,129,0,12,0,12,1230,314,32,37,0,12
"501","060371434001","Block Group 1, Census Tract 1434, Los Angeles County, California",2060,443,0,12,0,12,0,12,0,12,0,12,0,12,0,12,0,12,0,12,0,12,68,88,0,12,0,12,0,12,0,12,0,12,0,12,0,12,0,12,0,12,0,12,0,12,16,24,0,12,2133,459,159,130,2133,459,69,90,94,101,185,193,0,12,2133,459,47,64,0,12,59,91,1658,375,318,259,0,12
"502","060371434003","Block Group 3, Census Tract 1434, Los Angeles County, California",797,224,0,12,0,12,0,12,0,12,0,12,0,12,0,12,0,12,0,12,0,12,0,12,0,12,0,12,0,12,0,12,0,12,0,12,0,12,0,12,0,12,0,12,0,12,0,12,0,12,871,247,104,89,871,247,0,12,0,12,0,12,0,12,871,247,60,85,0,12,42,66,670,196,0,12,35,55
"503","060371810003","Block Group 3, Census Tract 1810, Los Angeles County, California",603,150,0,12,0,12,0,12,0,12,0,12,0,12,0,12,0,12,0,12,0,12,0,12,0,12,0,12,0,12,0,12,0,12,0,12,0,12,36,53,0,12,0,12,0,12,0,12,0,12,563,149,61,74,563,149,0,12,0,12,22,36,0,12,603,150,116,87,0,12,0,12,355,133,119,104,0,12
"504","060371810001","Block Group 1, Census Tract 1810, Los Angeles County, California",897,260,0,12,0,12,0,12,0,12,0,12,0,12,0,12,0,12,0,12,0,12,0,12,0,12,0,12,0,12,0,12,0,12,19,30,0,12,0,12,0,12,0,12,0,12,0,12,0,12,931,268,47,48,931,268,0,12,19,33,0,12,0,12,931,268,132,99,0,12,23,39,371,165,288,158,41,61
"505","060371835201","Block Group 1, Census Tract 1835.20, Los Angeles County, California",1783,296,0,12,0,12,0,12,0,12,0,12,0,12,0,12,0,12,149,80,99,72,0,12,0,12,0,12,0,12,0,12,0,12,19,29,36,39,0,12,0,12,0,12,0,12,0,12,0,12,1851,310,351,156,1900,324,17,25,118,77,117,77,10,15,1900,324,2,4,0,12,1,2,385,122,1392,325,1,3
"506","060371835202","Block Group 2, Census Tract 1835.20, Los Angeles County, California",1723,335,0,12,0,12,0,12,0,12,0,12,0,12,0,12,0,12,275,120,50,41,0,12,0,12,0,12,0,12,0,12,0,12,32,31,26,26,0,12,4,9,0,12,0,12,0,12,0,12,1802,375,350,240,1802,375,42,45,111,67,137,97,0,12,1858,381,74,98,0,12,8,12,168,89,1594,397,0,12
"507","060371918203","Block Group 3, Census Tract 1918.20, Los Angeles County, California",817,236,42,61,0,12,0,12,0,12,0,12,0,12,0,12,0,12,163,109,0,12,0,12,0,12,0,12,0,12,0,12,0,12,0,12,46,48,0,12,7,11,0,12,8,12,0,12,0,12,817,236,144,122,817,236,20,29,98,113,95,95,0,12,817,236,58,48,0,12,37,45,247,109,475,222,0,12
"508","060373021033","Block Group 3, Census Tract 3021.03, Los Angeles County, California",1603,329,0,12,0,12,0,12,0,12,0,12,0,12,0,12,0,12,9,14,0,12,184,125,100,85,0,12,0,12,0,12,0,12,0,12,0,12,85,66,93,64,0,12,0,12,0,12,0,12,1678,347,383,191,1678,347,0,12,58,56,83,90,0,12,1678,347,157,110,0,12,37,36,1348,335,136,131,0,12
"509","060373021032","Block Group 2, Census Tract 3021.03, Los Angeles County, California",2309,369,0,12,0,12,0,12,18,30,0,12,0,12,0,12,0,12,27,31,11,17,62,48,57,47,20,21,0,12,0,12,0,12,0,12,23,37,159,93,52,50,16,22,21,29,7,11,0,12,2416,390,606,264,2417,390,0,12,17,27,74,63,0,12,2417,390,378,148,0,12,1,3,1622,330,391,235,0,12
"510","060373108005","Block Group 5, Census Tract 3108, Los Angeles County, California",1443,372,0,12,0,12,7,12,0,12,0,12,0,12,0,12,0,12,43,34,7,13,0,12,0,12,0,12,0,12,0,12,0,12,58,72,0,12,0,12,0,12,0,12,0,12,0,12,0,12,1470,375,50,40,1481,375,0,12,19,24,18,20,0,12,1481,375,0,12,0,12,26,33,884,276,559,282,0,12
"511","060373108003","Block Group 3, Census Tract 3108, Los Angeles County, California",1305,321,0,12,0,12,0,12,0,12,0,12,0,12,0,12,0,12,0,12,28,35,0,12,0,12,0,12,0,12,0,12,0,12,0,12,0,12,0,12,59,64,9,14,0,12,0,12,0,12,1319,324,316,159,1319,324,61,63,18,22,49,49,0,12,1319,324,120,127,0,12,10,17,642,225,490,227,31,50
"512","060373108004","Block Group 4, Census Tract 3108, Los Angeles County, California",1074,248,0,12,0,12,0,12,0,12,0,12,0,12,0,12,0,12,7,13,0,12,0,12,0,12,0,12,0,12,0,12,0,12,23,36,21,35,0,12,0,12,0,12,0,12,0,12,0,12,1181,287,76,87,1196,288,0,12,74,61,43,38,0,12,1196,288,213,223,0,12,10,15,617,166,222,151,0,12
"513","060373108002","Block Group 2, Census Tract 3108, Los Angeles County, California",816,182,0,12,0,12,0,12,0,12,0,12,0,12,0,12,0,12,0,12,0,12,0,12,0,12,0,12,0,12,0,12,0,12,18,26,0,12,0,12,0,12,0,12,0,12,0,12,0,12,879,197,126,81,879,197,57,69,13,29,55,48,0,12,879,197,128,87,0,12,12,29,604,184,107,99,0,12
"514","060373108001","Block Group 1, Census Tract 3108, Los Angeles County, California",397,131,0,12,0,12,0,12,0,12,0,12,0,12,0,12,0,12,10,16,0,12,0,12,0,12,20,31,0,12,0,12,0,12,24,39,0,12,0,12,0,12,0,12,0,12,0,12,0,12,439,151,102,107,439,151,0,12,0,12,0,12,0,12,439,151,75,84,11,17,0,12,116,62,237,134,0,12
"515","060373109004","Block Group 4, Census Tract 3109, Los Angeles County, California",970,288,0,12,0,12,0,12,0,12,0,12,0,12,0,12,0,12,42,44,0,12,0,12,0,12,0,12,0,12,0,12,0,12,0,12,0,12,0,12,0,12,0,12,0,12,0,12,0,12,1000,302,44,52,1000,302,0,12,0,12,51,60,0,12,1000,302,53,54,0,12,0,12,474,232,473,249,0,12
"516","060373109006","Block Group 6, Census Tract 3109, Los Angeles County, California",913,294,0,12,0,12,0,12,0,12,0,12,0,12,0,12,0,12,13,22,0,12,0,12,0,12,0,12,0,12,0,12,0,12,0,12,0,12,0,12,0,12,0,12,0,12,0,12,0,12,913,294,158,165,913,294,26,40,0,12,28,44,0,12,913,294,60,102,0,12,0,12,663,275,128,115,0,12
"517","060373109001","Block Group 1, Census Tract 3109, Los Angeles County, California",1111,297,0,12,0,12,0,12,0,12,0,12,0,12,0,12,0,12,17,25,0,12,0,12,0,12,32,51,0,12,0,12,0,12,0,12,0,12,0,12,0,12,2,5,3,6,0,12,0,12,1179,324,54,51,1179,324,0,12,44,64,81,80,0,12,1189,324,202,157,0,12,55,86,484,214,409,205,0,12
"518","060372733002","Block Group 2, Census Tract 2733, Los Angeles County, California",508,152,0,12,0,12,0,12,0,12,0,12,0,12,0,12,0,12,0,12,0,12,10,15,0,12,0,12,0,12,0,12,0,12,0,12,0,12,0,12,0,12,0,12,0,12,0,12,0,12,544,159,59,55,544,159,0,12,58,74,0,12,0,12,544,159,30,35,0,12,119,101,340,130,55,60,0,12
"519","060372733001","Block Group 1, Census Tract 2733, Los Angeles County, California",1560,375,0,12,0,12,0,12,0,12,0,12,0,12,0,12,0,12,33,43,0,12,0,12,0,12,0,12,0,12,0,12,0,12,0,12,0,12,10,15,0,12,0,12,0,12,0,12,0,12,1606,402,372,295,1606,402,0,12,0,12,29,26,0,12,1606,402,40,40,0,12,207,244,761,149,539,317,0,12
"520","060372736003","Block Group 3, Census Tract 2736, Los Angeles County, California",368,210,0,12,0,12,0,12,0,12,0,12,0,12,0,12,0,12,0,12,0,12,0,12,0,12,0,12,0,12,0,12,0,12,0,12,0,12,0,12,0,12,0,12,0,12,0,12,0,12,368,210,31,35,341,177,0,12,0,12,0,12,0,12,368,210,8,11,0,12,0,12,324,206,36,36,0,12
"521","060372736001","Block Group 1, Census Tract 2736, Los Angeles County, California",458,127,0,12,0,12,0,12,0,12,0,12,0,12,0,12,0,12,0,12,0,12,0,12,0,12,0,12,0,12,0,12,0,12,15,20,0,12,0,12,0,12,0,12,0,12,0,12,0,12,506,146,66,68,506,146,0,12,0,12,0,12,0,12,506,146,0,12,0,12,10,17,318,99,178,113,0,12
"522","060372736004","Block Group 4, Census Tract 2736, Los Angeles County, California",792,148,0,12,0,12,0,12,0,12,0,12,0,12,0,12,0,12,30,36,0,12,0,12,0,12,0,12,0,12,0,12,0,12,0,12,0,12,0,12,0,12,0,12,0,12,0,12,0,12,825,160,18,15,825,160,0,12,9,14,20,21,0,12,825,160,26,32,0,12,32,59,617,171,100,77,0,12
"523","060372741002","Block Group 2, Census Tract 2741, Los Angeles County, California",770,285,0,12,0,12,0,12,0,12,0,12,0,12,0,12,0,12,0,12,0,12,0,12,0,12,0,12,0,12,0,12,0,12,0,12,0,12,0,12,0,12,0,12,0,12,0,12,0,12,770,285,60,70,770,285,0,12,0,12,0,12,0,12,770,285,34,55,0,12,1,3,532,252,83,132,0,12
"524","060372741001","Block Group 1, Census Tract 2741, Los Angeles County, California",3563,396,0,12,0,12,0,12,0,12,0,12,0,12,0,12,0,12,0,12,0,12,0,12,20,24,0,12,0,12,0,12,0,12,0,12,0,12,87,98,0,12,38,63,0,12,0,12,0,12,4017,421,890,666,4068,427,0,12,0,12,116,99,0,12,4068,427,440,179,0,12,695,483,2520,419,177,121,0,12
"525","060372770005","Block Group 5, Census Tract 2770, Los Angeles County, California",1445,336,0,12,0,12,0,12,0,12,0,12,0,12,0,12,0,12,45,71,0,12,0,12,0,12,0,12,0,12,0,12,0,12,0,12,0,12,0,12,0,12,0,12,0,12,0,12,0,12,1527,358,0,12,1527,358,0,12,0,12,0,12,0,12,1527,358,174,158,0,12,38,42,1082,361,204,197,0,12
"526","060372770003","Block Group 3, Census Tract 2770, Los Angeles County, California",1217,333,0,12,0,12,0,12,0,12,0,12,0,12,0,12,0,12,0,12,0,12,0,12,0,12,0,12,0,12,0,12,0,12,0,12,0,12,0,12,0,12,0,12,0,12,0,12,0,12,1254,331,110,168,1254,331,0,12,0,12,0,12,0,12,1254,331,278,187,0,12,147,214,732,263,24,35,0,12
"527","060372770004","Block Group 4, Census Tract 2770, Los Angeles County, California",817,213,0,12,0,12,0,12,0,12,0,12,0,12,0,12,0,12,0,12,0,12,0,12,0,12,0,12,0,12,0,12,0,12,0,12,0,12,0,12,0,12,0,12,0,12,0,12,0,12,866,226,0,12,866,226,0,12,0,12,0,12,0,12,866,226,22,36,0,12,0,12,711,202,133,119,0,12
"528","060372770001","Block Group 1, Census Tract 2770, Los Angeles County, California",1045,356,0,12,0,12,0,12,0,12,0,12,0,12,0,12,0,12,0,12,0,12,0,12,0,12,0,12,0,12,0,12,0,12,0,12,0,12,0,12,0,12,0,12,0,12,0,12,0,12,1155,401,0,12,1155,401,0,12,0,12,0,12,0,12,1155,401,79,120,0,12,26,42,786,277,144,139,0,12
"529","060372911303","Block Group 3, Census Tract 2911.30, Los Angeles County, California",799,195,7,10,0,12,0,12,0,12,24,24,0,12,0,12,0,12,48,39,11,12,0,12,0,12,52,46,12,12,0,12,0,12,8,11,22,25,0,12,0,12,0,12,0,12,0,12,0,12,840,205,26,36,866,216,0,12,29,25,8,12,0,12,866,216,174,138,0,12,67,56,30,27,595,226,0,12
"530","060372911301","Block Group 1, Census Tract 2911.30, Los Angeles County, California",835,248,0,12,0,12,0,12,0,12,0,12,0,12,0,12,0,12,66,53,25,28,0,12,0,12,22,35,0,12,0,12,0,12,5,9,6,9,0,12,0,12,0,12,0,12,0,12,0,12,877,251,89,69,877,251,0,12,9,14,10,14,0,12,877,251,80,61,0,12,94,92,48,35,650,248,0,12
"531","060372912201","Block Group 1, Census Tract 2912.20, Los Angeles County, California",808,300,0,12,4,9,0,12,0,12,0,12,0,12,0,12,0,12,88,65,63,58,0,12,0,12,42,37,0,12,0,12,0,12,0,12,15,17,0,12,0,12,0,12,0,12,0,12,0,12,878,322,125,176,878,322,33,36,63,54,56,46,4,7,878,322,153,120,0,12,0,12,5,11,720,286,0,12
"532","060372912202","Block Group 2, Census Tract 2912.20, Los Angeles County, California",1593,255,0,12,0,12,0,12,0,12,0,12,0,12,0,12,0,12,136,75,17,21,0,12,0,12,33,31,0,12,0,12,0,12,8,11,12,16,0,12,0,12,52,44,0,12,0,12,1,5,1771,310,311,189,1771,310,53,83,92,56,179,88,0,12,1771,310,307,103,0,12,205,114,100,50,1111,299,0,12
"533","060375320011","Block Group 1, Census Tract 5320.01, Los Angeles County, California",1250,324,18,30,0,12,0,12,0,12,0,12,0,12,0,12,0,12,80,57,7,10,0,12,0,12,0,12,0,12,0,12,0,12,77,68,33,28,8,12,24,30,0,12,0,12,0,12,0,12,1436,415,442,418,1436,415,0,12,57,52,33,38,0,12,1436,415,0,12,0,12,26,46,77,50,1333,418,0,12
"534","060375325003","Block Group 3, Census Tract 5325, Los Angeles County, California",1533,319,0,12,0,12,0,12,0,12,0,12,0,12,0,12,0,12,209,101,26,31,0,12,0,12,0,12,27,41,0,12,0,12,41,38,18,25,0,12,0,12,0,12,11,19,0,12,0,12,1687,357,242,204,1687,357,56,89,74,57,93,78,0,12,1687,357,68,73,0,12,22,35,0,12,1597,368,0,12
"535","060375334032","Block Group 2, Census Tract 5334.03, Los Angeles County, California",915,203,0,12,0,12,0,12,0,12,0,12,0,12,0,12,0,12,74,50,48,34,0,12,0,12,0,12,0,12,0,12,0,12,80,57,21,25,0,12,0,12,0,12,4,8,0,12,0,12,851,182,158,101,851,182,21,23,86,51,73,53,0,12,977,217,11,13,0,12,46,46,47,32,873,196,0,12
"536","060375334031","Block Group 1, Census Tract 5334.03, Los Angeles County, California",1746,208,34,33,0,12,0,12,0,12,0,12,0,12,0,12,0,12,265,76,116,40,0,12,0,12,0,12,0,12,0,12,0,12,65,26,52,28,0,12,0,12,0,12,0,12,0,12,0,12,1861,205,261,104,1871,204,29,27,94,42,172,66,14,22,1871,204,31,29,0,12,0,12,16,20,1824,214,0,12
"537","060375335011","Block Group 1, Census Tract 5335.01, Los Angeles County, California",1774,332,6,13,0,12,0,12,0,12,0,12,0,12,0,12,0,12,309,108,221,97,0,12,0,12,0,12,0,12,0,12,0,12,33,30,29,31,0,12,0,12,0,12,0,12,0,12,0,12,1875,363,644,290,1875,363,7,10,108,58,199,72,0,12,1875,363,0,12,0,12,0,12,0,12,1875,363,0,12
"538","060375336013","Block Group 3, Census Tract 5336.01, Los Angeles County, California",636,316,0,12,0,12,0,12,0,12,0,12,0,12,0,12,0,12,17,27,28,32,0,12,0,12,0,12,0,12,0,12,0,12,0,12,0,12,0,12,0,12,0,12,0,12,0,12,0,12,676,335,69,100,693,342,0,12,0,12,81,71,0,12,693,342,0,12,0,12,0,12,0,12,693,342,0,12
"539","060375336012","Block Group 2, Census Tract 5336.01, Los Angeles County, California",2207,427,49,58,0,12,0,12,0,12,0,12,0,12,0,12,0,12,234,102,208,143,0,12,0,12,11,16,0,12,36,31,0,12,25,30,133,71,0,12,0,12,0,12,0,12,0,12,0,12,2415,466,624,290,2415,466,0,12,82,62,126,70,9,15,2415,466,19,29,52,80,0,12,109,77,2235,476,0,12
"540","060375348031","Block Group 1, Census Tract 5348.03, Los Angeles County, California",2654,383,0,12,0,12,0,12,0,12,0,12,0,12,0,12,0,12,378,136,172,115,0,12,0,12,0,12,0,12,0,12,0,12,101,59,58,37,0,12,0,12,0,12,0,12,0,12,0,12,2757,397,754,317,2757,397,0,12,124,56,179,103,0,12,2757,397,0,12,0,12,0,12,17,17,2740,396,0,12
"541","060379200173","Block Group 3, Census Tract 9200.17, Los Angeles County, California",970,236,0,12,0,12,0,12,0,12,0,12,0,12,0,12,0,12,0,12,0,12,0,12,0,12,0,12,0,12,0,12,0,12,0,12,0,12,0,12,0,12,6,17,0,12,0,12,0,12,1023,263,60,60,1035,267,14,23,20,22,8,13,6,17,1035,267,35,107,0,12,0,12,776,224,216,161,0,12
"542","060375537022","Block Group 2, Census Tract 5537.02, Los Angeles County, California",1881,428,18,28,0,12,0,12,0,12,0,12,0,12,0,12,0,12,363,142,30,34,0,12,0,12,0,12,0,12,0,12,0,12,31,31,22,33,0,12,0,12,0,12,0,12,0,12,0,12,1980,454,280,184,1980,454,14,23,119,72,110,75,0,12,1980,454,0,12,0,12,0,12,37,46,1943,454,0,12
"543","060376039001","Block Group 1, Census Tract 6039, Los Angeles County, California",611,266,0,12,0,12,0,12,0,12,0,12,0,12,0,12,0,12,94,84,0,12,0,12,0,12,0,12,0,12,0,12,0,12,9,15,0,12,0,12,0,12,0,12,0,12,0,12,0,12,688,272,145,171,688,272,18,32,14,25,38,61,0,12,688,272,32,46,13,21,52,83,109,96,482,285,0,12
"544","060376039004","Block Group 4, Census Tract 6039, Los Angeles County, California",1273,424,0,12,0,12,0,12,0,12,0,12,0,12,0,12,0,12,33,34,10,17,0,12,0,12,213,253,0,12,0,12,0,12,97,74,23,42,0,12,0,12,63,75,0,12,0,12,0,12,1426,539,545,518,1426,539,20,27,30,30,61,60,0,12,1426,539,507,517,0,12,51,78,227,123,634,274,0,12
"545","060376039006","Block Group 6, Census Tract 6039, Los Angeles County, California",2866,640,0,12,0,12,0,12,0,12,0,12,0,12,0,12,0,12,302,198,20,33,0,12,0,12,0,12,0,12,51,58,0,12,89,84,46,44,0,12,0,12,0,12,0,12,0,12,0,12,3093,702,596,429,3093,702,0,12,191,117,286,225,0,12,3093,702,178,122,0,12,397,235,104,54,2404,660,0,12
"546","060376039003","Block Group 3, Census Tract 6039, Los Angeles County, California",518,222,0,12,0,12,0,12,0,12,0,12,0,12,0,12,0,12,9,16,0,12,0,12,0,12,0,12,0,12,0,12,0,12,16,25,0,12,0,12,0,12,0,12,0,12,0,12,0,12,560,220,73,107,560,220,0,12,18,29,14,24,0,12,560,220,122,114,0,12,0,12,56,52,307,211,0,12
"547","060376209013","Block Group 3, Census Tract 6209.01, Los Angeles County, California",600,120,0,12,0,12,0,12,0,12,0,12,0,12,0,12,0,12,10,14,0,12,0,12,0,12,0,12,0,12,0,12,0,12,0,12,0,12,0,12,0,12,0,12,0,12,0,12,0,12,614,123,62,61,614,123,0,12,0,12,4,8,0,12,614,123,29,37,0,12,9,16,516,112,50,50,0,12
"548","060376209011","Block Group 1, Census Tract 6209.01, Los Angeles County, California",1389,162,0,12,0,12,0,12,0,12,0,12,0,12,0,12,0,12,5,9,0,12,0,12,0,12,11,15,0,12,0,12,0,12,0,12,0,12,0,12,0,12,0,12,0,12,0,12,0,12,1499,188,137,104,1499,188,13,19,0,12,5,9,0,12,1499,188,278,163,0,12,0,12,939,138,144,104,0,12
"549","060372041202","Block Group 2, Census Tract 2041.20, Los Angeles County, California",1418,353,0,12,0,12,0,12,0,12,0,12,0,12,0,12,0,12,186,99,103,72,0,12,0,12,0,12,0,12,0,12,0,12,9,14,11,19,0,12,0,12,0,12,0,12,0,12,0,12,1552,393,360,255,1552,393,0,12,34,37,169,82,9,17,1552,393,0,12,0,12,33,50,23,22,1458,379,10,14
"550","060372044101","Block Group 1, Census Tract 2044.10, Los Angeles County, California",899,253,0,12,0,12,0,12,0,12,0,12,0,12,0,12,0,12,133,60,83,62,0,12,0,12,0,12,0,12,0,12,0,12,31,26,38,24,0,12,0,12,10,8,0,12,0,12,0,12,977,276,316,194,977,276,0,12,33,33,105,60,0,12,977,276,35,22,0,12,0,12,30,33,912,270,0,12
"551","060372044102","Block Group 2, Census Tract 2044.10, Los Angeles County, California",1544,333,0,12,0,12,0,12,0,12,0,12,0,12,0,12,0,12,227,107,131,98,0,12,0,12,0,12,0,12,0,12,0,12,34,29,122,90,0,12,0,12,6,9,0,12,0,12,0,12,1568,331,542,223,1598,337,17,28,46,41,145,91,7,11,1598,337,16,12,0,12,5,9,5,8,1572,339,0,12
"552","060372654102","Block Group 2, Census Tract 2654.10, Los Angeles County, California",856,164,0,12,0,12,0,12,0,12,0,12,0,12,0,12,0,12,0,12,0,12,0,12,0,12,5,7,0,12,0,12,0,12,0,12,0,12,0,12,0,12,8,12,0,12,0,12,0,12,892,176,148,126,898,175,0,12,11,12,6,9,0,12,898,175,100,78,0,12,0,12,679,150,85,64,0,12
"553","060372621002","Block Group 2, Census Tract 2621, Los Angeles County, California",426,182,0,12,0,12,0,12,0,12,0,12,0,12,0,12,0,12,0,12,0,12,0,12,0,12,0,12,0,12,0,12,0,12,0,12,0,12,10,16,0,12,0,12,0,12,0,12,0,12,440,186,17,25,440,186,27,56,0,12,31,62,0,12,440,186,116,132,0,12,0,12,260,153,47,53,0,12
"554","060374062001","Block Group 1, Census Tract 4062, Los Angeles County, California",1135,300,0,12,0,12,0,12,0,12,0,12,0,12,0,12,0,12,13,22,4,8,0,12,0,12,26,30,0,12,0,12,0,12,21,20,8,13,0,12,3,7,23,29,3,7,0,12,0,12,1015,289,95,120,1015,289,32,27,85,78,11,19,0,12,1135,300,133,102,0,12,17,19,366,141,572,239,0,12
"555","060374081341","Block Group 1, Census Tract 4081.34, Los Angeles County, California",2679,203,0,12,0,12,0,12,0,12,0,12,0,12,0,12,0,12,39,41,0,12,0,12,0,12,76,46,29,30,0,12,0,12,15,18,9,13,0,12,0,12,30,20,35,44,0,12,0,12,2760,203,382,212,2760,203,0,12,46,35,136,56,6,9,2760,203,1391,194,0,12,138,112,290,101,835,202,0,12
"556","060374083011","Block Group 1, Census Tract 4083.01, Los Angeles County, California",4313,593,0,12,30,42,0,12,0,12,0,12,0,12,0,12,0,12,292,106,168,92,0,12,0,12,45,45,33,40,0,12,0,12,131,93,124,88,0,12,0,12,27,33,12,19,0,12,0,12,4513,600,554,301,4561,615,60,62,147,78,288,119,7,13,4561,615,476,213,0,12,30,28,91,75,3964,614,0,12
"557","060374083012","Block Group 2, Census Tract 4083.01, Los Angeles County, California",918,432,0,12,0,12,0,12,0,12,0,12,0,12,0,12,0,12,25,34,64,102,0,12,0,12,8,15,0,12,0,12,0,12,58,52,43,44,0,12,0,12,0,12,11,20,0,12,0,12,1008,500,183,168,1008,500,0,12,0,12,77,72,0,12,1008,500,44,81,0,12,0,12,0,12,964,506,0,12
"558","060374086271","Block Group 1, Census Tract 4086.27, Los Angeles County, California",1962,195,0,12,0,12,0,12,0,12,0,12,0,12,0,12,0,12,4,7,22,30,6,8,0,12,172,90,17,25,0,12,0,12,0,12,16,23,4,7,0,12,92,46,14,15,0,12,0,12,2099,247,232,137,2099,247,41,48,126,95,134,92,16,23,2099,247,1508,251,0,12,16,18,203,88,367,165,0,12
"559","060374086272","Block Group 2, Census Tract 4086.27, Los Angeles County, California",941,190,0,12,0,12,0,12,0,12,0,12,0,12,0,12,0,12,13,14,0,12,0,12,0,12,78,36,13,14,0,12,0,12,16,22,0,12,5,9,0,12,45,38,0,12,0,12,0,12,977,198,58,54,977,198,0,12,0,12,0,12,6,9,977,198,518,115,9,13,25,37,142,55,240,142,0,12
"560","060374087032","Block Group 2, Census Tract 4087.03, Los Angeles County, California",4047,392,0,12,0,12,0,12,0,12,9,13,0,12,0,12,0,12,28,41,0,12,10,15,0,12,444,216,119,94,0,12,0,12,0,12,0,12,0,12,0,12,76,47,105,60,0,12,0,12,4225,413,305,193,4248,414,26,30,156,117,141,108,6,13,4248,414,3585,399,0,12,56,83,282,174,289,143,0,12
"561","060374087031","Block Group 1, Census Tract 4087.03, Los Angeles County, California",2228,391,0,12,0,12,0,12,0,12,10,14,0,12,0,12,0,12,9,14,0,12,0,12,0,12,161,74,32,50,0,12,0,12,0,12,0,12,14,22,0,12,149,90,27,34,0,12,0,12,2297,389,113,85,2297,389,27,31,57,50,42,45,16,25,2297,389,1777,357,0,12,0,12,136,71,335,209,0,12
"562","060374305025","Block Group 5, Census Tract 4305.02, Los Angeles County, California",886,293,0,12,0,12,0,12,0,12,0,12,0,12,0,12,0,12,0,12,0,12,0,12,0,12,0,12,0,12,0,12,0,12,0,12,0,12,0,12,0,12,16,24,0,12,0,12,0,12,919,302,13,22,919,302,0,12,110,152,20,30,0,12,919,302,100,92,0,12,16,26,638,212,150,238,0,12
"563","060374305024","Block Group 4, Census Tract 4305.02, Los Angeles County, California",651,251,0,12,0,12,0,12,0,12,0,12,0,12,0,12,0,12,0,12,0,12,0,12,0,12,0,12,0,12,0,12,0,12,0,12,0,12,0,12,0,12,0,12,0,12,0,12,0,12,689,253,27,30,703,255,0,12,27,42,13,21,0,12,703,255,54,54,0,12,0,12,488,244,114,130,0,12
"564","060374305022","Block Group 2, Census Tract 4305.02, Los Angeles County, California",2069,346,0,12,0,12,0,12,0,12,0,12,0,12,0,12,0,12,0,12,0,12,0,12,0,12,60,72,0,12,0,12,0,12,0,12,0,12,0,12,0,12,0,12,0,12,0,12,0,12,2177,389,207,192,2177,389,60,93,17,27,20,32,0,12,2177,389,281,163,0,12,20,32,1307,307,458,227,0,12
"565","060374305026","Block Group 6, Census Tract 4305.02, Los Angeles County, California",1102,320,0,12,0,12,0,12,0,12,0,12,0,12,0,12,0,12,0,12,0,12,0,12,0,12,0,12,0,12,0,12,0,12,0,12,0,12,0,12,0,12,38,62,0,12,0,12,0,12,1102,320,146,84,1102,320,0,12,0,12,50,83,38,62,1102,320,143,214,0,12,0,12,791,239,156,65,0,12
"566","060374305021","Block Group 1, Census Tract 4305.02, Los Angeles County, California",618,176,0,12,0,12,0,12,0,12,0,12,0,12,0,12,0,12,0,12,0,12,0,12,0,12,24,32,0,12,0,12,0,12,0,12,0,12,0,12,0,12,0,12,0,12,0,12,0,12,633,177,13,22,633,177,0,12,14,23,26,41,0,12,633,177,149,176,0,12,0,12,439,165,45,43,0,12
"567","060371070202","Block Group 2, Census Tract 1070.20, Los Angeles County, California",579,279,0,12,0,12,0,12,0,12,0,12,0,12,0,12,0,12,32,29,0,12,0,12,0,12,0,12,0,12,0,12,0,12,20,32,13,23,0,12,0,12,0,12,0,12,0,12,0,12,643,317,48,102,643,317,0,12,0,12,0,12,0,12,643,317,0,12,0,12,0,12,8,12,635,314,0,12
"568","060371070201","Block Group 1, Census Tract 1070.20, Los Angeles County, California",4344,597,10,16,0,12,0,12,0,12,0,12,0,12,0,12,0,12,313,124,91,72,0,12,0,12,12,20,0,12,0,12,0,12,115,83,59,63,0,12,0,12,10,16,0,12,0,12,0,12,4674,621,178,105,4674,621,21,37,146,93,174,100,35,55,4674,621,418,168,0,12,18,20,209,61,4013,637,0,12
"569","060371111002","Block Group 2, Census Tract 1111, Los Angeles County, California",1554,247,0,12,9,13,0,12,0,12,0,12,0,12,0,12,0,12,11,16,0,12,36,49,0,12,0,12,0,12,0,12,0,12,0,12,0,12,0,12,0,12,0,12,0,12,0,12,0,12,1641,263,96,64,1641,263,14,23,54,52,75,58,0,12,1641,263,217,120,0,12,72,65,561,146,721,279,5,8
"570","060371113022","Block Group 2, Census Tract 1113.02, Los Angeles County, California",3630,389,0,12,0,12,0,12,0,12,0,12,0,12,0,12,0,12,9,14,0,12,0,12,0,12,213,131,18,22,0,12,0,12,14,23,14,22,23,28,0,12,0,12,45,43,0,12,0,12,3594,389,590,242,3625,388,43,48,70,53,165,95,0,12,3762,415,1014,273,5,11,477,302,1020,258,1183,323,0,12
"571","060371114001","Block Group 1, Census Tract 1114, Los Angeles County, California",2686,551,0,12,0,12,0,12,0,12,0,12,0,12,0,12,0,12,70,97,0,12,23,36,23,35,32,39,0,12,0,12,0,12,0,12,0,12,0,12,0,12,0,12,11,17,0,12,0,12,2745,565,89,85,2745,565,46,74,22,37,21,35,0,12,2745,565,542,335,0,12,0,12,1079,398,1124,427,0,12
"572","060372701001","Block Group 1, Census Tract 2701, Los Angeles County, California",1419,428,0,12,0,12,0,12,0,12,0,12,0,12,0,12,0,12,0,12,0,12,0,12,0,12,0,12,0,12,0,12,0,12,0,12,0,12,0,12,0,12,0,12,0,12,0,12,0,12,1535,496,349,221,1535,496,0,12,198,185,106,94,18,28,1535,496,506,363,0,12,62,56,529,230,252,263,0,12
"573","060372701002","Block Group 2, Census Tract 2701, Los Angeles County, California",906,397,0,12,0,12,0,12,0,12,0,12,0,12,0,12,0,12,52,81,0,12,0,12,0,12,0,12,0,12,0,12,0,12,0,12,0,12,0,12,0,12,0,12,0,12,0,12,0,12,906,397,16,27,906,397,0,12,16,27,0,12,0,12,906,397,78,81,0,12,162,256,327,126,266,279,12,21
"574","060372760004","Block Group 4, Census Tract 2760, Los Angeles County, California",1036,262,0,12,0,12,0,12,0,12,0,12,0,12,0,12,0,12,0,12,24,38,0,12,0,12,0,12,0,12,0,12,0,12,0,12,0,12,0,12,0,12,0,12,0,12,0,12,0,12,1117,280,61,55,1117,280,0,12,0,12,21,32,0,12,1117,280,132,104,0,12,184,188,351,123,336,189,56,88
"575","060372760005","Block Group 5, Census Tract 2760, Los Angeles County, California",700,200,0,12,0,12,0,12,0,12,0,12,0,12,0,12,0,12,0,12,0,12,0,12,0,12,0,12,0,12,0,12,0,12,0,12,0,12,0,12,0,12,0,12,0,12,0,12,0,12,782,236,15,21,782,236,0,12,11,19,12,20,0,12,782,236,51,50,0,12,0,12,618,231,91,65,0,12
"576","060372912102","Block Group 2, Census Tract 2912.10, Los Angeles County, California",2216,442,0,12,0,12,0,12,0,12,0,12,0,12,0,12,0,12,34,46,0,12,0,12,0,12,44,46,6,10,0,12,0,12,17,20,0,12,0,12,0,12,27,27,0,12,0,12,0,12,2488,521,616,456,2488,521,26,38,22,30,16,25,0,12,2488,521,417,185,0,12,247,173,268,161,1545,495,0,12
"577","060374026001","Block Group 1, Census Tract 4026, Los Angeles County, California",827,308,0,12,0,12,0,12,0,12,0,12,0,12,0,12,0,12,12,19,21,26,0,12,0,12,0,12,0,12,0,12,0,12,0,12,0,12,0,12,0,12,0,12,12,24,0,12,0,12,846,311,66,54,846,311,26,41,39,36,39,36,15,25,846,311,136,214,0,12,142,185,170,148,370,234,0,12
"578","060374026002","Block Group 2, Census Tract 4026, Los Angeles County, California",1851,646,0,12,0,12,0,12,0,12,0,12,0,12,0,12,0,12,192,162,223,147,0,12,0,12,0,12,0,12,0,12,0,12,31,50,43,67,0,12,0,12,0,12,0,12,0,12,0,12,2109,665,606,404,2165,700,286,332,382,225,55,89,0,12,2165,700,24,37,0,12,0,12,114,81,1971,705,0,12
"579","060372377201","Block Group 1, Census Tract 2377.20, Los Angeles County, California",800,266,23,29,0,12,0,12,0,12,0,12,0,12,0,12,0,12,19,19,7,10,0,12,0,12,0,12,0,12,0,12,0,12,2,6,15,20,0,12,0,12,0,12,0,12,0,12,0,12,814,278,278,142,862,298,4,7,129,83,28,30,0,12,862,298,0,12,0,12,321,186,18,22,487,225,3,6
"580","060372405002","Block Group 2, Census Tract 2405, Los Angeles County, California",1760,489,10,17,0,12,0,12,0,12,0,12,0,12,0,12,0,12,292,152,106,88,0,12,0,12,0,12,0,12,0,12,0,12,18,29,68,60,0,12,0,12,0,12,0,12,0,12,0,12,1956,585,226,219,1956,585,0,12,96,71,128,80,0,12,1956,585,0,12,0,12,204,133,0,12,1752,589,0,12
"581","060372405003","Block Group 3, Census Tract 2405, Los Angeles County, California",1291,345,0,12,0,12,0,12,0,12,0,12,0,12,0,12,0,12,83,86,118,102,0,12,0,12,0,12,0,12,0,12,0,12,0,12,98,61,0,12,0,12,0,12,0,12,0,12,0,12,1476,372,564,281,1476,372,0,12,87,88,137,81,0,12,1476,372,0,12,0,12,522,294,0,12,954,372,0,12
"582","060375547002","Block Group 2, Census Tract 5547, Los Angeles County, California",1889,380,4,7,0,12,0,12,0,12,0,12,0,12,0,12,0,12,196,124,50,52,0,12,0,12,58,54,0,12,0,12,0,12,48,30,55,55,0,12,0,12,28,25,17,18,0,12,0,12,1930,399,243,151,1930,399,40,49,158,151,214,110,32,45,1930,399,369,162,17,25,0,12,79,72,1459,366,0,12
"583","060375703031","Block Group 1, Census Tract 5703.03, Los Angeles County, California",1834,369,0,12,0,12,0,12,0,12,0,12,0,12,0,12,0,12,182,105,24,28,0,12,0,12,42,45,0,12,0,12,0,12,15,22,50,68,0,12,0,12,0,12,0,12,0,12,0,12,1990,397,316,251,1990,397,10,17,103,75,62,63,0,12,1990,397,288,175,0,12,191,159,47,52,1441,422,0,12
"584","060373107031","Block Group 1, Census Tract 3107.03, Los Angeles County, California",2703,502,117,190,0,12,0,12,0,12,0,12,0,12,0,12,0,12,56,91,0,12,14,24,52,71,0,12,0,12,0,12,0,12,0,12,0,12,144,135,23,28,0,12,0,12,0,12,0,12,2914,528,782,460,2914,528,97,144,98,78,199,127,0,12,2914,528,248,144,0,12,27,40,1566,334,859,377,0,12
"585","060373107032","Block Group 2, Census Tract 3107.03, Los Angeles County, California",1822,358,0,12,0,12,18,29,0,12,0,12,0,12,0,12,0,12,20,33,0,12,47,56,13,21,0,12,0,12,23,39,0,12,0,12,0,12,67,66,138,128,0,12,0,12,0,12,0,12,1879,376,534,301,1879,376,37,58,107,106,56,64,0,12,1879,376,80,74,0,12,99,123,1504,313,136,174,0,12
"586","060376016002","Block Group 2, Census Tract 6016, Los Angeles County, California",2114,402,0,12,0,12,0,12,0,12,0,12,0,12,0,12,0,12,400,197,111,79,0,12,0,12,0,12,0,12,0,12,0,12,120,94,0,12,0,12,0,12,0,12,0,12,0,12,0,12,2366,465,672,355,2366,465,31,47,269,130,161,94,0,12,2366,465,0,12,153,236,0,12,0,12,2213,473,0,12
"587","060376016003","Block Group 3, Census Tract 6016, Los Angeles County, California",1395,361,0,12,0,12,0,12,0,12,0,12,0,12,0,12,0,12,103,76,112,81,0,12,0,12,0,12,0,12,0,12,0,12,28,32,29,46,0,12,0,12,0,12,0,12,0,12,0,12,1486,391,267,221,1486,391,0,12,55,60,184,93,0,12,1486,391,271,182,0,12,32,51,45,47,1087,372,0,12
"588","060376017004","Block Group 4, Census Tract 6017, Los Angeles County, California",1778,486,0,12,0,12,0,12,0,12,0,12,0,12,0,12,0,12,221,126,84,67,0,12,0,12,0,12,0,12,0,12,0,12,31,39,0,12,0,12,0,12,0,12,0,12,0,12,0,12,1941,538,346,245,1941,538,54,89,80,73,183,118,22,34,1941,538,0,12,0,12,49,81,0,12,1838,563,0,12
"589","060376017003","Block Group 3, Census Tract 6017, Los Angeles County, California",933,355,0,12,0,12,0,12,0,12,0,12,0,12,0,12,0,12,151,91,97,109,0,12,0,12,0,12,0,12,0,12,0,12,35,43,0,12,0,12,0,12,0,12,0,12,0,12,0,12,947,353,116,180,947,353,0,12,34,54,90,97,0,12,947,353,0,12,0,12,11,20,0,12,936,353,0,12
"590","060376022001","Block Group 1, Census Tract 6022, Los Angeles County, California",1764,569,38,67,0,12,0,12,0,12,0,12,0,12,0,12,0,12,93,81,37,58,0,12,0,12,18,27,0,12,0,12,0,12,11,23,94,121,0,12,0,12,0,12,0,12,0,12,0,12,1772,565,235,276,1738,569,21,35,37,58,114,85,0,12,1777,566,389,296,0,12,305,403,396,201,604,369,0,12
"591","060376022003","Block Group 3, Census Tract 6022, Los Angeles County, California",378,194,0,12,0,12,0,12,0,12,0,12,0,12,0,12,0,12,12,30,0,12,2,12,0,12,0,12,0,12,0,12,0,12,0,12,0,12,0,12,3,15,0,12,0,12,0,12,0,12,378,194,0,12,378,194,0,12,0,12,0,12,0,12,378,194,0,12,0,12,0,12,133,128,245,158,0,12
"592","060376022005","Block Group 5, Census Tract 6022, Los Angeles County, California",2456,546,0,12,0,12,0,12,0,12,0,12,0,12,0,12,0,12,207,130,52,74,0,12,0,12,0,12,0,12,0,12,0,12,0,12,41,52,0,12,0,12,0,12,0,12,0,12,0,12,2616,584,646,443,2616,584,11,19,153,130,84,84,0,12,2616,584,100,89,0,12,526,423,120,79,1859,541,0,12
"593","060376031012","Block Group 2, Census Tract 6031.01, Los Angeles County, California",1145,300,0,12,0,12,0,12,0,12,15,22,0,12,0,12,0,12,23,28,9,15,0,12,0,12,63,46,0,12,0,12,0,12,0,12,0,12,0,12,0,12,29,44,22,35,0,12,0,12,1185,313,113,60,1185,313,15,22,0,12,29,31,0,12,1185,313,450,162,0,12,66,78,129,62,457,245,0,12
"594","060376031013","Block Group 3, Census Tract 6031.01, Los Angeles County, California",1212,229,0,12,0,12,0,12,0,12,0,12,0,12,0,12,0,12,66,55,0,12,0,12,0,12,7,10,7,11,0,12,0,12,0,12,26,26,0,12,0,12,0,12,0,12,0,12,0,12,1225,251,140,123,1239,252,0,12,17,19,86,78,0,12,1287,254,391,163,0,12,172,92,250,138,444,159,0,12
"595","060376034001","Block Group 1, Census Tract 6034, Los Angeles County, California",1555,370,0,12,0,12,0,12,0,12,7,12,0,12,0,12,0,12,44,37,129,87,0,12,0,12,0,12,0,12,0,12,0,12,8,11,9,14,0,12,0,12,26,24,0,12,22,35,0,12,1677,443,60,89,1677,443,0,12,132,72,9,14,0,12,1677,443,222,108,208,297,214,223,87,96,924,253,0,12
"596","060376034002","Block Group 2, Census Tract 6034, Los Angeles County, California",1284,326,0,12,0,12,0,12,0,12,0,12,0,12,0,12,0,12,68,78,0,12,0,12,0,12,0,12,0,12,20,30,0,12,0,12,10,15,0,12,0,12,8,13,0,12,0,12,0,12,1419,333,51,45,1419,333,0,12,59,60,20,23,0,12,1419,333,411,176,0,12,131,169,321,168,476,266,0,12
"597","060371042011","Block Group 1, Census Tract 1042.01, Los Angeles County, California",1402,297,0,12,0,12,0,12,0,12,0,12,0,12,0,12,0,12,202,87,70,45,0,12,0,12,0,12,0,12,0,12,0,12,5,9,7,11,0,12,0,12,0,12,0,12,0,12,0,12,1418,300,226,115,1431,307,11,14,111,64,130,79,0,12,1431,307,0,12,0,12,170,86,24,31,1206,295,31,48
"598","060371042012","Block Group 2, Census Tract 1042.01, Los Angeles County, California",1386,400,11,12,5,8,0,12,0,12,0,12,0,12,0,12,0,12,127,66,68,86,0,12,0,12,0,12,0,12,0,12,0,12,47,51,27,34,0,12,0,12,0,12,0,12,0,12,0,12,1512,436,345,256,1550,456,0,12,27,23,87,59,0,12,1550,456,0,12,0,12,74,64,26,29,1450,453,0,12
"599","060371043203","Block Group 3, Census Tract 1043.20, Los Angeles County, California",997,443,0,12,0,12,0,12,0,12,0,12,0,12,0,12,0,12,36,46,101,75,0,12,0,12,0,12,0,12,0,12,0,12,3,11,7,10,0,12,0,12,0,12,0,12,0,12,0,12,1037,443,68,44,1037,443,65,93,23,40,76,73,0,12,1037,443,0,12,0,12,0,12,0,12,972,420,0,12
"600","060371043201","Block Group 1, Census Tract 1043.20, Los Angeles County, California",2611,613,0,12,0,12,0,12,0,12,0,12,0,12,0,12,0,12,522,219,267,168,0,12,0,12,0,12,0,12,0,12,0,12,70,77,118,106,0,12,0,12,0,12,0,12,0,12,0,12,2823,652,320,208,2823,652,0,12,110,84,81,67,0,12,2823,652,0,12,0,12,132,105,120,97,2503,633,2,5
"601","060373109003","Block Group 3, Census Tract 3109, Los Angeles County, California",447,166,0,12,0,12,0,12,0,12,0,12,0,12,0,12,0,12,0,12,0,12,0,12,0,12,0,12,0,12,0,12,0,12,20,33,0,12,0,12,0,12,0,12,0,12,0,12,0,12,447,166,0,12,447,166,0,12,47,75,0,12,0,12,447,166,65,84,0,12,0,12,217,85,151,133,14,23
"602","060373109002","Block Group 2, Census Tract 3109, Los Angeles County, California",1404,346,0,12,0,12,0,12,0,12,0,12,0,12,0,12,0,12,16,27,0,12,61,75,20,32,30,51,13,22,32,50,0,12,0,12,0,12,0,12,56,89,0,12,16,28,0,12,0,12,1581,392,111,93,1581,392,0,12,66,62,0,12,0,12,1581,392,523,338,0,12,17,27,726,275,268,217,0,12
"603","060373201001","Block Group 1, Census Tract 3201, Los Angeles County, California",1879,417,0,12,0,12,0,12,0,12,0,12,0,12,0,12,0,12,159,82,14,22,0,12,0,12,0,12,0,12,0,12,0,12,14,21,0,12,0,12,0,12,0,12,0,12,0,12,0,12,1948,431,87,55,1948,431,51,57,85,76,171,106,0,12,1948,431,21,33,0,12,13,20,126,87,1788,434,0,12
"604","060371897011","Block Group 1, Census Tract 1897.01, Los Angeles County, California",549,180,0,12,0,12,0,12,0,12,0,12,0,12,0,12,0,12,0,12,0,12,26,27,0,12,0,12,0,12,0,12,0,12,0,12,0,12,0,12,0,12,0,12,0,12,0,12,0,12,582,185,21,31,582,185,0,12,0,12,33,47,0,12,582,185,53,47,0,12,17,27,450,195,16,24,0,12
"605","060371907001","Block Group 1, Census Tract 1907, Los Angeles County, California",1097,269,0,12,0,12,0,12,0,12,0,12,0,12,0,12,0,12,0,12,0,12,19,30,0,12,52,51,0,12,0,12,0,12,0,12,0,12,53,49,0,12,0,12,0,12,0,12,0,12,1130,283,504,222,1130,283,0,12,106,110,0,12,0,12,1130,283,138,122,0,12,62,97,602,174,182,81,8,12
"606","060371907002","Block Group 2, Census Tract 1907, Los Angeles County, California",562,217,0,12,0,12,0,12,0,12,0,12,0,12,0,12,0,12,0,12,18,28,0,12,0,12,15,25,0,12,0,12,0,12,0,12,0,12,0,12,0,12,0,12,0,12,0,12,0,12,562,217,81,76,562,217,15,25,33,41,56,42,0,12,562,217,26,31,0,12,84,80,263,135,156,156,0,12
"607","060371909023","Block Group 3, Census Tract 1909.02, Los Angeles County, California",636,294,0,12,0,12,0,12,0,12,0,12,0,12,0,12,0,12,63,57,0,12,0,12,8,14,0,12,0,12,0,12,0,12,0,12,0,12,0,12,8,14,0,12,0,12,0,12,0,12,660,314,278,247,660,314,0,12,22,24,92,58,0,12,660,314,22,34,0,12,0,12,123,63,466,294,0,12
"608","060371911102","Block Group 2, Census Tract 1911.10, Los Angeles County, California",793,220,0,12,0,12,0,12,0,12,0,12,0,12,0,12,0,12,39,32,27,34,10,15,9,15,0,12,7,15,0,12,0,12,0,12,22,29,7,15,16,25,7,15,0,12,0,12,0,12,786,252,91,77,786,252,11,19,32,49,5,9,0,12,854,255,161,108,0,12,26,34,222,111,413,240,0,12
"609","060371915001","Block Group 1, Census Tract 1915, Los Angeles County, California",1261,296,0,12,0,12,25,39,0,12,0,12,0,12,0,12,0,12,13,18,31,30,0,12,0,12,11,17,0,12,0,12,0,12,52,59,0,12,0,12,0,12,12,18,0,12,0,12,0,12,1285,297,93,78,1295,300,9,13,64,38,58,56,17,28,1295,300,540,200,0,12,40,43,256,119,407,248,0,12
"610","060371924103","Block Group 3, Census Tract 1924.10, Los Angeles County, California",868,254,0,12,0,12,0,12,0,12,14,20,0,12,0,12,0,12,0,12,9,15,0,12,0,12,0,12,0,12,0,12,0,12,0,12,7,13,0,12,0,12,0,12,27,34,0,12,0,12,902,284,9,16,902,284,5,10,17,21,30,28,0,12,902,284,242,149,0,12,0,12,464,241,180,108,0,12
"611","060371924102","Block Group 2, Census Tract 1924.10, Los Angeles County, California",874,263,0,12,0,12,0,12,0,12,0,12,0,12,0,12,0,12,49,75,0,12,0,12,0,12,0,12,0,12,0,12,0,12,15,25,0,12,0,12,0,12,0,12,0,12,0,12,0,12,889,262,244,178,889,262,22,36,22,37,43,72,0,12,889,262,223,142,0,12,37,26,259,105,339,220,0,12
"612","060371924104","Block Group 4, Census Tract 1924.10, Los Angeles County, California",799,202,0,12,0,12,0,12,0,12,0,12,0,12,0,12,0,12,0,12,0,12,0,12,0,12,0,12,0,12,0,12,0,12,0,12,0,12,9,13,0,12,0,12,0,12,0,12,0,12,810,208,74,61,819,211,0,12,0,12,23,37,0,12,819,211,184,117,0,12,68,58,491,142,40,33,0,12
"613","060371924201","Block Group 1, Census Tract 1924.20, Los Angeles County, California",1377,478,0,12,0,12,0,12,0,12,0,12,0,12,0,12,0,12,196,133,136,117,0,12,0,12,17,36,0,12,0,12,0,12,0,12,0,12,0,12,0,12,10,18,24,27,0,12,0,12,1481,567,383,427,1481,567,0,12,102,107,121,118,12,20,1481,567,215,138,6,10,53,64,214,83,924,508,0,12
"614","060371943001","Block Group 1, Census Tract 1943, Los Angeles County, California",1200,291,0,12,0,12,0,12,0,12,0,12,0,12,0,12,0,12,0,12,0,12,0,12,0,12,0,12,0,12,0,12,0,12,0,12,0,12,0,12,0,12,0,12,0,12,0,12,0,12,1216,293,43,57,1216,293,0,12,0,12,22,20,0,12,1216,293,12,18,0,12,73,113,901,267,213,218,0,12
"615","060371943002","Block Group 2, Census Tract 1943, Los Angeles County, California",729,184,0,12,0,12,0,12,0,12,0,12,0,12,0,12,0,12,0,12,0,12,0,12,0,12,0,12,0,12,0,12,0,12,0,12,0,12,10,15,0,12,0,12,0,12,0,12,0,12,749,186,39,32,749,186,0,12,13,21,50,41,0,12,749,186,62,62,0,12,0,12,639,190,10,15,0,12
"616","060374624004","Block Group 4, Census Tract 4624, Los Angeles County, California",741,184,0,12,0,12,0,12,0,12,0,12,0,12,0,12,0,12,33,40,0,12,0,12,0,12,0,12,0,12,0,12,0,12,0,12,17,22,22,36,0,12,0,12,0,12,0,12,0,12,765,186,92,62,758,186,0,12,0,12,26,41,0,12,765,186,65,61,0,12,19,22,374,119,293,182,0,12
"617","060374624003","Block Group 3, Census Tract 4624, Los Angeles County, California",970,265,9,15,0,12,0,12,0,12,0,12,0,12,0,12,0,12,0,12,0,12,0,12,0,12,17,28,0,12,0,12,0,12,27,45,0,12,19,28,0,12,0,12,0,12,0,12,0,12,1026,274,145,126,1026,274,0,12,0,12,17,28,0,12,1026,274,198,102,0,12,8,15,332,117,436,242,0,12
"618","060374802013","Block Group 3, Census Tract 4802.01, Los Angeles County, California",1395,261,0,12,0,12,0,12,0,12,5,10,0,12,0,12,0,12,0,12,0,12,0,12,0,12,22,28,11,17,0,12,0,12,22,25,5,10,0,12,0,12,76,66,41,50,0,12,0,12,1373,256,65,58,1373,256,11,16,0,12,88,55,18,26,1463,276,739,199,0,12,9,10,325,131,329,169,0,12
"619","060374802012","Block Group 2, Census Tract 4802.01, Los Angeles County, California",1040,283,0,12,0,12,0,12,0,12,0,12,0,12,0,12,0,12,0,12,0,12,0,12,0,12,25,37,0,12,0,12,0,12,0,12,0,12,0,12,0,12,0,12,0,12,0,12,0,12,1073,286,0,12,1073,286,0,12,0,12,0,12,0,12,1073,286,239,128,0,12,40,70,413,251,362,241,0,12
"620","060374809012","Block Group 2, Census Tract 4809.01, Los Angeles County, California",1549,316,0,12,0,12,0,12,0,12,0,12,0,12,0,12,0,12,59,56,11,18,56,90,0,12,185,100,38,48,0,12,0,12,9,15,0,12,0,12,0,12,52,37,39,47,0,12,0,12,1670,366,256,245,1684,370,17,28,49,52,59,54,0,12,1684,370,808,271,0,12,132,153,66,92,646,252,0,12
"621","060374813002","Block Group 2, Census Tract 4813, Los Angeles County, California",1833,267,0,12,0,12,0,12,0,12,7,9,0,12,0,12,0,12,4,7,0,12,0,12,0,12,258,112,56,40,0,12,0,12,0,12,5,8,0,12,0,12,86,39,85,45,0,12,0,12,1905,282,207,194,1905,282,0,12,75,44,47,33,8,12,1905,282,1330,271,6,9,0,12,63,41,506,169,0,12
"622","060374816031","Block Group 1, Census Tract 4816.03, Los Angeles County, California",2461,344,0,12,0,12,0,12,0,12,0,12,0,12,0,12,0,12,0,12,0,12,8,12,0,12,309,147,123,83,0,12,0,12,10,15,17,18,0,12,0,12,95,58,30,31,0,12,0,12,2589,352,286,170,2589,352,8,13,17,19,111,82,0,12,2589,352,1675,291,160,223,168,230,65,50,473,173,21,32
"623","060374817142","Block Group 2, Census Tract 4817.14, Los Angeles County, California",961,228,0,12,0,12,0,12,0,12,9,12,0,12,0,12,0,12,0,12,0,12,0,12,0,12,131,58,76,55,0,12,0,12,0,12,0,12,0,12,0,12,82,41,32,30,0,12,0,12,968,229,205,94,968,229,0,12,41,26,7,12,5,8,968,229,895,231,0,12,5,8,20,30,48,48,0,12
"624","060374823013","Block Group 3, Census Tract 4823.01, Los Angeles County, California",1249,403,0,12,0,12,0,12,0,12,0,12,0,12,0,12,0,12,0,12,6,12,0,12,0,12,279,175,124,127,0,12,0,12,0,12,0,12,0,12,0,12,13,17,126,108,0,12,0,12,1321,419,248,131,1321,419,0,12,3,6,20,32,0,12,1321,419,1078,417,0,12,24,39,18,27,194,201,0,12
"625","060374823011","Block Group 1, Census Tract 4823.01, Los Angeles County, California",555,370,0,12,0,12,0,12,0,12,13,16,0,12,0,12,0,12,0,12,0,12,0,12,0,12,71,70,85,111,0,12,0,12,0,12,0,12,0,12,0,12,21,28,111,151,0,12,0,12,572,372,17,16,573,372,0,12,0,12,19,23,0,12,573,372,446,379,0,12,1,3,21,22,104,108,0,12
"626","060374823014","Block Group 4, Census Tract 4823.01, Los Angeles County, California",909,344,0,12,0,12,0,12,0,12,7,11,0,12,0,12,0,12,0,12,0,12,0,12,0,12,104,60,40,42,0,12,0,12,0,12,7,11,0,12,0,12,80,69,87,74,0,12,0,12,954,375,268,183,954,375,0,12,0,12,51,56,0,12,954,375,707,309,0,12,0,12,0,12,247,274,0,12
"627","060374824011","Block Group 1, Census Tract 4824.01, Los Angeles County, California",543,132,0,12,0,12,0,12,0,12,0,12,0,12,0,12,0,12,6,9,0,12,0,12,0,12,62,34,14,15,0,12,0,12,20,18,0,12,0,12,0,12,14,17,31,27,0,12,0,12,583,145,15,17,583,145,0,12,15,16,16,19,0,12,583,145,371,138,0,12,0,12,20,28,192,121,0,12
"628","060374824013","Block Group 3, Census Tract 4824.01, Los Angeles County, California",1786,277,0,12,0,12,0,12,0,12,24,26,0,12,0,12,0,12,26,38,56,42,0,12,0,12,251,113,61,48,0,12,0,12,22,19,23,32,0,12,0,12,26,16,115,57,0,12,0,12,1866,284,292,148,1866,284,5,8,13,16,86,74,0,12,1866,284,1005,249,0,12,0,12,15,16,830,265,0,12
"629","060371275201","Block Group 1, Census Tract 1275.20, Los Angeles County, California",2935,421,24,31,16,25,0,12,0,12,0,12,0,12,0,12,0,12,546,160,135,72,0,12,0,12,4,10,0,12,0,12,0,12,22,30,47,44,0,12,0,12,57,59,0,12,12,22,0,12,3073,437,1121,339,3073,437,39,45,138,92,363,201,0,12,3073,437,346,208,0,12,95,94,185,96,2439,428,8,13
"630","060371283031","Block Group 1, Census Tract 1283.03, Los Angeles County, California",1273,317,0,12,0,12,0,12,0,12,0,12,0,12,0,12,0,12,248,131,128,71,0,12,0,12,0,12,0,12,0,12,0,12,11,18,0,12,0,12,0,12,0,12,0,12,0,12,0,12,1306,334,269,169,1321,334,0,12,147,89,235,135,0,12,1321,334,19,22,0,12,0,12,186,75,1116,338,0,12
"631","060376210012","Block Group 2, Census Tract 6210.01, Los Angeles County, California",950,241,0,12,0,12,0,12,0,12,11,17,0,12,0,12,0,12,0,12,0,12,0,12,0,12,0,12,0,12,0,12,0,12,0,12,0,12,0,12,0,12,0,12,0,12,0,12,0,12,1003,253,11,19,1003,253,0,12,0,12,6,10,0,12,1003,253,41,39,0,12,11,17,828,250,75,41,0,12
"632","060376212011","Block Group 1, Census Tract 6212.01, Los Angeles County, California",2313,525,0,12,0,12,0,12,0,12,0,12,0,12,0,12,0,12,0,12,3,7,0,12,0,12,0,12,0,12,0,12,0,12,0,12,3,6,0,12,0,12,0,12,3,7,0,12,0,12,2290,507,18,22,2290,507,0,12,15,24,14,22,0,12,2364,523,171,98,0,12,8,8,1332,312,585,377,0,12
"633","060376212012","Block Group 2, Census Tract 6212.01, Los Angeles County, California",1550,311,0,12,0,12,0,12,0,12,0,12,0,12,0,12,0,12,0,12,0,12,0,12,0,12,0,12,0,12,0,12,0,12,0,12,0,12,0,12,0,12,0,12,0,12,0,12,0,12,1693,352,60,71,1693,352,0,12,15,24,17,28,0,12,1693,352,155,82,0,12,0,12,1217,275,238,198,37,56
"634","060373012032","Block Group 2, Census Tract 3012.03, Los Angeles County, California",2450,422,10,18,0,12,0,12,0,12,0,12,0,12,0,12,0,12,0,12,3,6,56,48,10,15,15,24,0,12,11,16,0,12,0,12,0,12,211,113,73,51,40,49,0,12,0,12,0,12,2531,431,211,90,2531,431,0,12,90,66,54,40,15,23,2531,431,486,253,0,12,26,37,1799,352,186,107,0,12
"635","060373012031","Block Group 1, Census Tract 3012.03, Los Angeles County, California",2103,359,0,12,0,12,22,34,0,12,0,12,0,12,0,12,0,12,0,12,0,12,168,136,10,16,0,12,0,12,0,12,0,12,0,12,0,12,27,42,70,55,0,12,0,12,0,12,0,12,2180,386,202,204,2180,386,46,72,151,101,78,59,0,12,2180,386,132,109,0,12,122,140,1282,359,520,240,0,12
"636","060372933042","Block Group 2, Census Tract 2933.04, Los Angeles County, California",1747,333,0,12,0,12,0,12,0,12,0,12,0,12,0,12,0,12,156,118,93,95,0,12,0,12,0,12,0,12,0,12,0,12,12,17,33,50,0,12,0,12,0,12,0,12,0,12,0,12,1846,363,389,226,1846,363,27,38,115,94,118,69,0,12,1846,363,141,94,0,12,117,69,112,84,1401,389,0,12
"637","060372933041","Block Group 1, Census Tract 2933.04, Los Angeles County, California",2733,469,10,17,0,12,0,12,0,12,0,12,0,12,0,12,0,12,96,58,25,26,0,12,0,12,0,12,0,12,0,12,0,12,39,33,0,12,0,12,0,12,31,44,0,12,0,12,0,12,2986,518,374,232,2986,518,0,12,142,105,192,123,0,12,2986,518,392,141,0,12,211,180,422,151,1888,492,0,12
"638","060375545141","Block Group 1, Census Tract 5545.14, Los Angeles County, California",1481,310,0,12,0,12,0,12,0,12,0,12,0,12,0,12,0,12,103,102,0,12,0,12,0,12,87,60,23,35,0,12,0,12,0,12,0,12,7,14,0,12,31,35,13,20,0,12,0,12,1576,323,46,34,1583,323,75,85,31,25,80,77,0,12,1583,323,801,261,0,12,228,190,158,110,336,245,0,12
"639","060375545142","Block Group 2, Census Tract 5545.14, Los Angeles County, California",1172,328,0,12,0,12,0,12,0,12,11,18,0,12,0,12,0,12,0,12,0,12,25,41,0,12,27,22,7,11,0,12,0,12,0,12,0,12,15,23,0,12,0,12,19,21,0,12,0,12,1277,380,66,68,1277,380,0,12,45,41,37,59,17,27,1277,380,790,314,0,12,121,140,168,74,137,99,0,12
"640","060375545143","Block Group 3, Census Tract 5545.14, Los Angeles County, California",1830,309,0,12,0,12,0,12,0,12,0,12,0,12,0,12,0,12,8,12,0,12,0,12,0,12,44,46,0,12,0,12,0,12,0,12,0,12,0,12,0,12,58,67,10,15,0,12,0,12,1840,311,149,117,1840,311,0,12,44,50,96,100,0,12,1840,311,1087,283,6,10,90,112,280,133,358,202,0,12
"641","060375545221","Block Group 1, Census Tract 5545.22, Los Angeles County, California",784,174,0,12,0,12,0,12,0,12,0,12,0,12,0,12,0,12,0,12,0,12,0,12,0,12,0,12,15,21,0,12,0,12,0,12,0,12,0,12,0,12,0,12,0,12,0,12,0,12,887,214,51,48,887,214,0,12,26,34,8,25,0,12,887,214,277,175,0,12,151,122,304,150,129,73,0,12
"642","060375545222","Block Group 2, Census Tract 5545.22, Los Angeles County, California",2159,332,0,12,0,12,0,12,0,12,0,12,0,12,0,12,0,12,23,26,0,12,14,23,0,12,43,39,0,12,0,12,0,12,0,12,0,12,14,22,0,12,96,125,7,16,0,12,0,12,2174,340,164,139,2174,340,17,22,0,12,31,29,78,125,2189,344,1194,301,0,12,249,136,232,108,414,220,0,12
"643","060375546001","Block Group 1, Census Tract 5546, Los Angeles County, California",2308,308,0,12,0,12,0,12,0,12,0,12,0,12,0,12,0,12,78,67,23,36,0,12,0,12,99,88,0,12,0,12,0,12,77,90,0,12,0,12,0,12,35,35,0,12,0,12,0,12,2510,340,216,255,2490,335,15,26,43,31,89,64,0,12,2510,340,718,297,0,12,57,53,296,112,1359,349,5,11
"644","060375546002","Block Group 2, Census Tract 5546, Los Angeles County, California",1651,311,22,34,0,12,0,12,0,12,0,12,0,12,0,12,0,12,15,24,20,45,0,12,0,12,32,37,0,12,0,12,0,12,14,20,0,12,0,12,0,12,44,55,8,13,0,12,13,19,1653,308,239,170,1663,310,34,29,23,27,147,111,50,59,1663,310,840,241,0,12,37,50,212,102,567,201,0,12
"645","060375700014","Block Group 4, Census Tract 5700.01, Los Angeles County, California",1195,311,22,30,0,12,0,12,0,12,0,12,0,12,0,12,0,12,0,12,0,12,0,12,0,12,13,20,0,12,0,12,0,12,0,12,0,12,0,12,0,12,7,11,0,12,0,12,0,12,1279,334,205,156,1279,334,5,9,51,39,18,31,0,12,1279,334,375,195,43,70,125,107,459,290,181,116,0,12
"646","060375700013","Block Group 3, Census Tract 5700.01, Los Angeles County, California",1292,285,0,12,0,12,0,12,0,12,0,12,0,12,0,12,0,12,17,27,0,12,0,12,0,12,6,8,0,12,0,12,0,12,0,12,0,12,0,12,0,12,6,11,0,12,0,12,0,12,1411,310,105,137,1448,324,16,26,32,36,104,76,0,12,1448,324,172,113,22,29,31,28,465,123,718,268,0,12
"647","060375700012","Block Group 2, Census Tract 5700.01, Los Angeles County, California",670,258,0,12,0,12,0,12,0,12,0,12,0,12,0,12,0,12,7,12,0,12,0,12,0,12,11,17,0,12,0,12,0,12,0,12,0,12,0,12,0,12,0,12,0,12,0,12,0,12,716,291,18,30,716,291,0,12,96,118,29,45,0,12,716,291,151,185,0,12,69,88,291,181,187,116,0,12
"648","060375700011","Block Group 1, Census Tract 5700.01, Los Angeles County, California",1238,363,0,12,0,12,0,12,0,12,0,12,0,12,0,12,0,12,0,12,0,12,0,12,0,12,0,12,18,26,0,12,0,12,0,12,0,12,0,12,0,12,0,12,0,12,0,12,0,12,1321,403,25,19,1321,403,33,51,0,12,0,12,0,12,1321,403,281,179,170,224,126,85,314,127,323,290,12,20
"649","060375722021","Block Group 1, Census Tract 5722.02, Los Angeles County, California",540,233,0,12,0,12,0,12,0,12,0,12,0,12,0,12,0,12,0,12,15,21,0,12,0,12,0,12,0,12,0,12,0,12,0,12,8,13,0,12,5,10,0,12,0,12,0,12,0,12,466,215,14,22,466,215,0,12,12,20,35,41,0,12,553,234,87,73,5,11,74,79,129,82,249,234,0,12
"650","060375722022","Block Group 2, Census Tract 5722.02, Los Angeles County, California",639,245,0,12,0,12,0,12,0,12,0,12,0,12,0,12,0,12,0,12,0,12,0,12,0,12,0,12,0,12,0,12,0,12,0,12,0,12,0,12,0,12,7,10,0,12,0,12,0,12,639,245,16,22,639,245,10,19,63,91,51,56,0,12,639,245,62,68,0,12,209,137,189,97,179,185,0,12
"651","060375722024","Block Group 4, Census Tract 5722.02, Los Angeles County, California",1443,300,0,12,0,12,0,12,0,12,0,12,0,12,0,12,0,12,33,38,0,12,0,12,0,12,35,36,0,12,0,12,0,12,0,12,0,12,0,12,0,12,12,21,0,12,0,12,0,12,1505,340,60,50,1505,340,0,12,6,13,33,42,0,12,1505,340,819,203,71,102,71,88,127,64,405,194,0,12
"652","060375726003","Block Group 3, Census Tract 5726, Los Angeles County, California",1686,516,0,12,0,12,0,12,0,12,0,12,0,12,0,12,0,12,60,56,95,105,0,12,0,12,0,12,0,12,0,12,0,12,15,22,0,12,0,12,0,12,32,28,0,12,0,12,0,12,1833,574,374,377,1833,574,5,11,10,19,103,75,0,12,1833,574,309,189,0,12,85,73,34,42,1395,557,0,12
"653","060375726001","Block Group 1, Census Tract 5726, Los Angeles County, California",1298,364,0,12,0,12,0,12,0,12,0,12,0,12,0,12,0,12,23,25,9,13,0,12,0,12,21,26,0,12,0,12,0,12,25,35,33,29,0,12,0,12,23,29,12,19,0,12,0,12,1379,370,121,114,1379,370,0,12,104,77,33,42,9,13,1379,370,353,226,35,39,241,120,20,30,682,346,0,12
"654","060375726002","Block Group 2, Census Tract 5726, Los Angeles County, California",1373,411,0,12,0,12,0,12,0,12,0,12,0,12,0,12,0,12,29,43,25,28,0,12,0,12,20,22,0,12,0,12,0,12,0,12,0,12,0,12,0,12,42,58,28,38,0,12,0,12,1393,413,181,176,1393,413,0,12,32,52,116,78,0,12,1393,413,712,267,7,13,133,113,44,31,424,339,9,15
"655","060379200351","Block Group 1, Census Tract 9200.35, Los Angeles County, California",2083,559,0,12,0,12,0,12,0,12,0,12,0,12,0,12,0,12,232,232,0,12,0,12,0,12,0,12,0,12,0,12,0,12,0,12,0,12,0,12,0,12,0,12,0,12,0,12,0,12,2157,584,449,348,2157,584,0,12,143,123,354,247,0,12,2157,584,154,124,0,12,45,68,653,315,1305,575,0,12
"656","060379200355","Block Group 5, Census Tract 9200.35, Los Angeles County, California",1954,325,0,12,0,12,0,12,0,12,17,32,0,12,0,12,0,12,71,74,0,12,0,12,0,12,35,63,23,41,0,12,0,12,0,12,20,35,0,12,0,12,88,50,0,12,0,12,0,12,2106,360,145,145,2106,360,22,35,0,12,48,42,0,12,2106,360,587,123,0,12,14,21,490,213,991,342,0,12
"657","060379200353","Block Group 3, Census Tract 9200.35, Los Angeles County, California",542,237,0,12,0,12,0,12,0,12,0,12,0,12,0,12,0,12,0,12,0,12,0,12,0,12,0,12,0,12,0,12,0,12,0,12,0,12,0,12,0,12,0,12,0,12,0,12,0,12,626,325,19,31,643,330,18,34,12,21,20,40,0,12,643,330,0,12,0,12,36,59,443,286,164,172,0,12
"658","060377009012","Block Group 2, Census Tract 7009.01, Los Angeles County, California",528,150,0,12,0,12,0,12,0,12,0,12,0,12,0,12,0,12,0,12,0,12,0,12,0,12,7,12,0,12,0,12,0,12,0,12,0,12,0,12,0,12,0,12,0,12,0,12,0,12,544,158,35,45,544,158,10,16,0,12,10,15,0,12,544,158,118,77,0,12,0,12,419,153,0,12,0,12
"659","060377009011","Block Group 1, Census Tract 7009.01, Los Angeles County, California",824,187,0,12,0,12,0,12,0,12,0,12,0,12,0,12,0,12,13,20,0,12,13,20,0,12,0,12,0,12,0,12,0,12,0,12,0,12,0,12,0,12,0,12,0,12,0,12,0,12,824,187,106,76,824,187,0,12,0,12,10,15,0,12,824,187,124,81,0,12,33,30,499,160,130,104,0,12
"660","060371958022","Block Group 2, Census Tract 1958.02, Los Angeles County, California",1241,209,0,12,0,12,0,12,0,12,0,12,0,12,0,12,0,12,114,64,52,46,0,12,0,12,47,43,0,12,0,12,0,12,50,33,31,28,0,12,6,10,0,12,0,12,0,12,0,12,1333,217,195,100,1333,217,6,10,133,94,133,100,20,22,1333,217,317,144,0,12,26,34,144,62,829,227,0,12
"661","060371911201","Block Group 1, Census Tract 1911.20, Los Angeles County, California",1844,321,0,12,0,12,0,12,0,12,0,12,0,12,0,12,0,12,122,111,35,44,0,12,0,12,13,21,24,39,0,12,0,12,47,53,0,12,67,80,0,12,10,16,9,14,0,12,0,12,1900,338,281,148,1900,338,25,42,53,37,132,125,9,15,1900,338,448,234,0,12,0,12,679,238,707,296,31,48
"662","060375526013","Block Group 3, Census Tract 5526.01, Los Angeles County, California",1264,350,0,12,0,12,0,12,0,12,0,12,0,12,0,12,0,12,153,97,10,16,7,13,9,16,0,12,0,12,0,12,0,12,63,64,8,12,0,12,0,12,0,12,0,12,0,12,0,12,1503,401,344,271,1503,401,32,52,133,70,28,43,0,12,1503,401,88,85,0,12,0,12,13,20,1379,396,0,12
"663","060375526012","Block Group 2, Census Tract 5526.01, Los Angeles County, California",1087,288,32,40,0,12,0,12,0,12,0,12,0,12,0,12,0,12,97,72,27,41,0,12,0,12,0,12,0,12,0,12,0,12,27,32,13,20,0,12,0,12,0,12,0,12,0,12,0,12,1191,340,188,197,1191,340,0,12,37,43,51,54,0,12,1191,340,63,83,0,12,0,12,66,66,1053,322,0,12
"664","060375529003","Block Group 3, Census Tract 5529, Los Angeles County, California",1019,283,0,12,0,12,0,12,0,12,0,12,0,12,0,12,0,12,45,46,0,12,0,12,0,12,24,33,0,12,0,12,0,12,20,31,0,12,0,12,0,12,0,12,0,12,0,12,0,12,1167,313,35,31,1167,313,0,12,18,24,85,104,0,12,1167,313,123,117,0,12,22,35,255,170,707,266,0,12
"665","060375529001","Block Group 1, Census Tract 5529, Los Angeles County, California",575,256,8,12,0,12,0,12,0,12,0,12,0,12,0,12,0,12,92,95,0,12,0,12,0,12,0,12,0,12,0,12,0,12,0,12,13,21,0,12,0,12,0,12,0,12,0,12,0,12,590,255,25,32,590,255,0,12,0,12,11,18,0,12,590,255,34,29,0,12,0,12,35,27,521,263,0,12
"666","060375529004","Block Group 4, Census Tract 5529, Los Angeles County, California",2358,566,0,12,0,12,0,12,0,12,0,12,0,12,0,12,0,12,127,64,128,207,0,12,0,12,16,14,0,12,0,12,0,12,26,40,36,31,0,12,0,12,0,12,0,12,0,12,0,12,2550,672,453,419,2566,676,0,12,54,56,128,95,0,12,2566,676,410,200,290,360,49,80,166,101,1593,532,0,12
"667","060375531004","Block Group 4, Census Tract 5531, Los Angeles County, California",1749,492,0,12,0,12,0,12,0,12,0,12,0,12,0,12,0,12,33,38,13,20,0,12,0,12,20,23,0,12,0,12,0,12,10,16,0,12,0,12,0,12,10,15,0,12,0,12,0,12,2013,626,392,422,2013,626,24,38,91,65,47,45,0,12,2013,626,365,250,0,12,70,85,326,97,1166,563,19,16
"668","060375531001","Block Group 1, Census Tract 5531, Los Angeles County, California",2979,413,0,12,0,12,0,12,0,12,0,12,0,12,0,12,0,12,197,110,0,12,0,12,0,12,0,12,0,12,0,12,0,12,16,25,7,11,0,12,0,12,34,33,0,12,8,16,0,12,3200,405,180,112,3172,404,0,12,76,58,94,71,0,12,3200,405,388,171,183,261,770,224,249,125,1484,367,0,12
"669","060375537013","Block Group 3, Census Tract 5537.01, Los Angeles County, California",1055,297,6,10,0,12,0,12,0,12,0,12,0,12,0,12,0,12,123,82,39,38,0,12,0,12,6,9,0,12,0,12,0,12,5,8,32,32,0,12,0,12,0,12,0,12,0,12,0,12,1076,310,12,19,1076,310,0,12,26,23,20,23,5,7,1076,310,14,21,0,12,0,12,46,60,1016,307,0,12
"670","060375537011","Block Group 1, Census Tract 5537.01, Los Angeles County, California",1331,345,32,48,0,12,0,12,0,12,0,12,0,12,0,12,0,12,94,50,80,75,0,12,0,12,4,6,0,12,0,12,0,12,15,22,6,10,0,12,0,12,0,12,0,12,0,12,0,12,1422,377,332,219,1422,377,7,10,82,56,41,34,0,12,1422,377,38,51,0,12,73,77,56,47,1246,368,0,12
"671","060375539012","Block Group 2, Census Tract 5539.01, Los Angeles County, California",1570,484,0,12,0,12,0,12,0,12,0,12,0,12,0,12,0,12,86,56,43,53,0,12,0,12,0,12,0,12,0,12,0,12,30,41,15,23,0,12,0,12,10,17,9,15,0,12,0,12,1641,499,258,177,1641,499,0,12,30,49,18,24,15,23,1641,499,137,97,0,12,107,122,105,76,1254,486,0,12
"672","060375539014","Block Group 4, Census Tract 5539.01, Los Angeles County, California",981,347,12,19,0,12,0,12,0,12,0,12,0,12,0,12,0,12,174,121,51,52,0,12,0,12,0,12,0,12,0,12,0,12,11,18,0,12,0,12,0,12,0,12,0,12,0,12,0,12,1075,388,261,253,1075,388,0,12,42,64,83,82,0,12,1075,388,8,14,0,12,18,29,71,60,956,399,0,12
"673","060375545161","Block Group 1, Census Tract 5545.16, Los Angeles County, California",1843,382,0,12,0,12,0,12,0,12,0,12,0,12,0,12,0,12,7,15,0,12,0,12,0,12,37,34,0,12,0,12,0,12,0,12,11,21,0,12,0,12,78,52,0,12,0,12,0,12,1894,374,14,16,1887,373,0,12,181,230,0,12,4,13,1894,374,943,175,0,12,425,390,227,99,299,154,0,12
"674","060375545162","Block Group 2, Census Tract 5545.16, Los Angeles County, California",1905,276,0,12,0,12,0,12,0,12,0,12,0,12,0,12,0,12,0,12,0,12,0,12,0,12,47,31,9,15,0,12,0,12,0,12,28,58,0,12,0,12,99,67,0,12,0,12,0,12,1991,283,13,21,1991,283,0,12,0,12,36,45,0,12,1991,283,1329,231,0,12,137,163,190,124,324,182,11,23
"675","060372423001","Block Group 1, Census Tract 2423, Los Angeles County, California",3057,654,0,12,0,12,0,12,0,12,0,12,0,12,0,12,0,12,334,183,144,128,0,12,0,12,0,12,0,12,0,12,0,12,14,22,0,12,0,12,0,12,0,12,0,12,0,12,0,12,3428,753,1722,692,3471,764,64,100,155,116,128,135,0,12,3471,764,203,320,10,15,514,345,9,14,2491,776,89,138
"676","060372423003","Block Group 3, Census Tract 2423, Los Angeles County, California",469,229,0,12,0,12,0,12,0,12,0,12,0,12,0,12,0,12,0,12,59,93,0,12,0,12,0,12,0,12,0,12,0,12,17,23,0,12,0,12,0,12,0,12,0,12,0,12,0,12,478,235,52,42,478,235,0,12,10,17,59,93,7,12,478,235,0,12,0,12,234,148,11,18,193,169,40,65
"677","060374077011","Block Group 1, Census Tract 4077.01, Los Angeles County, California",1864,417,0,12,0,12,0,12,0,12,0,12,0,12,0,12,0,12,233,183,137,122,0,12,0,12,18,22,16,27,0,12,0,12,31,31,22,37,0,12,0,12,75,55,15,19,0,12,0,12,1881,428,438,288,1904,428,0,12,220,203,109,74,17,29,1904,428,404,171,0,12,7,12,16,25,1477,428,0,12
"678","060374077012","Block Group 2, Census Tract 4077.01, Los Angeles County, California",1149,307,7,13,0,12,0,12,0,12,0,12,0,12,0,12,0,12,134,129,10,17,0,12,0,12,8,12,28,34,0,12,0,12,18,20,19,43,0,12,0,12,17,26,0,12,0,12,0,12,1179,315,23,25,1171,314,0,12,85,70,111,74,0,12,1179,315,155,105,34,44,0,12,83,72,907,300,0,12
"679","060374077013","Block Group 3, Census Tract 4077.01, Los Angeles County, California",1698,393,0,12,0,12,0,12,0,12,0,12,0,12,0,12,0,12,201,71,83,58,0,12,0,12,56,58,7,13,0,12,0,12,0,12,49,52,0,12,0,12,0,12,0,12,0,12,0,12,1820,465,488,208,1820,465,0,12,222,156,220,120,25,41,1820,465,86,73,0,12,8,12,36,43,1690,486,0,12
"680","060379201122","Block Group 2, Census Tract 9201.12, Los Angeles County, California",1668,269,0,12,0,12,0,12,0,12,0,12,0,12,0,12,0,12,15,22,0,12,0,12,0,12,0,12,0,12,0,12,0,12,0,12,12,19,0,12,0,12,0,12,0,12,20,27,0,12,1736,286,86,69,1736,286,0,12,17,30,21,24,2,4,1737,286,173,186,0,12,49,45,1025,194,419,239,0,12
"681","060379201123","Block Group 3, Census Tract 9201.12, Los Angeles County, California",1275,288,0,12,0,12,0,12,0,12,0,12,0,12,0,12,0,12,0,12,0,12,0,12,0,12,0,12,0,12,0,12,0,12,0,12,0,12,0,12,0,12,0,12,0,12,0,12,0,12,1322,282,31,37,1322,282,0,12,13,22,0,12,0,12,1322,282,228,146,0,12,65,86,812,277,168,82,0,12
"682","060379203262","Block Group 2, Census Tract 9203.26, Los Angeles County, California",2758,584,0,12,0,12,0,12,0,12,0,12,0,12,0,12,0,12,62,73,50,73,45,59,0,12,22,33,23,34,22,36,0,12,0,12,0,12,28,45,28,45,0,12,0,12,0,12,0,12,2908,630,68,67,2908,630,60,94,17,28,101,111,0,12,2908,630,506,437,0,12,116,182,1609,425,624,338,0,12
"683","060379203261","Block Group 1, Census Tract 9203.26, Los Angeles County, California",3237,444,0,12,0,12,0,12,0,12,0,12,0,12,0,12,0,12,41,49,0,12,0,12,0,12,51,48,0,12,0,12,0,12,0,12,0,12,0,12,0,12,150,130,0,12,0,12,0,12,3416,497,219,129,3416,497,0,12,0,12,72,114,0,12,3416,497,1113,301,0,12,238,176,1438,352,543,324,0,12
"684","060371013002","Block Group 2, Census Tract 1013, Los Angeles County, California",1052,233,0,12,0,12,0,12,0,12,26,38,0,12,0,12,0,12,0,12,0,12,35,56,0,12,26,38,0,12,0,12,0,12,0,12,0,12,0,12,35,55,0,12,0,12,0,12,0,12,1048,236,17,26,1048,236,0,12,0,12,92,89,0,12,1093,238,135,117,0,12,156,222,708,188,47,47,0,12
"685","060371013001","Block Group 1, Census Tract 1013, Los Angeles County, California",1283,331,0,12,0,12,0,12,0,12,0,12,0,12,0,12,0,12,9,14,0,12,0,12,0,12,0,12,0,12,0,12,0,12,0,12,0,12,0,12,0,12,0,12,0,12,0,12,0,12,1283,331,61,43,1283,331,0,12,41,40,41,55,0,12,1283,331,42,28,0,12,49,77,1102,316,75,89,0,12
"686","060371013004","Block Group 4, Census Tract 1013, Los Angeles County, California",584,168,0,12,0,12,0,12,0,12,0,12,0,12,0,12,0,12,0,12,0,12,29,45,0,12,8,13,0,12,0,12,0,12,12,21,0,12,0,12,0,12,0,12,0,12,0,12,0,12,621,192,53,50,621,192,0,12,0,12,0,12,0,12,621,192,17,27,0,12,0,12,566,181,38,39,0,12
"687","060371013003","Block Group 3, Census Tract 1013, Los Angeles County, California",876,271,0,12,0,12,0,12,0,12,0,12,0,12,0,12,0,12,0,12,0,12,0,12,0,12,0,12,0,12,0,12,0,12,0,12,0,12,9,13,101,79,0,12,0,12,0,12,0,12,887,270,88,100,887,270,0,12,12,19,26,42,0,12,887,270,0,12,0,12,0,12,750,234,137,127,0,12
"688","060371033002","Block Group 2, Census Tract 1033, Los Angeles County, California",1865,271,0,12,0,12,0,12,0,12,0,12,0,12,0,12,0,12,0,12,0,12,0,12,10,16,0,12,0,12,0,12,0,12,0,12,0,12,0,12,0,12,0,12,0,12,0,12,0,12,1918,282,119,77,1918,282,0,12,0,12,51,62,0,12,1918,282,126,143,0,12,0,12,1479,291,143,106,36,48
"689","060371033001","Block Group 1, Census Tract 1033, Los Angeles County, California",1758,363,0,12,0,12,0,12,0,12,0,12,0,12,0,12,0,12,2,5,0,12,0,12,0,12,0,12,0,12,0,12,0,12,8,12,0,12,11,17,0,12,8,13,0,12,0,12,0,12,1863,408,87,58,1863,408,0,12,19,16,26,40,0,12,1863,408,145,127,0,12,1,11,1418,324,260,189,9,15
"690","060371044012","Block Group 2, Census Tract 1044.01, Los Angeles County, California",1822,313,11,16,0,12,0,12,0,12,0,12,0,12,0,12,0,12,227,75,236,89,0,12,0,12,0,12,0,12,0,12,0,12,82,50,50,40,0,12,0,12,0,12,0,12,0,12,0,12,1932,350,601,282,1938,351,39,40,83,45,154,85,0,12,1938,351,0,12,0,12,0,12,27,23,1911,352,0,12
"691","060371045001","Block Group 1, Census Tract 1045, Los Angeles County, California",814,296,0,12,0,12,0,12,0,12,0,12,0,12,0,12,0,12,108,89,69,69,0,12,0,12,0,12,0,12,0,12,0,12,33,24,83,70,0,12,0,12,0,12,0,12,0,12,0,12,874,324,260,233,878,327,1,6,29,29,86,59,0,12,879,327,0,12,0,12,1,3,0,12,874,327,0,12
"692","060375507005","Block Group 5, Census Tract 5507, Los Angeles County, California",1316,539,0,12,0,12,0,12,0,12,0,12,0,12,0,12,0,12,12,21,0,12,0,12,0,12,0,12,0,12,0,12,0,12,62,74,11,18,41,59,0,12,0,12,0,12,0,12,0,12,1509,623,104,84,1509,623,13,22,16,25,14,31,0,12,1509,623,29,35,0,12,0,12,230,175,1250,586,0,12
"693","060375507002","Block Group 2, Census Tract 5507, Los Angeles County, California",1385,565,0,12,0,12,0,12,0,12,0,12,0,12,0,12,0,12,38,47,18,31,0,12,0,12,0,12,0,12,0,12,0,12,0,12,20,33,0,12,0,12,0,12,0,12,0,12,0,12,1509,637,41,45,1509,637,0,12,0,12,38,45,0,12,1513,636,0,12,0,12,32,41,404,250,1077,529,0,12
"694","060375507004","Block Group 4, Census Tract 5507, Los Angeles County, California",593,210,0,12,0,12,0,12,0,12,0,12,0,12,0,12,0,12,0,12,0,12,0,12,0,12,0,12,0,12,0,12,0,12,24,47,0,12,0,12,0,12,22,36,0,12,0,12,0,12,605,219,0,12,610,218,1,2,29,36,12,24,0,12,610,218,42,64,0,12,25,71,213,163,330,189,0,12
"695","060375518003","Block Group 3, Census Tract 5518, Los Angeles County, California",1772,622,0,12,0,12,0,12,0,12,0,12,0,12,0,12,0,12,100,158,0,12,0,12,0,12,0,12,0,12,0,12,0,12,0,12,0,12,0,12,0,12,0,12,0,12,0,12,0,12,1942,640,54,54,1942,640,96,166,74,86,151,128,0,12,1942,640,85,98,0,12,121,141,211,200,1486,510,0,12
"696","060375518001","Block Group 1, Census Tract 5518, Los Angeles County, California",1849,550,0,12,0,12,0,12,0,12,0,12,0,12,0,12,0,12,0,12,0,12,15,24,0,12,0,12,0,12,0,12,0,12,12,19,0,12,0,12,0,12,0,12,0,12,0,12,0,12,1886,548,264,176,1837,509,0,12,82,100,86,140,0,12,1886,548,276,185,0,12,312,267,297,147,952,541,0,12
"697","060375518004","Block Group 4, Census Tract 5518, Los Angeles County, California",548,278,0,12,0,12,0,12,0,12,0,12,0,12,0,12,0,12,45,70,0,12,0,12,0,12,3,15,0,12,0,12,0,12,21,35,0,12,0,12,0,12,3,12,0,12,0,12,0,12,668,361,124,194,668,361,0,12,0,12,82,90,0,12,668,361,78,155,0,12,0,12,40,55,538,357,0,12
"698","060375518005","Block Group 5, Census Tract 5518, Los Angeles County, California",1263,512,20,34,0,12,0,12,0,12,0,12,0,12,0,12,0,12,25,31,0,12,0,12,0,12,0,12,0,12,0,12,0,12,57,64,40,66,0,12,0,12,0,12,0,12,0,12,0,12,1263,512,43,65,1263,512,0,12,0,12,115,94,0,12,1263,512,8,29,0,12,0,12,110,150,1145,488,0,12
"699","060372623031","Block Group 1, Census Tract 2623.03, Los Angeles County, California",1285,269,0,12,0,12,0,12,0,12,0,12,0,12,0,12,0,12,0,12,0,12,0,12,0,12,0,12,0,12,0,12,0,12,0,12,0,12,0,12,0,12,16,27,0,12,0,12,0,12,1401,282,34,45,1401,282,0,12,0,12,0,12,0,12,1401,282,133,136,0,12,0,12,1137,286,38,39,0,12
"700","060372653041","Block Group 1, Census Tract 2653.04, Los Angeles County, California",1835,278,0,12,0,12,0,12,0,12,12,20,0,12,0,12,0,12,0,12,0,12,0,12,0,12,82,91,0,12,0,12,0,12,0,12,0,12,0,12,0,12,0,12,0,12,0,12,0,12,1270,247,883,285,1835,278,20,24,136,65,23,39,0,12,1835,278,722,261,21,34,34,28,576,199,371,218,0,12
"701","060372653042","Block Group 2, Census Tract 2653.04, Los Angeles County, California",1021,351,0,12,0,12,0,12,0,12,0,12,0,12,0,12,0,12,0,12,0,12,0,12,0,12,0,12,0,12,0,12,0,12,0,12,0,12,0,12,0,12,0,12,0,12,0,12,0,12,1043,357,815,319,1043,357,0,12,110,97,0,12,0,12,1043,357,293,178,0,12,16,31,501,210,129,78,0,12
"702","060374626001","Block Group 1, Census Tract 4626, Los Angeles County, California",1206,139,0,12,0,12,0,12,0,12,0,12,0,12,0,12,0,12,25,29,0,12,0,12,0,12,0,12,0,12,0,12,0,12,0,12,8,12,6,9,0,12,0,12,0,12,0,12,0,12,1251,150,0,12,1251,150,0,12,7,9,16,25,0,12,1257,149,179,95,0,12,137,114,660,122,262,107,0,12
"703","060374805002","Block Group 2, Census Tract 4805, Los Angeles County, California",1515,299,0,12,0,12,0,12,0,12,13,20,0,12,0,12,0,12,0,12,0,12,0,12,0,12,12,20,0,12,0,12,0,12,0,12,0,12,0,12,0,12,0,12,0,12,0,12,0,12,1531,304,12,20,1531,304,0,12,33,37,35,55,0,12,1531,304,447,212,0,12,0,12,733,191,285,115,0,12
"704","060374805003","Block Group 3, Census Tract 4805, Los Angeles County, California",1055,278,0,12,0,12,0,12,0,12,0,12,0,12,0,12,0,12,0,12,0,12,0,12,0,12,0,12,0,12,0,12,0,12,0,12,0,12,0,12,0,12,0,12,0,12,0,12,0,12,1136,311,0,12,1136,311,0,12,0,12,0,12,0,12,1136,311,256,159,0,12,0,12,648,233,232,178,0,12
"705","060374805001","Block Group 1, Census Tract 4805, Los Angeles County, California",1571,339,0,12,0,12,0,12,0,12,0,12,0,12,0,12,0,12,0,12,0,12,0,12,0,12,0,12,0,12,0,12,0,12,0,12,0,12,0,12,0,12,0,12,0,12,0,12,0,12,1596,344,333,324,1596,344,10,18,33,38,14,24,0,12,1596,344,413,234,0,12,0,12,893,285,155,88,0,12
"706","060374811011","Block Group 1, Census Tract 4811.01, Los Angeles County, California",2253,373,0,12,0,12,0,12,0,12,0,12,0,12,0,12,0,12,6,10,0,12,0,12,0,12,186,179,41,45,0,12,0,12,20,24,0,12,4,9,0,12,28,25,72,73,0,12,0,12,2213,394,257,103,2213,394,25,27,98,78,99,71,11,18,2373,396,999,268,14,23,51,38,177,81,1112,328,11,16
"707","060374814013","Block Group 3, Census Tract 4814.01, Los Angeles County, California",833,329,0,12,0,12,0,12,0,12,0,12,0,12,0,12,0,12,0,12,0,12,0,12,0,12,224,102,68,56,0,12,0,12,0,12,0,12,0,12,0,12,55,49,56,48,0,12,0,12,883,343,132,143,883,343,0,12,0,12,14,17,0,12,883,343,672,231,0,12,0,12,34,40,104,195,0,12
"708","060374814012","Block Group 2, Census Tract 4814.01, Los Angeles County, California",2345,511,0,12,0,12,0,12,0,12,8,13,0,12,0,12,0,12,78,79,0,12,0,12,0,12,154,74,25,27,0,12,0,12,0,12,0,12,15,23,0,12,41,37,65,43,0,12,0,12,2430,575,134,179,2430,575,0,12,79,127,91,71,0,12,2430,575,1481,322,0,12,3,7,296,237,650,578,0,12
"709","060374825021","Block Group 1, Census Tract 4825.02, Los Angeles County, California",1428,256,4,7,0,12,0,12,0,12,26,26,0,12,0,12,0,12,6,9,23,34,0,12,0,12,344,110,157,95,0,12,0,12,0,12,12,13,0,12,0,12,39,26,88,73,0,12,0,12,1546,297,234,165,1546,297,48,61,13,14,89,82,0,12,1551,297,1261,284,0,12,3,3,19,15,255,126,0,12
"710","060375013001","Block Group 1, Census Tract 5013, Los Angeles County, California",692,256,0,12,0,12,0,12,0,12,0,12,0,12,0,12,0,12,0,12,0,12,0,12,0,12,30,47,0,12,0,12,0,12,0,12,0,12,0,12,0,12,0,12,0,12,0,12,0,12,732,268,38,26,732,268,0,12,22,30,38,61,0,12,732,268,70,82,0,12,3,6,159,81,498,274,0,12
"711","060375013002","Block Group 2, Census Tract 5013, Los Angeles County, California",2498,699,43,69,0,12,0,12,0,12,0,12,0,12,0,12,0,12,143,88,0,12,0,12,0,12,0,12,0,12,0,12,0,12,39,63,0,12,0,12,0,12,0,12,0,12,0,12,0,12,2686,767,99,104,2686,767,187,197,305,383,107,96,0,12,2686,767,47,76,0,12,92,102,428,270,2093,764,0,12
"712","060375013005","Block Group 5, Census Tract 5013, Los Angeles County, California",1050,422,0,12,0,12,0,12,0,12,0,12,0,12,0,12,0,12,28,41,0,12,0,12,0,12,0,12,0,12,0,12,0,12,0,12,72,108,0,12,0,12,0,12,0,12,0,12,0,12,1133,417,47,55,1133,417,0,12,10,17,0,12,0,12,1133,417,40,50,0,12,0,12,240,153,853,414,0,12
"713","060375013003","Block Group 3, Census Tract 5013, Los Angeles County, California",680,330,0,12,0,12,0,12,0,12,0,12,0,12,0,12,0,12,15,26,0,12,0,12,0,12,16,25,0,12,0,12,0,12,0,12,0,12,0,12,0,12,0,12,0,12,0,12,0,12,680,330,102,100,680,330,0,12,17,28,41,65,0,12,680,330,14,22,0,12,0,12,205,171,461,291,0,12
"714","060375017003","Block Group 3, Census Tract 5017, Los Angeles County, California",1043,274,0,12,0,12,0,12,0,12,0,12,0,12,0,12,0,12,0,12,5,11,0,12,0,12,0,12,0,12,0,12,0,12,0,12,0,12,0,12,0,12,0,12,0,12,0,12,0,12,1139,300,54,62,1139,300,6,12,16,23,23,32,0,12,1139,300,11,18,0,12,0,12,523,151,605,278,0,12
"715","060375017002","Block Group 2, Census Tract 5017, Los Angeles County, California",810,217,0,12,0,12,0,12,0,12,0,12,0,12,0,12,0,12,0,12,8,14,0,12,0,12,0,12,0,12,0,12,0,12,0,12,0,12,0,12,0,12,0,12,0,12,0,12,0,12,884,234,18,27,884,234,0,12,0,12,0,12,0,12,884,234,0,12,0,12,0,12,134,100,750,231,0,12
"716","060375017004","Block Group 4, Census Tract 5017, Los Angeles County, California",680,221,7,13,0,12,0,12,0,12,0,12,0,12,0,12,0,12,45,53,13,20,0,12,0,12,0,12,0,12,0,12,0,12,0,12,0,12,0,12,0,12,0,12,0,12,0,12,0,12,697,230,7,9,697,230,1,3,0,12,13,20,0,12,697,230,36,53,0,12,1,4,337,188,323,171,0,12
"717","060375022002","Block Group 2, Census Tract 5022, Los Angeles County, California",1134,386,0,12,0,12,0,12,0,12,0,12,0,12,0,12,0,12,13,21,11,18,0,12,0,12,0,12,0,12,0,12,0,12,15,19,0,12,0,12,0,12,0,12,0,12,0,12,0,12,1203,384,141,143,1203,384,0,12,0,12,35,43,9,15,1203,384,0,12,0,12,0,12,81,74,1122,383,0,12
"718","060375022003","Block Group 3, Census Tract 5022, Los Angeles County, California",797,280,0,12,0,12,0,12,0,12,0,12,0,12,0,12,0,12,22,17,0,12,0,12,0,12,0,12,0,12,0,12,0,12,8,13,0,12,0,12,0,12,0,12,0,12,0,12,0,12,916,319,33,27,934,317,0,12,19,29,66,58,0,12,934,317,121,147,0,12,0,12,20,26,793,295,0,12
"719","060375022005","Block Group 5, Census Tract 5022, Los Angeles County, California",866,276,0,12,0,12,0,12,0,12,0,12,0,12,0,12,0,12,43,67,27,43,0,12,0,12,0,12,0,12,0,12,0,12,12,20,0,12,0,12,0,12,0,12,0,12,0,12,0,12,922,307,287,216,922,307,32,36,28,32,0,12,0,12,922,307,17,27,0,12,0,12,27,27,872,309,0,12
"720","060375027003","Block Group 3, Census Tract 5027, Los Angeles County, California",1828,406,0,12,0,12,0,12,0,12,0,12,0,12,0,12,0,12,24,26,13,20,0,12,0,12,0,12,0,12,0,12,0,12,34,39,16,24,0,12,0,12,0,12,0,12,0,12,0,12,1831,404,195,173,1851,406,0,12,40,57,61,87,0,12,1851,406,47,53,0,12,0,12,101,61,1703,406,0,12
"721","060375027001","Block Group 1, Census Tract 5027, Los Angeles County, California",1216,285,0,12,0,12,0,12,0,12,0,12,0,12,0,12,0,12,104,57,0,12,0,12,0,12,0,12,0,12,0,12,0,12,0,12,0,12,0,12,0,12,0,12,0,12,0,12,0,12,1325,340,101,93,1325,340,0,12,37,61,18,20,0,12,1325,340,13,20,9,14,280,284,280,163,655,261,8,16
"722","060375027004","Block Group 4, Census Tract 5027, Los Angeles County, California",984,314,0,12,0,12,0,12,0,12,0,12,0,12,0,12,0,12,11,17,0,12,0,12,0,12,0,12,0,12,0,12,0,12,9,13,12,20,0,12,0,12,0,12,0,12,0,12,0,12,1000,317,32,37,1000,317,0,12,14,23,34,47,0,12,1000,317,14,24,0,12,0,12,62,46,908,315,0,12
"723","060375027002","Block Group 2, Census Tract 5027, Los Angeles County, California",1322,395,0,12,0,12,0,12,0,12,0,12,0,12,0,12,0,12,122,81,11,19,14,24,0,12,0,12,0,12,0,12,0,12,8,12,11,18,0,12,0,12,0,12,0,12,0,12,0,12,1390,438,215,149,1381,438,0,12,11,17,78,92,0,12,1390,438,68,83,0,12,33,53,285,364,897,376,7,12
"724","060375027005","Block Group 5, Census Tract 5027, Los Angeles County, California",1340,404,0,12,0,12,0,12,0,12,0,12,0,12,0,12,0,12,23,26,0,12,0,12,0,12,0,12,0,12,0,12,0,12,10,17,18,28,0,12,0,12,0,12,0,12,0,12,0,12,1324,379,71,83,1353,403,0,12,8,11,51,53,0,12,1353,403,36,47,0,12,11,18,34,42,1272,389,0,12
"725","060375029013","Block Group 3, Census Tract 5029.01, Los Angeles County, California",984,346,0,12,0,12,0,12,0,12,0,12,0,12,0,12,0,12,0,12,0,12,0,12,0,12,0,12,0,12,0,12,0,12,63,79,0,12,0,12,0,12,0,12,0,12,0,12,0,12,1058,389,160,153,1058,389,61,56,49,54,54,49,0,12,1058,389,25,32,0,12,7,11,248,170,770,329,0,12
"726","060375029011","Block Group 1, Census Tract 5029.01, Los Angeles County, California",1721,440,0,12,0,12,0,12,0,12,0,12,0,12,0,12,0,12,137,178,0,12,0,12,0,12,60,87,0,12,0,12,0,12,8,13,79,72,0,12,0,12,0,12,0,12,0,12,0,12,1821,455,111,96,1821,455,12,18,39,45,46,51,0,12,1821,455,60,87,0,12,38,60,218,113,1310,489,17,29
"727","060375029012","Block Group 2, Census Tract 5029.01, Los Angeles County, California",2829,470,0,12,0,12,0,12,0,12,0,12,0,12,0,12,0,12,64,57,0,12,0,12,0,12,0,12,0,12,0,12,0,12,0,12,19,22,0,12,0,12,0,12,0,12,0,12,0,12,2937,498,257,146,2937,498,39,45,17,30,71,61,0,12,2937,498,80,109,0,12,17,26,419,126,2328,533,0,12
"728","060375038012","Block Group 2, Census Tract 5038.01, Los Angeles County, California",765,184,0,12,0,12,0,12,0,12,0,12,0,12,0,12,0,12,0,12,0,12,0,12,0,12,0,12,0,12,0,12,0,12,0,12,0,12,0,12,0,12,20,33,0,12,0,12,0,12,793,190,16,26,793,190,9,14,65,56,31,39,0,12,793,190,130,93,0,12,0,12,371,154,278,145,0,12
"729","060375038011","Block Group 1, Census Tract 5038.01, Los Angeles County, California",1263,255,0,12,0,12,0,12,0,12,0,12,0,12,0,12,0,12,23,34,0,12,0,12,0,12,20,25,0,12,0,12,0,12,0,12,0,12,0,12,0,12,9,15,0,12,0,12,0,12,1318,265,73,86,1318,265,0,12,19,24,85,87,0,12,1318,265,229,152,0,12,0,12,287,121,692,228,0,12
"730","060375038013","Block Group 3, Census Tract 5038.01, Los Angeles County, California",583,241,0,12,0,12,0,12,0,12,0,12,0,12,0,12,0,12,0,12,0,12,0,12,0,12,34,36,0,12,0,12,0,12,0,12,0,12,0,12,0,12,23,33,0,12,0,12,0,12,619,232,0,12,619,232,0,12,55,53,43,47,0,12,619,232,131,104,0,12,0,12,128,90,330,204,0,12
"731","060375038014","Block Group 4, Census Tract 5038.01, Los Angeles County, California",1104,229,0,12,0,12,0,12,0,12,0,12,0,12,0,12,0,12,13,15,0,12,0,12,0,12,0,12,0,12,0,12,0,12,0,12,0,12,0,12,0,12,0,12,0,12,0,12,0,12,1121,234,125,113,1121,234,0,12,25,20,24,21,0,12,1121,234,116,111,0,12,0,12,443,166,473,174,0,12
"732","060379200331","Block Group 1, Census Tract 9200.33, Los Angeles County, California",571,160,4,6,0,12,0,12,0,12,0,12,0,12,0,12,0,12,21,23,0,12,0,12,0,12,0,12,0,12,0,12,0,12,0,12,5,7,0,12,0,12,0,12,0,12,0,12,0,12,598,161,127,72,598,161,0,12,21,28,57,50,5,7,598,161,8,10,0,12,37,42,303,115,228,128,0,12
"733","060379200391","Block Group 1, Census Tract 9200.39, Los Angeles County, California",2080,184,0,12,0,12,0,12,0,12,0,12,0,12,0,12,0,12,19,22,2,5,0,12,0,12,0,12,0,12,0,12,0,12,0,12,0,12,0,12,0,12,5,8,0,12,0,12,0,12,2191,193,87,57,2185,194,13,19,90,44,86,56,0,12,2191,193,58,37,0,12,246,210,936,177,796,150,0,12
"734","060379202001","Block Group 1, Census Tract 9202, Los Angeles County, California",5393,238,0,17,0,17,0,17,0,17,0,17,0,17,0,17,0,17,234,77,101,41,4,7,0,17,4,7,0,17,0,17,0,17,0,17,0,17,0,17,0,17,0,17,0,17,0,17,0,17,0,17,0,17,0,17,0,17,0,17,0,17,0,17,5393,238,67,42,18,20,963,142,723,112,3206,240,0,17
"735","060379203031","Block Group 1, Census Tract 9203.03, Los Angeles County, California",1509,179,0,12,0,12,0,12,0,12,0,12,0,12,0,12,0,12,0,12,0,12,0,12,0,12,0,12,0,12,0,12,0,12,0,12,0,12,11,18,1,5,0,12,0,12,0,12,0,12,1608,175,189,138,1608,175,24,35,37,41,85,70,0,12,1608,175,244,92,0,12,8,13,688,153,430,197,0,12
"736","060379203222","Block Group 2, Census Tract 9203.22, Los Angeles County, California",1322,209,0,12,0,12,0,12,0,12,0,12,0,12,0,12,0,12,0,12,0,12,0,12,0,12,0,12,0,12,0,12,0,12,0,12,0,12,0,12,0,12,0,12,0,12,0,12,0,12,1397,226,123,91,1445,261,48,64,0,12,0,12,0,12,1445,261,0,12,0,12,23,25,1145,273,215,124,0,12
"737","060379106032","Block Group 2, Census Tract 9106.03, Los Angeles County, California",1469,609,0,12,0,12,0,12,0,12,0,12,0,12,0,12,0,12,79,72,0,12,0,12,0,12,8,11,0,12,0,12,0,12,0,12,0,12,0,12,0,12,0,12,0,12,0,12,0,12,1469,609,132,93,1469,609,12,19,37,56,51,64,0,12,1469,609,17,20,0,12,85,86,285,122,1049,588,0,12
"738","060379106033","Block Group 3, Census Tract 9106.03, Los Angeles County, California",1514,497,0,12,0,12,0,12,0,12,0,12,0,12,0,12,0,12,59,51,95,94,0,12,0,12,0,12,0,12,0,12,0,12,0,12,0,12,0,12,0,12,0,12,0,12,0,12,0,12,1549,487,189,229,1657,521,41,63,46,61,47,63,0,12,1660,521,27,33,0,12,200,211,343,178,1082,499,0,12
"739","060374017042","Block Group 2, Census Tract 4017.04, Los Angeles County, California",1826,442,0,12,0,12,0,12,0,12,0,12,0,12,0,12,0,12,117,75,29,38,18,28,19,28,0,12,0,12,0,12,0,12,85,62,0,12,0,12,0,12,0,12,0,12,0,12,0,12,1854,455,240,194,1854,455,6,10,144,107,25,21,0,12,1859,455,1,2,0,12,143,154,259,195,1301,417,79,113
"740","060371312002","Block Group 2, Census Tract 1312, Los Angeles County, California",1217,248,0,12,0,12,0,12,0,12,0,12,0,12,0,12,0,12,0,12,0,12,0,12,0,12,0,12,0,12,0,12,0,12,0,12,0,12,0,12,0,12,0,12,0,12,0,12,0,12,1249,243,125,91,1249,243,23,23,39,32,34,40,0,12,1249,243,155,80,0,12,82,83,654,166,339,188,0,12
"741","060371316001","Block Group 1, Census Tract 1316, Los Angeles County, California",1903,473,0,12,0,12,0,12,0,12,0,12,0,12,0,12,0,12,86,89,28,38,25,39,0,12,0,12,0,12,19,27,0,12,0,12,45,71,0,12,0,12,24,28,0,12,0,12,0,12,1912,473,139,115,1912,473,17,18,31,48,40,34,0,12,1912,473,297,175,0,12,126,144,447,241,980,351,0,12
"742","060371316004","Block Group 4, Census Tract 1316, Los Angeles County, California",949,317,8,14,0,12,0,12,0,12,0,12,0,12,0,12,0,12,57,63,0,12,0,12,0,12,0,12,0,12,0,12,0,12,58,97,7,11,0,12,0,12,0,12,0,12,0,12,0,12,994,326,38,57,994,326,16,28,24,31,29,36,10,18,994,326,101,70,0,12,14,21,320,182,547,282,0,12
"743","060371316002","Block Group 2, Census Tract 1316, Los Angeles County, California",1172,563,0,12,0,12,8,13,0,12,0,12,0,12,0,12,0,12,0,12,0,12,0,12,0,12,0,12,0,12,0,12,0,12,0,12,39,62,0,12,13,20,0,12,0,12,0,12,0,12,1309,656,28,44,1309,656,37,57,0,12,48,54,0,12,1309,656,90,78,0,12,0,12,324,155,848,651,0,12
"744","060371327002","Block Group 2, Census Tract 1327, Los Angeles County, California",516,127,0,12,0,12,0,12,0,12,0,12,0,12,0,12,0,12,0,12,0,12,0,12,0,12,0,12,0,12,0,12,0,12,0,12,0,12,0,12,0,12,0,12,0,12,0,12,0,12,537,131,29,33,537,131,11,16,0,12,22,33,0,12,537,131,48,43,0,12,7,12,380,126,78,57,0,12
"745","060371327004","Block Group 4, Census Tract 1327, Los Angeles County, California",2367,397,42,53,0,12,0,12,0,12,0,12,0,12,0,12,0,12,416,212,91,82,22,34,0,12,0,12,0,12,0,12,0,12,59,53,54,47,0,12,0,12,15,25,0,12,0,12,0,12,2557,414,708,315,2557,414,0,12,103,92,110,83,17,26,2557,414,244,167,0,12,22,23,148,76,2075,455,0,12
"746","060371327001","Block Group 1, Census Tract 1327, Los Angeles County, California",680,235,13,19,0,12,0,12,0,12,0,12,0,12,0,12,0,12,10,15,28,31,0,12,0,12,0,12,0,12,0,12,0,12,0,12,0,12,18,31,0,12,0,12,0,12,0,12,0,12,732,238,9,15,732,238,13,19,9,15,0,12,0,12,732,238,85,104,0,12,0,12,295,150,352,171,0,12
"747","060371327003","Block Group 3, Census Tract 1327, Los Angeles County, California",925,340,29,44,29,44,0,12,0,12,0,12,0,12,0,12,0,12,21,23,0,12,0,12,0,12,0,12,0,12,0,12,0,12,0,12,14,27,0,12,0,12,0,12,0,12,0,12,8,13,1047,406,20,24,1047,406,35,46,15,21,64,84,0,12,1047,406,0,12,0,12,5,13,453,172,547,302,0,12
"748","060371813002","Block Group 2, Census Tract 1813, Los Angeles County, California",920,229,0,12,0,12,0,12,0,12,0,12,0,12,0,12,0,12,22,31,0,12,26,38,0,12,0,12,0,12,0,12,0,12,8,14,0,12,0,12,0,12,0,12,0,12,0,12,0,12,955,237,60,70,955,237,0,12,8,14,20,31,0,12,955,237,201,153,0,12,38,47,458,182,249,122,0,12
"749","060371813003","Block Group 3, Census Tract 1813, Los Angeles County, California",1612,224,0,12,0,12,0,12,0,12,0,12,0,12,0,12,0,12,7,15,0,12,0,12,0,12,0,12,13,19,0,12,0,12,9,15,0,12,13,19,0,12,0,12,0,12,0,12,0,12,1711,242,33,20,1711,242,0,12,27,38,52,35,0,12,1711,242,586,186,0,12,8,18,499,178,513,216,0,12
"750","060371813001","Block Group 1, Census Tract 1813, Los Angeles County, California",1268,279,0,12,0,12,0,12,0,12,0,12,0,12,0,12,0,12,17,21,0,12,0,12,0,12,26,40,0,12,0,12,0,12,0,12,0,12,0,12,0,12,0,12,7,11,0,12,0,12,1363,358,187,123,1378,368,24,38,22,22,55,41,0,12,1393,368,479,342,0,12,18,28,504,149,362,139,0,12
"751","060372643013","Block Group 3, Census Tract 2643.01, Los Angeles County, California",2218,573,0,12,0,12,0,12,0,12,0,12,0,12,0,12,0,12,0,12,0,12,49,79,0,12,0,12,0,12,0,12,0,12,0,12,0,12,0,12,0,12,0,12,0,12,0,12,0,12,2292,580,125,81,2292,580,0,12,64,85,0,12,0,12,2292,580,448,232,0,12,114,183,1564,526,107,67,0,12
"752","060372643011","Block Group 1, Census Tract 2643.01, Los Angeles County, California",1141,229,0,12,0,12,0,12,0,12,0,12,0,12,0,12,0,12,16,26,0,12,0,12,0,12,0,12,0,12,0,12,0,12,0,12,0,12,0,12,0,12,0,12,0,12,0,12,0,12,1210,250,132,110,1185,238,0,12,33,36,0,12,0,12,1210,250,44,33,0,12,0,12,989,226,53,51,0,12
"753","060372643012","Block Group 2, Census Tract 2643.01, Los Angeles County, California",2014,414,0,12,0,12,0,12,0,12,0,12,0,12,0,12,0,12,0,12,0,12,0,12,0,12,0,12,0,12,15,24,0,12,0,12,0,12,0,12,0,12,0,12,0,12,0,12,0,12,2050,418,128,89,2050,418,0,12,14,22,40,65,0,12,2050,418,226,191,0,12,25,39,1531,315,237,233,0,12
"754","060375409011","Block Group 1, Census Tract 5409.01, Los Angeles County, California",1044,292,0,12,0,12,0,12,0,12,0,12,0,12,0,12,0,12,12,20,0,12,0,12,0,12,5,11,6,14,0,12,0,12,56,72,14,15,0,12,6,13,0,12,0,12,0,12,0,12,915,331,405,282,915,331,0,12,0,12,24,29,0,12,1129,347,36,49,5,11,406,173,110,90,572,299,0,12
"755","060375409012","Block Group 2, Census Tract 5409.01, Los Angeles County, California",1180,515,0,12,0,12,0,12,0,12,0,12,0,12,0,12,0,12,48,53,68,87,0,12,0,12,0,12,0,12,0,12,0,12,7,13,217,239,0,12,0,12,0,12,0,12,0,12,0,12,1233,525,286,153,1233,525,23,36,0,12,220,135,0,12,1233,525,0,12,0,12,150,125,0,12,1083,518,0,12
"756","060375409013","Block Group 3, Census Tract 5409.01, Los Angeles County, California",1675,550,0,12,0,12,0,12,0,12,0,12,0,12,0,12,0,12,196,116,131,144,0,12,0,12,0,12,0,12,0,12,0,12,26,25,0,12,0,12,0,12,0,12,0,12,0,12,0,12,1790,620,386,272,1790,620,0,12,50,62,95,61,0,12,1790,620,0,12,0,12,298,170,0,12,1468,586,13,22
"757","060375409014","Block Group 4, Census Tract 5409.01, Los Angeles County, California",693,436,0,12,0,12,0,12,0,12,0,12,0,12,0,12,0,12,34,49,0,12,0,12,0,12,0,12,0,12,0,12,0,12,19,32,53,54,0,12,0,12,0,12,0,12,0,12,0,12,752,448,101,160,752,448,0,12,0,12,14,28,0,12,752,448,0,12,0,12,190,123,38,63,507,423,0,12
"758","060375412005","Block Group 5, Census Tract 5412, Los Angeles County, California",1042,372,37,58,0,12,0,12,0,12,0,12,0,12,0,12,0,12,82,70,0,12,0,12,0,12,0,12,0,12,0,12,0,12,22,35,0,12,0,12,0,12,0,12,0,12,0,12,0,12,1044,371,42,39,1058,379,24,38,56,51,24,29,0,12,1058,379,49,76,0,12,369,222,11,18,629,370,0,12
"759","060372654201","Block Group 1, Census Tract 2654.20, Los Angeles County, California",709,138,0,12,0,12,0,12,0,12,0,12,0,12,0,12,0,12,0,12,0,12,0,12,0,12,0,12,0,12,0,12,0,12,0,12,0,12,0,12,0,12,0,12,0,12,0,12,0,12,761,143,27,36,761,143,0,12,0,12,4,7,0,12,761,143,13,12,0,12,0,12,727,140,0,12,0,12
"760","060372671001","Block Group 1, Census Tract 2671, Los Angeles County, California",2811,562,0,12,0,12,0,12,0,12,0,12,0,12,0,12,0,12,0,12,0,12,0,12,0,12,47,63,0,12,0,12,0,12,0,12,0,12,144,120,105,112,0,12,0,12,0,12,0,12,2888,616,329,217,2888,616,0,12,89,76,48,64,0,12,2888,616,752,306,0,12,130,133,1692,563,62,79,0,12
"761","060372671002","Block Group 2, Census Tract 2671, Los Angeles County, California",784,304,0,12,0,12,0,12,0,12,0,12,0,12,0,12,0,12,0,12,0,12,0,12,0,12,0,12,0,12,0,12,0,12,0,12,0,12,0,12,0,12,0,12,0,12,0,12,0,12,833,337,23,38,833,337,0,12,0,12,0,12,0,12,833,337,88,67,0,12,62,58,550,277,63,75,0,12
"762","060372671004","Block Group 4, Census Tract 2671, Los Angeles County, California",856,282,0,12,0,12,0,12,0,12,0,12,0,12,0,12,0,12,0,12,0,12,0,12,0,12,10,23,0,12,0,12,0,12,0,12,15,25,0,12,0,12,0,12,0,12,0,12,0,12,903,297,0,12,903,297,0,12,0,12,19,30,0,12,903,297,78,109,0,12,0,12,655,279,96,114,0,12
"763","060372678003","Block Group 3, Census Tract 2678, Los Angeles County, California",1194,232,0,12,0,12,0,12,0,12,0,12,0,12,0,12,0,12,0,12,0,12,0,12,0,12,0,12,0,12,0,12,0,12,0,12,0,12,72,70,0,12,0,12,0,12,0,12,0,12,1284,242,152,79,1292,241,0,12,0,12,0,12,0,12,1292,241,166,79,9,16,15,17,937,252,147,108,0,12
"764","060372690002","Block Group 2, Census Tract 2690, Los Angeles County, California",1052,350,0,12,0,12,0,12,0,12,0,12,0,12,0,12,0,12,0,12,0,12,0,12,0,12,0,12,0,12,0,12,0,12,0,12,0,12,0,12,0,12,0,12,0,12,0,12,0,12,1080,355,0,12,1080,355,0,12,0,12,0,12,0,12,1080,355,33,59,0,12,0,12,956,345,72,81,0,12
"765","060372690005","Block Group 5, Census Tract 2690, Los Angeles County, California",746,206,0,12,0,12,0,12,0,12,0,12,0,12,0,12,0,12,0,12,0,12,0,12,0,12,37,50,0,12,0,12,0,12,0,12,0,12,0,12,0,12,10,19,0,12,0,12,0,12,757,232,120,81,757,232,0,12,14,20,21,35,0,12,790,233,206,144,7,18,21,35,402,182,154,106,0,12
"766","060372690003","Block Group 3, Census Tract 2690, Los Angeles County, California",658,257,0,12,0,12,0,12,0,12,0,12,0,12,0,12,0,12,25,40,0,12,0,12,0,12,0,12,0,12,0,12,0,12,0,12,0,12,0,12,0,12,0,12,0,12,0,12,0,12,665,275,60,50,665,275,0,12,0,12,0,12,0,12,685,271,45,59,0,12,27,35,484,247,129,113,0,12
"767","060372693004","Block Group 4, Census Tract 2693, Los Angeles County, California",820,207,0,12,0,12,0,12,0,12,0,12,0,12,0,12,0,12,0,12,0,12,0,12,0,12,20,29,0,12,0,12,0,12,0,12,0,12,0,12,0,12,0,12,0,12,0,12,0,12,955,288,6,11,955,288,0,12,28,44,0,12,0,12,955,288,67,71,0,12,20,32,799,285,33,39,0,12
"768","060372693002","Block Group 2, Census Tract 2693, Los Angeles County, California",790,279,0,12,0,12,0,12,0,12,0,12,0,12,0,12,0,12,0,12,0,12,0,12,0,12,0,12,0,12,0,12,0,12,0,12,0,12,0,12,0,12,0,12,0,12,0,12,0,12,790,279,25,23,790,279,0,12,0,12,6,11,0,12,790,279,9,13,0,12,45,56,640,206,17,18,0,12
"769","060372063001","Block Group 1, Census Tract 2063, Los Angeles County, California",1561,344,0,12,0,12,0,12,0,12,0,12,0,12,0,12,0,12,57,61,30,40,0,12,0,12,12,28,0,12,0,12,0,12,32,51,15,24,0,12,0,12,11,26,0,12,0,12,0,12,1561,344,1325,350,1561,344,0,12,49,71,201,134,0,12,1561,344,69,60,0,12,810,210,283,139,324,168,41,47
"770","060372077101","Block Group 1, Census Tract 2077.10, Los Angeles County, California",4546,398,0,12,0,12,0,12,0,12,0,12,0,12,0,12,0,12,26,44,0,12,0,12,0,12,25,42,0,12,0,12,0,12,23,39,0,12,0,12,0,12,145,82,202,125,0,12,0,12,4640,397,873,263,4667,405,0,12,223,147,140,115,0,12,4667,405,1689,421,0,12,565,275,1618,325,651,237,0,12
"771","060372373004","Block Group 4, Census Tract 2373, Los Angeles County, California",893,415,0,12,0,12,0,12,0,12,0,12,0,12,0,12,0,12,15,30,0,12,0,12,0,12,0,12,0,12,0,12,0,12,32,49,0,12,0,12,0,12,0,12,0,12,0,12,0,12,930,445,54,55,930,445,0,12,43,59,0,12,0,12,930,445,0,12,0,12,663,357,0,12,257,267,0,12
"772","060372373002","Block Group 2, Census Tract 2373, Los Angeles County, California",1269,352,0,12,0,12,0,12,0,12,0,12,0,12,0,12,0,12,59,55,16,29,0,12,0,12,0,12,0,12,0,12,0,12,0,12,12,19,0,12,0,12,0,12,0,12,0,12,0,12,1386,403,25,27,1386,403,0,12,95,81,57,48,0,12,1386,403,1,2,0,12,487,287,22,26,866,387,10,16
"773","060372373001","Block Group 1, Census Tract 2373, Los Angeles County, California",1213,675,0,12,31,46,0,12,0,12,0,12,0,12,0,12,0,12,76,111,37,55,0,12,0,12,0,12,0,12,0,12,0,12,0,12,0,12,0,12,0,12,0,12,0,12,0,12,0,12,1177,638,213,138,1254,719,12,20,83,96,27,42,0,12,1254,719,0,12,0,12,807,570,89,109,358,415,0,12
"774","060372373003","Block Group 3, Census Tract 2373, Los Angeles County, California",1091,273,0,12,0,12,0,12,0,12,0,12,0,12,0,12,0,12,28,33,47,43,0,12,0,12,0,12,0,12,0,12,0,12,0,12,10,16,0,12,0,12,0,12,0,12,0,12,0,12,1108,276,237,91,1108,276,0,12,9,15,71,106,47,70,1108,276,0,12,0,12,545,191,34,47,502,220,0,12
"775","060372375002","Block Group 2, Census Tract 2375, Los Angeles County, California",849,241,0,12,0,12,0,12,0,12,0,12,0,12,0,12,0,12,52,67,77,63,0,12,0,12,0,12,0,12,0,12,0,12,10,15,0,12,0,12,0,12,0,12,0,12,0,12,0,12,842,249,413,224,842,249,0,12,55,44,83,57,0,12,865,249,2,4,0,12,405,151,8,12,446,217,0,12
"776","060372013011","Block Group 1, Census Tract 2013.01, Los Angeles County, California",1442,286,0,12,0,12,0,12,0,12,0,12,0,12,0,12,0,12,94,89,8,13,0,12,0,12,0,12,0,12,0,12,0,12,167,96,12,21,0,12,0,12,31,39,0,12,0,12,0,12,1464,281,232,144,1450,281,21,30,36,42,58,59,0,12,1464,281,103,100,0,12,0,12,120,65,1241,301,0,12
"777","060372013012","Block Group 2, Census Tract 2013.01, Los Angeles County, California",2797,522,0,12,0,12,0,12,0,12,0,12,0,12,0,12,0,12,307,111,99,120,0,12,0,12,56,35,49,57,0,12,0,12,38,31,11,21,0,12,0,12,77,97,18,23,0,12,0,12,2968,482,729,383,2968,482,167,115,192,157,112,95,0,12,3034,493,607,256,0,12,102,134,105,77,2217,395,0,12
"778","060372036003","Block Group 3, Census Tract 2036, Los Angeles County, California",2153,398,34,42,0,12,0,12,0,12,0,12,0,12,0,12,0,12,340,120,178,94,0,12,0,12,14,22,0,12,0,12,0,12,65,55,34,42,0,12,0,12,0,12,0,12,0,12,0,12,2465,491,612,309,2465,491,21,32,214,140,208,130,0,12,2465,491,56,60,0,12,39,61,90,89,2280,488,0,12
"779","060372036002","Block Group 2, Census Tract 2036, Los Angeles County, California",1687,468,0,12,0,12,0,12,0,12,0,12,0,12,0,12,0,12,200,129,223,141,0,12,0,12,0,12,0,12,0,12,0,12,39,45,9,13,0,12,0,12,0,12,0,12,0,12,0,12,1819,494,414,207,1828,495,55,73,193,147,175,127,0,12,1828,495,0,12,0,12,9,14,0,12,1819,497,0,12
"780","060372041101","Block Group 1, Census Tract 2041.10, Los Angeles County, California",1287,354,7,11,0,12,0,12,0,12,0,12,0,12,0,12,0,12,133,78,94,64,0,12,0,12,0,12,0,12,0,12,0,12,33,29,36,41,0,12,0,12,0,12,0,12,0,12,0,12,1378,356,93,89,1378,356,19,28,150,83,183,98,0,12,1378,356,0,12,0,12,0,12,5,7,1373,356,0,12
"781","060372041103","Block Group 3, Census Tract 2041.10, Los Angeles County, California",921,293,0,12,0,12,0,12,0,12,0,12,0,12,0,12,0,12,56,42,76,71,0,12,0,12,0,12,0,12,15,23,0,12,24,24,45,41,0,12,0,12,0,12,0,12,0,12,0,12,958,321,236,243,958,321,0,12,39,41,43,36,0,12,958,321,0,12,0,12,0,12,107,157,851,301,0,12
"782","060372044201","Block Group 1, Census Tract 2044.20, Los Angeles County, California",2218,234,58,45,7,11,0,12,0,12,0,12,0,12,0,12,0,12,272,86,257,80,0,12,0,12,0,12,0,12,0,12,0,12,22,20,58,56,0,12,0,12,0,12,0,12,0,12,0,12,2328,266,909,192,2341,259,31,33,87,46,240,89,0,12,2341,259,80,74,0,12,144,65,15,13,2082,253,0,12
"783","060372046002","Block Group 2, Census Tract 2046, Los Angeles County, California",1564,398,0,12,0,12,0,12,0,12,0,12,0,12,0,12,0,12,162,78,87,59,0,12,0,12,0,12,0,12,0,12,0,12,45,72,10,20,0,12,0,12,0,12,0,12,0,12,0,12,1619,411,525,270,1619,411,17,27,86,81,148,99,0,12,1619,411,87,86,0,12,0,12,42,53,1479,414,0,12
"784","060375015042","Block Group 2, Census Tract 5015.04, Los Angeles County, California",790,206,0,12,0,12,0,12,0,12,0,12,0,12,0,12,0,12,39,41,0,12,0,12,0,12,0,12,0,12,0,12,0,12,0,12,0,12,0,12,0,12,0,12,0,12,0,12,0,12,907,267,179,130,907,267,0,12,28,35,10,15,0,12,907,267,25,31,0,12,0,12,187,75,679,270,0,12
"785","060375016003","Block Group 3, Census Tract 5016, Los Angeles County, California",967,306,0,12,0,12,0,12,0,12,0,12,0,12,0,12,0,12,2,5,21,28,0,12,0,12,0,12,0,12,0,12,0,12,0,12,28,37,0,12,0,12,0,12,0,12,0,12,0,12,1062,374,92,74,1062,374,45,60,0,12,78,67,14,24,1062,374,33,67,0,12,6,7,327,176,696,356,0,12
"786","060375016001","Block Group 1, Census Tract 5016, Los Angeles County, California",4027,577,64,97,0,12,0,12,0,12,0,12,0,12,0,12,0,12,16,25,28,41,0,12,0,12,19,31,19,31,0,12,0,12,0,12,0,12,0,12,0,12,0,12,0,12,0,12,0,12,3125,576,309,250,4088,607,0,12,9,16,34,53,0,12,4088,607,495,286,22,40,121,96,1115,226,2112,540,12,15
"787","060375016002","Block Group 2, Census Tract 5016, Los Angeles County, California",1528,533,0,12,0,12,0,12,0,12,0,12,0,12,0,12,0,12,0,12,0,12,0,12,0,12,0,12,0,12,0,12,0,12,0,12,0,12,0,12,0,12,0,12,0,12,0,12,0,12,1634,581,482,547,1634,581,0,12,19,31,55,85,0,12,1634,581,0,12,0,12,0,12,376,252,1095,447,0,12
"788","060375551042","Block Group 2, Census Tract 5551.04, Los Angeles County, California",1666,307,0,12,0,12,0,12,0,12,0,12,0,12,0,12,0,12,110,108,0,12,0,12,0,12,0,12,0,12,0,12,0,12,0,12,0,12,0,12,0,12,47,68,0,12,0,12,0,12,1747,307,271,252,1762,311,47,51,136,96,171,129,0,12,1769,312,181,122,0,12,134,126,104,89,1311,298,12,19
"789","060379200161","Block Group 1, Census Tract 9200.16, Los Angeles County, California",558,134,0,12,0,12,0,12,0,12,0,12,0,12,0,12,0,12,0,12,0,12,0,12,0,12,0,12,0,12,0,12,0,12,0,12,0,12,0,12,0,12,0,12,0,12,0,12,0,12,575,145,0,12,575,145,0,12,12,20,0,12,0,12,575,145,0,12,0,12,0,12,422,118,135,82,6,11
"790","060372942003","Block Group 3, Census Tract 2942, Los Angeles County, California",1203,399,0,12,0,12,0,12,0,12,0,12,0,12,0,12,0,12,47,52,49,52,0,12,0,12,0,12,0,12,0,12,0,12,21,34,0,12,0,12,0,12,34,56,0,12,0,12,0,12,1252,423,40,29,1252,423,15,23,16,25,37,41,0,12,1252,423,86,79,19,31,0,12,64,60,1083,402,0,12
"791","060372942002","Block Group 2, Census Tract 2942, Los Angeles County, California",1725,421,0,12,0,12,0,12,0,12,0,12,0,12,0,12,0,12,85,60,109,105,0,12,0,12,0,12,0,12,0,12,0,12,38,42,50,60,0,12,0,12,0,12,0,12,0,12,0,12,1861,463,186,175,1861,463,0,12,55,64,116,144,39,56,1861,463,0,12,0,12,110,177,115,77,1603,446,19,27
"792","060372945102","Block Group 2, Census Tract 2945.10, Los Angeles County, California",2838,514,0,12,0,12,0,12,0,12,0,12,0,12,0,12,0,12,384,138,267,117,0,12,0,12,0,12,0,12,0,12,0,12,70,52,32,40,0,12,0,12,0,12,0,12,0,12,0,12,3220,576,1149,579,3220,576,0,12,127,76,264,127,0,12,3220,576,8,13,0,12,0,12,25,23,3187,576,0,12
"793","060372945101","Block Group 1, Census Tract 2945.10, Los Angeles County, California",1709,376,0,12,0,12,0,12,0,12,0,12,0,12,0,12,0,12,248,146,28,33,0,12,0,12,0,12,0,12,0,12,0,12,68,60,54,44,0,12,0,12,0,12,0,12,0,12,0,12,1862,404,51,61,1862,404,34,55,111,94,101,79,0,12,1862,404,0,12,0,12,10,15,73,71,1771,426,0,12
"794","060371352011","Block Group 1, Census Tract 1352.01, Los Angeles County, California",1772,217,0,12,0,12,0,12,0,12,0,12,0,12,0,12,0,12,0,12,0,12,5,7,0,12,38,32,6,9,0,12,0,12,15,25,30,28,0,12,0,12,5,9,0,12,8,11,0,12,1922,222,104,84,1922,222,0,12,48,37,33,34,8,11,1922,222,403,101,3,5,288,215,873,201,281,122,0,12
"795","060371352012","Block Group 2, Census Tract 1352.01, Los Angeles County, California",840,261,0,12,0,12,0,12,0,12,0,12,0,12,0,12,0,12,0,12,0,12,0,12,0,12,0,12,0,12,0,12,0,12,0,12,0,12,0,12,25,39,0,12,0,12,0,12,0,12,866,264,68,51,866,264,9,17,20,82,16,17,0,12,866,264,66,43,0,12,0,12,693,250,67,79,0,12
"796","060371370001","Block Group 1, Census Tract 1370, Los Angeles County, California",1883,271,0,12,0,12,0,12,0,12,0,12,0,12,0,12,0,12,10,12,0,12,5,11,0,12,0,12,0,12,0,12,0,12,4,9,0,12,18,29,6,10,9,15,9,14,0,12,0,12,1936,279,223,99,1936,279,6,11,21,34,54,38,0,12,1936,279,263,100,6,10,43,30,1455,266,69,53,23,38
"797","060371370002","Block Group 2, Census Tract 1370, Los Angeles County, California",2900,287,0,12,0,12,0,12,0,12,0,12,0,12,0,12,0,12,0,12,0,12,0,12,0,12,27,40,0,12,0,12,0,12,0,12,0,12,64,80,64,81,17,26,0,12,0,12,0,12,3118,309,108,81,3131,308,0,12,0,12,56,64,0,12,3131,308,173,92,0,12,211,276,2346,392,317,91,0,12
"798","060371375011","Block Group 1, Census Tract 1375.01, Los Angeles County, California",3687,510,0,12,0,12,0,12,0,12,0,12,0,12,0,12,0,12,0,12,0,12,105,104,0,12,0,12,0,12,24,35,0,12,0,12,0,12,32,38,0,12,0,12,0,12,0,12,0,12,4093,502,242,168,4111,506,104,102,169,134,76,57,0,12,4129,510,326,291,0,12,307,172,2660,446,637,327,0,12
"799","060371375012","Block Group 2, Census Tract 1375.01, Los Angeles County, California",786,240,0,12,0,12,0,12,0,12,0,12,0,12,0,12,0,12,0,12,0,12,50,78,25,41,0,12,0,12,0,12,0,12,0,12,0,12,37,59,0,12,0,12,0,12,0,12,0,12,786,240,88,82,786,240,0,12,64,81,48,79,0,12,786,240,0,12,0,12,29,49,513,217,244,159,0,12
"800","060376510023","Block Group 3, Census Tract 6510.02, Los Angeles County, California",1017,205,0,12,0,12,0,12,0,12,11,18,12,18,0,12,0,12,0,12,0,12,0,12,0,12,52,52,0,12,0,12,0,12,0,12,0,12,10,17,0,12,10,16,0,12,0,12,0,12,1031,205,80,99,1031,205,0,12,37,46,21,24,0,12,1031,205,469,174,0,12,10,16,383,95,86,59,27,31
"801","060376510024","Block Group 4, Census Tract 6510.02, Los Angeles County, California",1026,300,0,12,0,12,0,12,0,12,0,12,0,12,0,12,0,12,9,11,0,12,0,12,0,12,0,12,0,12,0,12,0,12,0,12,0,12,0,12,0,12,23,35,0,12,0,12,0,12,1119,312,67,101,1119,312,0,12,37,55,63,65,0,12,1119,312,238,124,13,18,189,134,272,100,353,249,0,12
"802","060376510022","Block Group 2, Census Tract 6510.02, Los Angeles County, California",1319,219,0,12,0,12,0,12,0,12,0,12,0,12,0,12,0,12,0,12,0,12,0,12,0,12,20,23,32,49,0,12,0,12,0,12,1,2,0,12,0,12,14,21,0,12,0,12,0,12,1349,227,35,35,1349,227,29,43,5,10,56,61,0,12,1359,226,521,182,0,12,1,2,562,178,191,108,0,12
"803","060376512012","Block Group 2, Census Tract 6512.01, Los Angeles County, California",847,184,0,12,0,12,0,12,0,12,0,12,0,12,0,12,0,12,0,12,0,12,0,12,0,12,0,12,0,12,0,12,0,12,0,12,0,12,6,11,0,12,10,18,0,12,0,12,0,12,876,197,23,24,876,197,0,12,0,12,0,12,0,12,876,197,117,85,0,12,13,20,605,182,91,84,0,12
"804","060376512013","Block Group 3, Census Tract 6512.01, Los Angeles County, California",1087,255,0,12,0,12,0,12,0,12,0,12,0,12,0,12,0,12,0,12,0,12,0,12,0,12,0,12,0,12,0,12,0,12,0,12,0,12,0,12,0,12,0,12,0,12,0,12,0,12,1153,270,8,7,1153,270,0,12,0,12,0,12,0,12,1153,270,160,96,0,12,3,7,622,238,302,149,0,12
"805","060376512014","Block Group 4, Census Tract 6512.01, Los Angeles County, California",1136,304,0,12,0,12,0,12,0,12,0,12,0,12,0,12,0,12,0,12,0,12,25,38,0,12,24,26,0,12,0,12,0,12,0,12,0,12,0,12,0,12,13,21,0,12,0,12,0,12,1208,325,11,12,1216,327,0,12,0,12,25,33,0,12,1216,327,264,177,59,92,0,12,567,210,266,175,0,12
"806","060376512011","Block Group 1, Census Tract 6512.01, Los Angeles County, California",951,206,0,12,0,12,0,12,0,12,0,12,0,12,0,12,0,12,0,12,0,12,0,12,0,12,0,12,0,12,0,12,0,12,0,12,0,12,0,12,0,12,5,8,0,12,0,12,0,12,951,206,41,50,951,206,0,12,0,12,13,19,0,12,951,206,272,155,0,12,30,47,563,164,40,48,0,12
"807","060376704131","Block Group 1, Census Tract 6704.13, Los Angeles County, California",1906,306,0,12,0,12,0,12,0,12,14,22,0,12,0,12,0,12,0,12,0,12,0,12,0,12,36,30,0,12,0,12,0,12,0,12,0,12,0,12,0,12,8,13,0,12,12,19,0,12,1980,320,62,55,1980,320,0,12,8,13,18,20,0,12,1980,320,964,318,0,12,0,12,797,221,173,102,0,12
"808","060376707012","Block Group 2, Census Tract 6707.01, Los Angeles County, California",1990,376,0,12,0,12,0,12,0,12,0,12,0,12,0,12,0,12,0,12,0,12,0,12,0,12,0,12,0,12,0,12,0,12,0,12,0,12,0,12,0,12,0,12,0,12,0,12,0,12,2065,405,33,38,2070,404,0,12,0,12,0,12,0,12,2070,404,267,179,0,12,0,12,1158,276,605,271,0,12
"809","060376707011","Block Group 1, Census Tract 6707.01, Los Angeles County, California",2543,486,0,12,0,12,0,12,0,12,0,12,0,12,0,12,0,12,22,35,0,12,0,12,0,12,14,22,0,12,0,12,0,12,0,12,0,12,0,12,0,12,0,12,0,12,0,12,0,12,2758,548,241,213,2758,548,0,12,0,12,0,12,0,12,2758,548,353,173,150,235,29,58,1368,380,736,354,16,25
"810","060376707013","Block Group 3, Census Tract 6707.01, Los Angeles County, California",1302,370,0,12,0,12,0,12,0,12,0,12,0,12,0,12,0,12,0,12,0,12,0,12,0,12,20,30,0,12,0,12,0,12,0,12,0,12,0,12,0,12,47,51,0,12,0,12,0,12,1302,370,24,40,1302,370,0,12,0,12,0,12,37,46,1302,370,300,205,0,12,0,12,662,267,324,261,0,12
"811","060371372012","Block Group 2, Census Tract 1372.01, Los Angeles County, California",1041,375,0,12,0,12,0,12,0,12,0,12,0,12,0,12,0,12,0,12,0,12,0,12,0,12,31,41,0,12,0,12,0,12,0,12,0,12,0,12,0,12,0,12,0,12,0,12,0,12,1109,383,62,82,1109,383,0,12,0,12,17,27,0,12,1109,383,196,148,0,12,197,223,355,225,293,268,0,12
"812","060374065004","Block Group 4, Census Tract 4065, Los Angeles County, California",1075,427,0,12,0,12,0,12,0,12,0,12,0,12,0,12,0,12,68,88,0,12,0,12,0,12,59,49,8,13,0,12,0,12,0,12,36,53,0,12,0,12,18,26,18,20,7,14,0,12,1062,438,57,88,1062,438,0,12,0,12,98,106,0,12,1101,436,422,264,0,12,36,49,65,33,438,328,0,12
"813","060374079002","Block Group 2, Census Tract 4079, Los Angeles County, California",1094,379,0,12,0,12,0,12,0,12,0,12,0,12,0,12,0,12,100,84,46,69,0,12,0,12,2,7,0,12,0,12,0,12,25,29,25,38,0,12,0,12,12,18,0,12,0,12,0,12,1142,373,28,40,1142,373,0,12,33,42,46,69,0,12,1142,373,173,151,0,12,43,44,41,33,885,334,0,12
"814","060372243102","Block Group 2, Census Tract 2243.10, Los Angeles County, California",1132,299,4,7,0,12,0,12,0,12,0,12,0,12,0,12,0,12,291,193,71,56,0,12,0,12,23,27,22,27,0,12,0,12,39,32,45,61,0,12,0,12,0,12,15,24,0,12,0,12,1268,368,467,300,1268,368,64,56,213,134,143,83,0,12,1268,368,87,83,0,12,0,12,28,28,1153,379,0,12
"815","060372244201","Block Group 1, Census Tract 2244.20, Los Angeles County, California",1874,235,50,42,0,12,0,12,0,12,0,12,0,12,0,12,0,12,329,111,110,55,0,12,0,12,0,12,0,12,0,12,0,12,51,38,45,31,0,12,0,12,0,12,0,12,0,12,0,12,1942,251,684,214,1969,255,7,11,219,102,164,63,0,12,1969,255,55,38,0,12,25,25,72,48,1817,270,0,12
"816","060372014022","Block Group 2, Census Tract 2014.02, Los Angeles County, California",2028,516,0,12,0,12,0,12,0,12,0,12,0,12,0,12,0,12,119,87,36,57,0,12,0,12,48,52,0,12,0,12,0,12,97,65,101,94,0,12,0,12,44,49,8,13,0,12,0,12,2135,529,430,299,2135,529,0,12,0,12,33,40,0,12,2135,529,236,150,0,12,0,12,51,42,1810,497,0,12
"817","060372014023","Block Group 3, Census Tract 2014.02, Los Angeles County, California",1085,374,0,12,0,12,0,12,0,12,14,20,0,12,0,12,0,12,22,31,13,20,0,12,0,12,134,115,0,12,0,12,0,12,76,50,6,9,0,12,0,12,0,12,0,12,0,12,0,12,1071,365,258,197,1085,374,0,12,36,45,78,76,0,12,1085,374,369,230,0,12,29,49,74,68,613,310,0,12
"818","060372039003","Block Group 3, Census Tract 2039, Los Angeles County, California",1126,322,0,12,0,12,0,12,0,12,0,12,0,12,0,12,0,12,29,24,167,117,0,12,0,12,0,12,0,12,0,12,0,12,31,21,61,37,0,12,0,12,0,12,0,12,0,12,0,12,1192,334,177,169,1196,333,50,82,41,39,36,36,0,12,1196,333,0,12,0,12,0,12,45,41,1151,336,0,12
"819","060375700021","Block Group 1, Census Tract 5700.02, Los Angeles County, California",578,149,0,12,0,12,0,12,0,12,0,12,0,12,0,12,0,12,0,12,0,12,0,12,0,12,0,12,0,12,0,12,0,12,0,12,0,12,3,6,0,12,5,9,0,12,0,12,0,12,630,182,29,20,630,182,0,12,0,12,7,10,0,12,630,182,186,131,79,102,0,12,159,54,198,98,0,12
"820","060375700023","Block Group 3, Census Tract 5700.02, Los Angeles County, California",1192,222,0,12,0,12,0,12,0,12,0,12,0,12,0,12,0,12,0,12,0,12,5,8,0,12,0,12,0,12,0,12,0,12,12,17,27,21,0,12,0,12,0,12,0,12,0,12,0,12,1249,234,50,34,1249,234,0,12,0,12,18,19,0,12,1249,234,138,75,5,7,284,195,430,138,364,144,8,18
"821","060375702042","Block Group 2, Census Tract 5702.04, Los Angeles County, California",2785,359,0,12,0,12,0,12,0,12,0,12,0,12,0,12,0,12,100,89,15,22,0,12,0,12,0,12,0,12,0,12,0,12,25,28,33,44,0,12,0,12,0,12,26,23,0,12,0,12,3091,361,501,270,3091,361,37,47,63,58,154,107,0,12,3091,361,465,147,0,12,285,170,263,124,1996,336,0,12
"822","060375702041","Block Group 1, Census Tract 5702.04, Los Angeles County, California",1013,251,0,12,0,12,0,12,0,12,0,12,0,12,0,12,0,12,10,18,6,11,0,12,0,12,5,11,5,10,0,12,0,12,4,9,0,12,0,12,0,12,10,11,0,12,0,12,0,12,933,261,112,88,933,261,0,12,0,12,0,12,0,12,1110,257,58,53,0,12,451,184,320,95,258,190,18,30
"823","060375720023","Block Group 3, Census Tract 5720.02, Los Angeles County, California",1216,261,11,17,0,12,0,12,0,12,0,12,0,12,0,12,0,12,0,12,0,12,0,12,0,12,0,12,0,12,0,12,0,12,0,12,0,12,0,12,9,15,20,21,0,12,0,12,0,12,1245,265,16,24,1245,265,0,12,0,12,9,17,0,12,1245,265,317,135,70,90,159,88,482,164,142,116,0,12
"824","060374025011","Block Group 1, Census Tract 4025.01, Los Angeles County, California",2154,475,17,26,0,12,0,12,0,12,0,12,0,12,0,12,0,12,357,161,101,61,0,12,0,12,40,48,0,12,0,12,0,12,39,56,23,27,0,12,0,12,0,12,0,12,0,12,0,12,2290,506,343,187,2290,506,52,58,171,127,241,113,9,13,2290,506,61,66,0,12,86,61,64,44,2059,509,0,12
"825","060372226001","Block Group 1, Census Tract 2226, Los Angeles County, California",1691,451,17,27,0,12,0,12,0,12,0,12,0,12,0,12,0,12,68,55,44,52,9,13,0,12,0,12,0,12,0,12,0,12,31,27,20,19,0,12,0,12,0,12,0,12,0,12,0,12,1694,458,887,378,1729,460,44,89,92,84,35,43,0,12,1729,460,280,255,0,12,395,236,156,120,836,383,0,12
"826","060372226002","Block Group 2, Census Tract 2226, Los Angeles County, California",2492,477,0,12,0,12,0,12,0,12,0,12,0,12,0,12,0,12,56,52,100,59,0,12,0,12,0,12,0,12,17,27,0,12,44,39,20,27,0,12,0,12,0,12,0,12,0,12,0,12,2547,498,1104,284,2602,494,38,64,194,92,56,49,15,24,2602,494,741,277,0,12,415,150,289,152,1078,340,25,42
"827","060375338032","Block Group 2, Census Tract 5338.03, Los Angeles County, California",1481,417,0,12,0,12,0,12,0,12,0,12,0,12,0,12,0,12,140,107,0,12,0,12,0,12,7,10,0,12,22,39,0,12,63,52,10,17,0,12,0,12,0,12,0,12,0,12,0,12,1546,423,331,247,1574,434,0,12,106,83,66,49,0,12,1574,434,20,31,0,12,0,12,225,201,1329,385,0,12
"828","060375338033","Block Group 3, Census Tract 5338.03, Los Angeles County, California",1114,387,0,12,0,12,0,12,0,12,0,12,0,12,0,12,0,12,148,100,23,37,0,12,0,12,0,12,0,12,7,13,0,12,33,35,0,12,0,12,0,12,0,12,0,12,0,12,0,12,1231,428,392,275,1231,428,7,13,83,78,73,87,0,12,1231,428,0,12,0,12,28,43,211,183,988,382,4,12
"829","060375338031","Block Group 1, Census Tract 5338.03, Los Angeles County, California",1393,346,0,12,0,12,0,12,0,12,0,12,0,12,0,12,0,12,275,132,41,36,0,12,0,12,0,12,0,12,0,12,0,12,19,29,25,40,0,12,0,12,0,12,0,12,0,12,0,12,1461,368,88,112,1461,368,4,10,176,122,135,75,6,13,1461,368,0,12,0,12,0,12,8,12,1453,366,0,12
"830","060375341011","Block Group 1, Census Tract 5341.01, Los Angeles County, California",782,336,0,12,0,12,0,12,0,12,0,12,0,12,0,12,0,12,37,34,39,34,0,12,0,12,0,12,0,12,0,12,0,12,18,20,20,19,0,12,0,12,0,12,24,36,0,12,0,12,845,358,48,44,845,358,8,12,13,19,50,37,0,12,845,358,65,83,0,12,29,47,18,20,733,348,0,12
"831","060375341013","Block Group 3, Census Tract 5341.01, Los Angeles County, California",440,254,0,12,0,12,0,12,0,12,0,12,0,12,0,12,0,12,104,95,7,10,0,12,0,12,0,12,0,12,0,12,0,12,10,16,0,12,0,12,0,12,0,12,0,12,0,12,0,12,450,258,254,219,450,258,0,12,10,14,54,69,0,12,450,258,0,12,0,12,16,24,5,8,429,258,0,12
"832","060372190201","Block Group 1, Census Tract 2190.20, Los Angeles County, California",1929,474,0,12,0,12,0,12,0,12,0,12,0,12,0,12,0,12,116,76,30,33,0,12,0,12,0,12,0,12,0,12,0,12,53,68,13,22,0,12,0,12,0,12,0,12,0,12,0,12,2138,516,357,365,2138,516,22,35,28,29,180,94,0,12,2138,516,18,19,0,12,374,209,144,104,1526,448,0,12
"833","060372190202","Block Group 2, Census Tract 2190.20, Los Angeles County, California",1781,422,10,16,0,12,0,12,0,12,0,12,0,12,0,12,0,12,191,143,41,63,0,12,0,12,15,19,0,12,0,12,0,12,17,22,12,18,0,12,0,12,61,81,0,12,0,12,0,12,1829,452,485,276,1865,451,0,12,73,64,85,105,0,12,1865,451,121,121,0,12,686,276,136,91,891,356,0,12
"834","060372314001","Block Group 1, Census Tract 2314, Los Angeles County, California",1190,283,0,12,0,12,0,12,0,12,0,12,0,12,0,12,0,12,179,81,15,19,0,12,0,12,0,12,0,12,0,12,0,12,46,46,0,12,0,12,0,12,13,21,0,12,0,12,0,12,1365,303,449,253,1365,303,28,34,61,59,9,14,0,12,1365,303,47,58,0,12,213,108,61,49,1032,301,0,12
"835","060372314003","Block Group 3, Census Tract 2314, Los Angeles County, California",1524,330,0,12,0,12,0,12,0,12,0,12,0,12,0,12,0,12,174,74,48,61,0,12,0,12,0,12,0,12,0,12,0,12,24,25,13,20,0,12,0,12,16,24,0,12,0,12,0,12,1619,373,139,87,1619,373,0,12,36,46,63,56,13,20,1619,373,28,42,0,12,269,138,0,12,1286,382,0,12
"836","060372347004","Block Group 4, Census Tract 2347, Los Angeles County, California",956,454,0,12,0,12,0,12,0,12,0,12,0,12,0,12,0,12,37,40,77,84,0,12,0,12,0,12,0,12,0,12,0,12,0,12,9,16,0,12,0,12,0,12,0,12,0,12,0,12,942,454,141,113,942,454,31,47,0,12,0,12,9,15,956,454,1,3,0,12,608,255,2,5,344,334,0,12
"837","060372347003","Block Group 3, Census Tract 2347, Los Angeles County, California",1248,410,0,12,0,12,0,12,0,12,0,12,0,12,0,12,0,12,12,20,3,17,0,12,0,12,0,12,0,12,0,12,0,12,22,35,0,12,0,12,0,12,0,12,0,12,0,12,0,12,1250,410,413,285,1250,410,115,169,39,57,142,111,0,12,1250,410,0,12,0,12,690,303,0,12,539,316,0,12
"838","060372347002","Block Group 2, Census Tract 2347, Los Angeles County, California",857,369,0,12,0,12,0,12,0,12,0,12,0,12,0,12,0,12,82,112,0,12,0,12,0,12,0,12,0,12,0,12,0,12,0,12,5,11,0,12,0,12,0,12,0,12,0,12,0,12,897,393,95,95,897,393,0,12,20,32,0,12,5,11,897,393,0,12,0,12,541,330,0,12,356,335,0,12
"839","060372352023","Block Group 3, Census Tract 2352.02, Los Angeles County, California",830,270,0,12,0,12,0,12,0,12,0,12,0,12,0,12,0,12,0,12,0,12,0,12,0,12,0,12,0,12,0,12,0,12,0,12,0,12,0,12,0,12,0,12,0,12,0,12,0,12,830,270,100,54,830,270,0,12,0,12,3,6,0,12,830,270,0,12,0,12,710,262,38,39,45,65,0,12
"840","060379103022","Block Group 2, Census Tract 9103.02, Los Angeles County, California",2322,442,0,12,0,12,0,12,0,12,0,12,0,12,0,12,0,12,10,18,0,12,0,12,0,12,20,32,0,12,0,12,0,12,0,12,23,39,0,12,75,110,0,12,0,12,0,12,0,12,2546,511,166,127,2530,515,68,77,0,12,11,25,6,17,2546,511,222,171,0,12,159,150,1108,259,951,384,0,12
"841","060379200203","Block Group 3, Census Tract 9200.20, Los Angeles County, California",3804,661,0,12,0,12,0,12,0,12,0,12,0,12,0,12,0,12,165,166,17,26,0,12,0,12,0,12,0,12,0,12,0,12,0,12,0,12,0,12,0,12,0,12,0,12,0,12,0,12,3845,664,118,93,3845,664,66,60,17,27,18,29,0,12,3849,662,250,208,0,12,22,35,1907,294,1598,517,0,12
"842","060379200201","Block Group 1, Census Tract 9200.20, Los Angeles County, California",1609,528,0,12,0,12,0,12,0,12,0,12,0,12,0,12,0,12,0,12,0,12,0,12,0,12,0,12,0,12,0,12,0,12,0,12,0,12,0,12,0,12,0,12,0,12,0,12,0,12,1730,545,26,29,1730,545,51,83,36,41,0,12,0,12,1730,545,108,120,0,12,54,46,1271,352,142,174,22,34
"843","060379200202","Block Group 2, Census Tract 9200.20, Los Angeles County, California",858,309,0,12,0,12,0,12,0,12,0,12,0,12,0,12,0,12,39,60,0,12,0,12,0,12,0,12,0,12,0,12,0,12,0,12,0,12,0,12,0,12,0,12,0,12,0,12,0,12,918,328,165,255,918,328,0,12,39,60,41,63,0,12,922,328,117,137,0,12,2,3,482,194,302,267,0,12
"844","060372294102","Block Group 2, Census Tract 2294.10, Los Angeles County, California",1397,383,0,12,0,12,0,12,0,12,0,12,0,12,0,12,0,12,284,141,154,83,0,12,0,12,0,12,0,12,0,12,0,12,17,22,23,30,0,12,0,12,0,12,0,12,0,12,0,12,1627,460,692,261,1627,460,85,124,225,177,222,141,17,28,1627,460,34,37,0,12,115,90,11,18,1467,464,0,12
"845","060372294101","Block Group 1, Census Tract 2294.10, Los Angeles County, California",1813,393,0,12,0,12,0,12,0,12,0,12,0,12,0,12,0,12,240,108,173,98,0,12,0,12,0,12,0,12,0,12,0,12,23,27,39,51,0,12,0,12,0,12,0,12,0,12,0,12,2070,439,772,305,2070,439,0,12,185,95,293,101,0,12,2070,439,0,12,0,12,78,92,18,22,1947,448,0,12
"846","060372319002","Block Group 2, Census Tract 2319, Los Angeles County, California",3673,717,13,21,0,12,0,12,0,12,0,12,0,12,0,12,0,12,562,211,374,183,0,12,0,12,11,23,0,12,0,12,0,12,42,47,93,60,0,12,0,12,0,12,0,12,0,12,0,12,3920,777,1879,569,3924,778,24,33,171,109,318,139,0,12,3924,778,16,34,0,12,323,199,6,10,3423,828,31,47
"847","060379200152","Block Group 2, Census Tract 9200.15, Los Angeles County, California",3329,406,0,12,0,12,0,12,0,12,0,12,0,12,0,12,0,12,17,18,0,12,0,12,0,12,0,12,0,12,0,12,0,12,0,12,0,12,0,12,15,21,9,15,13,21,0,12,0,12,3542,399,91,96,3542,399,42,57,11,15,25,28,0,12,3542,399,233,88,0,12,66,65,2386,350,803,269,0,12
"848","060379200151","Block Group 1, Census Tract 9200.15, Los Angeles County, California",2884,314,10,15,0,12,0,12,0,12,0,12,0,12,0,12,0,12,0,12,0,12,0,12,0,12,0,12,0,12,0,12,0,12,10,15,0,12,0,12,0,12,0,12,0,12,0,12,0,12,3030,319,60,42,3036,322,0,12,7,11,24,36,0,12,3036,322,245,101,0,12,114,83,1846,273,717,204,0,12
"849","060371951001","Block Group 1, Census Tract 1951, Los Angeles County, California",1789,380,0,12,0,12,0,12,0,12,0,12,0,12,0,12,0,12,0,12,0,12,0,12,0,12,0,12,0,12,0,12,0,12,0,12,0,12,0,12,0,12,22,35,0,12,0,12,0,12,1848,400,67,83,1848,400,0,12,0,12,0,12,0,12,1848,400,62,56,0,12,101,114,1076,368,460,188,0,12
"850","060371951002","Block Group 2, Census Tract 1951, Los Angeles County, California",612,222,0,12,0,12,0,12,0,12,0,12,0,12,0,12,0,12,0,12,0,12,0,12,0,12,3,8,5,10,0,12,0,12,15,12,8,12,0,12,4,11,15,12,28,17,0,12,0,12,401,213,0,12,401,213,0,12,34,53,14,24,0,12,612,222,88,50,0,12,11,16,355,193,121,105,4,9
"851","060371951003","Block Group 3, Census Tract 1951, Los Angeles County, California",1050,330,0,12,0,12,0,12,0,12,0,12,0,12,0,12,0,12,0,12,0,12,0,12,0,12,0,12,0,12,0,12,0,12,0,12,0,12,0,12,0,12,0,12,0,12,0,12,0,12,1067,333,20,31,1067,333,0,12,0,12,0,12,0,12,1067,333,235,142,0,12,0,12,574,162,199,216,0,12
"852","060371951004","Block Group 4, Census Tract 1951, Los Angeles County, California",1322,290,0,12,0,12,0,12,0,12,0,12,0,12,0,12,0,12,11,25,0,12,0,12,0,12,0,12,0,12,0,12,0,12,0,12,0,12,0,12,0,12,0,12,0,12,0,12,0,12,1451,314,65,58,1451,314,0,12,30,46,0,12,0,12,1451,314,307,140,0,12,11,25,969,291,127,92,20,33
"853","060371957202","Block Group 2, Census Tract 1957.20, Los Angeles County, California",436,148,0,12,0,12,0,12,0,12,0,12,0,12,0,12,0,12,47,46,5,7,0,12,0,12,0,12,0,12,0,12,0,12,11,17,42,63,0,12,0,12,5,7,0,12,0,12,0,12,451,152,115,91,451,152,15,23,39,41,44,49,42,63,451,152,71,45,0,12,0,12,107,56,258,145,0,12
"854","060371957201","Block Group 1, Census Tract 1957.20, Los Angeles County, California",1434,233,0,12,0,12,0,12,0,12,0,12,0,12,0,12,0,12,208,84,81,38,0,12,0,12,43,31,0,12,0,12,0,12,36,28,80,49,0,12,0,12,4,9,6,9,0,12,0,12,1540,271,177,80,1549,272,0,12,89,47,109,60,0,12,1549,272,159,73,0,12,13,16,302,78,1004,263,0,12
"855","060372032002","Block Group 2, Census Tract 2032, Los Angeles County, California",1625,417,0,12,19,32,0,12,0,12,0,12,0,12,0,12,0,12,157,100,119,77,0,12,0,12,0,12,0,12,0,12,0,12,0,12,57,64,0,12,0,12,0,12,0,12,0,12,0,12,1814,480,456,269,1857,482,0,12,52,46,73,51,0,12,1857,482,8,12,0,12,8,16,105,98,1722,484,0,12
"856","060372038002","Block Group 2, Census Tract 2038, Los Angeles County, California",960,390,0,12,0,12,0,12,0,12,0,12,0,12,0,12,0,12,77,70,51,55,0,12,0,12,0,12,0,12,0,12,0,12,23,36,63,36,0,12,0,12,0,12,0,12,0,12,0,12,1076,432,121,170,1076,432,15,24,0,12,115,84,20,28,1076,432,66,89,0,12,0,12,0,12,1010,437,0,12
"857","060372038001","Block Group 1, Census Tract 2038, Los Angeles County, California",953,392,0,12,0,12,0,12,0,12,0,12,0,12,0,12,0,12,45,54,0,12,0,12,0,12,0,12,0,12,0,12,0,12,13,18,0,12,0,12,0,12,0,12,0,12,0,12,0,12,1102,436,499,340,1102,436,69,103,66,59,46,57,0,12,1102,436,0,12,0,12,0,12,0,12,1102,436,0,12
"858","060372038003","Block Group 3, Census Tract 2038, Los Angeles County, California",1425,485,0,12,0,12,0,12,0,12,0,12,0,12,0,12,0,12,115,115,32,50,0,12,0,12,0,12,0,12,0,12,0,12,38,45,80,76,0,12,0,12,0,12,0,12,0,12,0,12,1529,498,584,435,1529,498,0,12,107,82,29,34,45,66,1529,498,10,14,0,12,10,16,47,44,1456,494,0,12
"859","060372047001","Block Group 1, Census Tract 2047, Los Angeles County, California",1956,442,13,20,0,12,0,12,0,12,0,12,0,12,0,12,0,12,74,47,119,70,0,12,0,12,0,12,0,12,0,12,0,12,48,41,99,65,0,12,0,12,10,15,0,12,0,12,0,12,2213,581,575,441,2213,581,22,33,164,134,116,86,0,12,2213,581,53,56,0,12,14,22,13,20,2100,588,0,12
"860","060372048103","Block Group 3, Census Tract 2048.10, Los Angeles County, California",1503,424,0,12,0,12,0,12,0,12,0,12,0,12,0,12,0,12,193,140,182,137,0,12,0,12,0,12,0,12,0,12,0,12,78,63,44,35,0,12,0,12,0,12,0,12,0,12,0,12,1595,426,463,279,1595,426,0,12,98,90,189,135,0,12,1595,426,0,12,0,12,0,12,0,12,1595,426,0,12
"861","060372430003","Block Group 3, Census Tract 2430, Los Angeles County, California",1890,542,0,12,0,12,0,12,0,12,0,12,0,12,0,12,0,12,264,171,195,136,0,12,0,12,0,12,0,12,0,12,0,12,9,17,15,24,0,12,0,12,0,12,0,12,0,12,0,12,2046,602,492,333,2046,602,15,26,225,102,225,131,0,12,2046,602,41,69,0,12,504,236,21,35,1480,542,0,12
"862","060379107052","Block Group 2, Census Tract 9107.05, Los Angeles County, California",5827,1087,91,114,0,17,0,17,0,17,0,17,0,17,0,17,0,17,224,134,46,53,0,17,0,17,0,17,0,17,0,17,0,17,145,93,109,104,0,17,0,17,0,17,0,17,0,17,0,17,5990,1110,548,348,6040,1113,47,75,106,72,55,73,0,17,6040,1113,297,267,0,17,1009,677,575,343,4128,839,0,17
"863","060379107051","Block Group 1, Census Tract 9107.05, Los Angeles County, California",5254,846,3,13,0,17,0,17,0,17,0,17,0,17,0,17,0,17,364,193,182,132,0,17,0,17,0,17,0,17,0,17,0,17,8,34,41,49,0,17,0,17,0,17,0,17,0,17,0,17,5573,904,577,371,5573,904,97,107,254,186,458,286,33,53,5573,904,97,100,0,17,569,342,859,369,4025,879,0,17
"864","060372161001","Block Group 1, Census Tract 2161, Los Angeles County, California",669,156,0,12,0,12,0,12,0,12,0,12,0,12,0,12,0,12,0,12,0,12,0,12,0,12,27,33,0,12,0,12,0,12,17,25,0,12,0,12,0,12,46,49,0,12,0,12,0,12,701,160,47,42,701,160,0,12,0,12,36,38,0,12,701,160,287,109,0,12,43,57,274,110,59,42,0,12
"865","060372161002","Block Group 2, Census Tract 2161, Los Angeles County, California",733,175,0,12,0,12,0,12,0,12,0,12,0,12,0,12,0,12,25,27,0,12,0,12,0,12,0,12,0,12,0,12,0,12,0,12,0,12,0,12,0,12,0,12,0,12,0,12,0,12,781,176,83,96,781,176,0,12,40,54,0,12,0,12,781,176,53,62,0,12,153,88,373,122,169,151,0,12
"866","060372167001","Block Group 1, Census Tract 2167, Los Angeles County, California",1332,230,0,12,0,12,0,12,0,12,0,12,0,12,0,12,0,12,29,43,0,12,0,12,0,12,10,21,0,12,0,12,0,12,9,13,0,12,0,12,10,22,13,19,0,12,0,12,0,12,1363,259,76,68,1363,259,0,12,106,77,9,13,0,12,1414,256,240,65,0,12,345,138,377,120,366,194,0,12
"867","060372167003","Block Group 3, Census Tract 2167, Los Angeles County, California",1158,266,0,12,0,12,0,12,0,12,0,12,0,12,0,12,0,12,0,12,0,12,0,12,0,12,0,12,0,12,0,12,0,12,0,12,27,43,0,12,0,12,0,12,0,12,0,12,0,12,1269,279,139,153,1280,282,25,29,40,43,26,30,47,53,1280,282,29,27,0,12,497,211,448,157,253,192,0,12
"868","060372182101","Block Group 1, Census Tract 2182.10, Los Angeles County, California",924,320,26,40,0,12,0,12,0,12,0,12,0,12,0,12,0,12,155,118,165,107,0,12,0,12,0,12,0,12,0,12,0,12,0,12,22,34,0,12,0,12,0,12,0,12,0,12,0,12,1020,358,289,256,1020,358,0,12,166,124,120,94,0,12,1020,358,36,60,0,12,56,62,12,18,916,365,0,12
"869","060372182103","Block Group 3, Census Tract 2182.10, Los Angeles County, California",1046,280,0,12,0,12,0,12,0,12,0,12,0,12,0,12,0,12,122,104,80,79,0,12,0,12,0,12,0,12,0,12,0,12,32,40,0,12,0,12,0,12,0,12,0,12,0,12,0,12,1124,308,294,189,1124,308,0,12,50,49,134,124,0,12,1124,308,32,37,0,12,269,140,169,109,654,277,0,12
"870","060372186001","Block Group 1, Census Tract 2186, Los Angeles County, California",767,208,0,12,0,12,0,12,0,12,0,12,0,12,0,12,0,12,24,28,0,12,0,12,0,12,0,12,0,12,0,12,0,12,7,15,32,46,0,12,0,12,0,12,0,12,0,12,0,12,774,206,136,78,774,206,0,12,17,26,28,29,0,12,774,206,52,64,0,12,205,101,81,60,357,165,0,12
"871","060372186003","Block Group 3, Census Tract 2186, Los Angeles County, California",1584,496,0,12,0,12,0,12,0,12,0,12,0,12,0,12,0,12,68,75,65,64,0,12,0,12,21,37,0,12,0,12,0,12,0,12,49,53,0,12,3,7,4,8,0,12,0,12,0,12,1644,585,274,250,1644,585,0,12,120,114,122,73,0,12,1725,577,21,27,0,12,445,232,141,72,1089,464,0,12
"872","060372189003","Block Group 3, Census Tract 2189, Los Angeles County, California",2203,466,30,48,0,12,0,12,0,12,0,12,0,12,0,12,0,12,108,71,40,51,0,12,0,12,0,12,0,12,0,12,0,12,20,29,8,16,0,12,0,12,0,12,0,12,0,12,0,12,2331,485,440,193,2331,485,108,107,132,90,181,128,0,12,2331,485,0,12,0,12,1170,384,117,94,949,395,0,12
"873","060372193003","Block Group 3, Census Tract 2193, Los Angeles County, California",1724,448,0,12,0,12,0,12,0,12,0,12,0,12,0,12,0,12,153,110,87,58,0,12,0,12,0,12,0,12,0,12,0,12,30,36,5,9,0,12,0,12,0,12,0,12,0,12,0,12,1977,561,366,273,1977,561,230,225,242,211,218,106,26,40,1977,561,115,93,0,12,320,233,114,68,1399,500,0,12
"874","060372193001","Block Group 1, Census Tract 2193, Los Angeles County, California",1051,355,0,12,0,12,0,12,0,12,0,12,0,12,0,12,0,12,48,57,0,12,0,12,0,12,31,29,0,12,0,12,0,12,43,53,0,12,0,12,0,12,14,21,0,12,0,12,0,12,1106,393,138,81,1106,393,0,12,0,12,40,47,0,12,1106,393,105,86,0,12,394,195,76,75,512,397,0,12
"875","060372051202","Block Group 2, Census Tract 2051.20, Los Angeles County, California",1350,279,0,12,0,12,0,12,0,12,0,12,0,12,0,12,0,12,111,61,203,82,0,12,0,12,0,12,0,12,0,12,0,12,22,23,73,41,0,12,0,12,0,12,0,12,0,12,0,12,1430,290,612,235,1430,290,11,16,59,50,158,78,0,12,1430,290,12,13,0,12,10,16,0,12,1408,292,0,12
"876","060372051201","Block Group 1, Census Tract 2051.20, Los Angeles County, California",1947,254,11,17,12,19,0,12,0,12,0,12,0,12,0,12,0,12,206,83,191,73,0,12,0,12,5,7,0,12,0,12,0,12,39,27,84,34,0,12,0,12,0,12,0,12,0,12,0,12,2118,279,807,247,2118,279,0,12,39,32,119,54,0,12,2118,279,25,30,0,12,62,56,24,25,2007,275,0,12
"877","060372060501","Block Group 1, Census Tract 2060.50, Los Angeles County, California",1933,193,0,12,11,17,0,12,0,12,0,12,0,12,0,12,0,12,251,103,65,42,0,12,0,12,0,12,0,12,0,12,0,12,93,42,96,53,0,12,0,12,18,15,23,31,0,12,0,12,1974,192,651,183,1974,192,0,12,23,27,95,62,0,12,2031,192,158,69,0,12,86,69,129,60,1617,216,5,8
"878","060372162004","Block Group 4, Census Tract 2162, Los Angeles County, California",1232,300,0,12,0,12,0,12,0,12,0,12,0,12,0,12,0,12,0,12,0,12,0,12,0,12,25,40,0,12,0,12,0,12,0,12,0,12,0,12,0,12,0,12,0,12,0,12,0,12,1280,321,192,148,1280,321,0,12,0,12,0,12,0,12,1280,321,228,119,0,12,74,79,840,271,61,79,0,12
"879","060372162005","Block Group 5, Census Tract 2162, Los Angeles County, California",1881,537,0,12,0,12,0,12,0,12,0,12,0,12,0,12,0,12,190,292,0,12,0,12,0,12,28,32,0,12,0,12,0,12,0,12,0,12,0,12,0,12,0,12,0,12,0,12,0,12,2045,638,44,44,2045,638,0,12,90,88,252,376,0,12,2045,638,408,184,21,34,503,397,639,225,408,392,0,12
"880","060372162003","Block Group 3, Census Tract 2162, Los Angeles County, California",592,217,0,12,0,12,0,12,0,12,0,12,0,12,0,12,0,12,0,12,0,12,0,12,0,12,0,12,0,12,0,12,0,12,15,43,9,21,0,12,0,12,0,12,0,12,0,12,0,12,628,244,207,159,628,244,0,12,0,12,121,150,0,12,628,244,151,153,0,12,54,65,253,127,141,162,0,12
"881","060371436022","Block Group 2, Census Tract 1436.02, Los Angeles County, California",1842,347,0,12,0,12,0,12,0,12,0,12,0,12,0,12,0,12,3,6,0,12,45,50,7,16,0,12,0,12,0,12,0,12,10,17,10,15,9,16,10,16,12,14,17,16,0,12,0,12,1616,328,106,80,1616,328,0,12,19,31,90,78,0,12,1923,380,227,147,0,12,163,151,1352,350,101,57,0,12
"882","060371436021","Block Group 1, Census Tract 1436.02, Los Angeles County, California",1258,364,0,12,0,12,0,12,0,12,0,12,0,12,0,12,0,12,0,12,0,12,0,12,0,12,74,125,0,12,0,12,0,12,0,12,0,12,0,12,0,12,0,12,0,12,0,12,0,12,1308,353,24,39,1308,353,0,12,0,12,0,12,0,12,1308,353,258,303,0,12,44,51,948,300,10,18,0,12
"883","060371436023","Block Group 3, Census Tract 1436.02, Los Angeles County, California",1509,312,0,12,0,12,0,12,0,12,0,12,0,12,0,12,0,12,23,37,22,34,0,12,0,12,0,12,0,12,0,12,0,12,0,12,0,12,0,12,0,12,0,12,0,12,0,12,0,12,1538,327,77,62,1538,327,0,12,0,12,12,19,0,12,1538,327,179,231,0,12,0,12,1187,248,155,153,0,12
"884","060371393032","Block Group 2, Census Tract 1393.03, Los Angeles County, California",1451,335,0,12,0,12,0,12,0,12,0,12,0,12,0,12,0,12,41,32,26,25,27,34,0,12,0,12,0,12,0,12,0,12,11,17,59,49,0,12,6,15,0,12,0,12,0,12,0,12,1325,292,202,138,1325,292,28,41,33,41,132,98,0,12,1481,346,55,47,6,13,162,144,760,250,418,172,0,12
"885","060371393031","Block Group 1, Census Tract 1393.03, Los Angeles County, California",2575,302,9,17,0,12,0,12,0,12,0,12,0,12,0,12,0,12,0,12,6,13,124,116,0,12,0,12,0,12,0,12,0,12,21,34,0,12,13,15,0,12,0,12,0,12,0,12,0,12,2779,307,430,202,2779,307,17,19,0,12,77,59,0,12,2779,307,100,74,0,12,485,304,1724,369,351,159,0,12
"886","060371396001","Block Group 1, Census Tract 1396, Los Angeles County, California",2638,474,0,12,0,12,0,12,0,12,0,12,0,12,0,12,0,12,0,12,0,12,0,12,0,12,0,12,0,12,0,12,0,12,17,30,0,12,18,31,0,12,0,12,0,12,0,12,0,12,2709,458,233,194,2756,491,0,12,15,24,79,88,0,12,2756,491,470,347,0,12,32,53,1825,428,366,192,0,12
"887","060371397011","Block Group 1, Census Tract 1397.01, Los Angeles County, California",896,304,0,12,0,12,0,12,0,12,0,12,0,12,0,12,0,12,0,12,0,12,0,12,0,12,0,12,0,12,0,12,0,12,0,12,0,12,0,12,0,12,0,12,8,17,0,12,0,12,856,300,0,12,856,300,0,12,0,12,0,12,0,12,934,303,0,12,0,12,27,27,709,241,8,16,11,23
"888","060371397012","Block Group 2, Census Tract 1397.01, Los Angeles County, California",1701,373,0,12,0,12,0,12,0,12,0,12,0,12,0,12,0,12,14,25,0,12,0,12,0,12,0,12,0,12,0,12,0,12,0,12,0,12,26,38,0,12,0,12,0,12,0,12,0,12,1828,400,164,109,1828,400,0,12,0,12,16,27,0,12,1828,400,6,16,0,12,41,58,1410,337,200,210,0,12
"889","060371397015","Block Group 5, Census Tract 1397.01, Los Angeles County, California",700,274,0,12,0,12,0,12,0,12,0,12,0,12,0,12,0,12,0,12,0,12,0,12,0,12,0,12,0,12,0,12,0,12,0,12,0,12,0,12,0,12,0,12,0,12,0,12,0,12,762,276,7,11,762,276,0,12,0,12,0,12,0,12,762,276,150,166,20,32,5,10,442,169,145,213,0,12
"890","060371397013","Block Group 3, Census Tract 1397.01, Los Angeles County, California",900,254,0,12,0,12,0,12,0,12,0,12,0,12,0,12,0,12,0,12,0,12,17,28,0,12,16,26,0,12,0,12,0,12,0,12,0,12,0,12,0,12,0,12,0,12,0,12,0,12,936,256,81,101,936,256,0,12,0,12,17,28,0,12,936,256,105,121,0,12,43,48,732,208,0,12,0,12
"891","060371831012","Block Group 2, Census Tract 1831.01, Los Angeles County, California",1042,252,0,12,0,12,0,12,0,12,0,12,0,12,0,12,0,12,89,99,0,12,0,12,0,12,28,42,0,12,5,9,0,12,30,47,0,12,0,12,0,12,0,12,0,12,0,12,0,12,1115,266,249,186,1115,266,0,12,42,45,19,31,0,12,1115,266,227,139,0,12,0,12,353,119,516,244,0,12
"892","060371831013","Block Group 3, Census Tract 1831.01, Los Angeles County, California",1235,253,0,12,0,12,0,12,0,12,0,12,0,12,0,12,0,12,37,25,0,12,0,12,0,12,0,12,0,12,0,12,0,12,10,15,59,77,0,12,0,12,0,12,0,12,0,12,0,12,1327,268,158,116,1327,268,25,43,64,69,38,50,9,15,1327,268,106,73,0,12,7,12,504,148,649,208,0,12
"893","060371853101","Block Group 1, Census Tract 1853.10, Los Angeles County, California",1774,253,20,22,0,12,0,12,0,12,0,12,0,12,0,12,0,12,174,59,80,75,0,12,0,12,0,12,0,12,0,12,0,12,117,45,28,24,0,12,0,12,0,12,9,13,0,12,0,12,1939,275,284,110,1945,278,41,45,55,41,188,81,7,12,1945,278,109,76,4,7,41,62,84,63,1707,269,0,12
"894","060371833001","Block Group 1, Census Tract 1833, Los Angeles County, California",540,210,0,12,0,12,0,12,0,12,0,12,0,12,0,12,0,12,0,12,0,12,0,12,0,12,0,12,0,12,0,12,0,12,2,5,27,36,0,12,0,12,0,12,0,12,0,12,0,12,548,213,109,125,548,213,0,12,28,31,33,33,0,12,548,213,120,87,0,12,0,12,96,63,325,181,0,12
"895","060371833003","Block Group 3, Census Tract 1833, Los Angeles County, California",1486,327,16,23,0,12,0,12,0,12,0,12,0,12,0,12,0,12,140,83,48,46,0,12,0,12,0,12,0,12,0,12,0,12,34,28,28,25,0,12,0,12,12,19,11,18,0,12,0,12,1575,338,120,65,1587,339,5,8,49,39,111,88,0,12,1587,339,260,125,0,12,1,10,226,94,1100,291,0,12
"896","060371835101","Block Group 1, Census Tract 1835.10, Los Angeles County, California",314,171,0,12,0,12,0,12,0,12,0,12,0,12,0,12,0,12,0,12,0,12,0,12,0,12,4,6,0,12,0,12,0,12,10,11,0,12,0,12,0,12,0,12,0,12,0,12,0,12,329,184,0,12,329,184,0,12,0,12,30,36,0,12,329,184,16,17,0,12,0,12,86,54,227,170,0,12
"897","060371835103","Block Group 3, Census Tract 1835.10, Los Angeles County, California",1048,240,7,10,0,12,0,12,0,12,0,12,0,12,0,12,0,12,69,60,3,7,0,12,0,12,0,12,0,12,0,12,0,12,44,34,0,12,0,12,0,12,3,5,3,6,0,12,0,12,1073,244,90,99,1079,246,0,12,57,46,26,33,0,12,1079,246,193,135,0,12,0,12,270,108,616,238,0,12
"898","060374047011","Block Group 1, Census Tract 4047.01, Los Angeles County, California",2241,575,12,24,0,12,0,12,0,12,0,12,0,12,0,12,0,12,183,108,55,52,0,12,0,12,153,63,35,40,0,12,0,12,14,26,105,83,0,12,0,12,6,10,43,66,0,12,0,12,2422,645,536,463,2422,645,0,12,129,70,98,63,0,12,2422,645,722,274,0,12,0,12,0,12,1700,628,0,12
"899","060372352022","Block Group 2, Census Tract 2352.02, Los Angeles County, California",1167,294,0,12,0,12,0,12,0,12,0,12,0,12,0,12,0,12,46,51,0,12,0,12,0,12,0,12,0,12,0,12,0,12,26,41,0,12,0,12,0,12,0,12,0,12,0,12,0,12,1228,308,202,116,1228,308,0,12,19,31,90,59,0,12,1228,308,6,9,0,12,948,285,8,12,220,142,0,12
"900","060372376003","Block Group 3, Census Tract 2376, Los Angeles County, California",931,299,11,19,0,12,0,12,0,12,0,12,0,12,0,12,0,12,215,102,17,26,0,12,0,12,0,12,0,12,0,12,0,12,0,12,0,12,0,12,0,12,0,12,0,12,0,12,0,12,1073,334,193,210,1073,334,25,42,124,88,63,58,0,12,1073,334,0,12,0,12,198,215,8,13,867,293,0,12
"901","060372376001","Block Group 1, Census Tract 2376, Los Angeles County, California",1025,381,0,12,0,12,0,12,0,12,0,12,0,12,0,12,0,12,66,56,7,12,0,12,0,12,0,12,0,12,0,12,0,12,0,12,35,49,0,12,0,12,0,12,0,12,0,12,0,12,1084,394,594,369,1084,394,27,39,122,146,57,45,0,12,1084,394,0,12,0,12,171,204,30,30,873,374,0,12
"902","060372376004","Block Group 4, Census Tract 2376, Los Angeles County, California",857,332,13,21,0,12,0,12,0,12,0,12,0,12,0,12,0,12,46,46,78,77,0,12,0,12,0,12,0,12,0,12,0,12,0,12,16,27,0,12,0,12,8,13,0,12,0,12,0,12,924,325,175,130,924,325,22,34,19,29,61,67,0,12,924,325,74,73,0,12,170,95,0,12,668,337,12,19
"903","060372378004","Block Group 4, Census Tract 2378, Los Angeles County, California",1055,302,7,10,0,12,0,12,0,12,0,12,0,12,0,12,0,12,55,53,22,36,0,12,0,12,0,12,0,12,0,12,0,12,0,12,0,12,0,12,0,12,0,12,0,12,0,12,0,12,1098,325,223,154,1098,325,0,12,0,12,27,30,0,12,1098,325,0,12,0,12,683,265,24,30,391,231,0,12
"904","060372378001","Block Group 1, Census Tract 2378, Los Angeles County, California",912,275,9,15,16,27,0,12,0,12,0,12,0,12,0,12,0,12,58,54,15,26,0,12,0,12,0,12,0,12,0,12,0,12,5,10,14,23,0,12,0,12,0,12,0,12,0,12,0,12,978,304,121,97,978,304,25,41,70,66,123,101,0,12,978,304,8,12,0,12,338,192,0,12,571,249,61,96
"905","060372393101","Block Group 1, Census Tract 2393.10, Los Angeles County, California",1099,292,14,23,8,12,0,12,0,12,0,12,0,12,0,12,0,12,114,69,91,55,0,12,0,12,0,12,0,12,0,12,0,12,9,14,0,12,0,12,0,12,0,12,0,12,0,12,0,12,1309,378,315,204,1309,378,30,37,95,56,60,38,7,10,1309,378,0,12,0,12,242,171,0,12,1067,342,0,12
"906","060372393202","Block Group 2, Census Tract 2393.20, Los Angeles County, California",1923,332,15,21,0,12,0,12,0,12,0,12,0,12,0,12,0,12,297,95,254,114,0,12,0,12,0,12,0,12,0,12,0,12,35,27,59,39,0,12,0,12,0,12,0,12,0,12,0,12,2141,381,729,286,2141,381,172,124,151,72,185,81,0,12,2141,381,0,12,0,12,224,192,0,12,1912,343,0,12
"907","060372403001","Block Group 1, Census Tract 2403, Los Angeles County, California",1534,536,0,12,0,12,0,12,0,12,0,12,0,12,0,12,0,12,166,109,102,79,0,12,0,12,0,12,0,12,0,12,0,12,0,12,50,68,0,12,0,12,0,12,0,12,0,12,0,12,1728,636,726,486,1728,636,0,12,108,93,78,87,0,12,1728,636,0,12,0,12,492,295,6,11,1230,610,0,12
"908","060372403004","Block Group 4, Census Tract 2403, Los Angeles County, California",863,413,0,12,0,12,0,12,0,12,0,12,0,12,0,12,0,12,33,37,20,33,0,12,0,12,0,12,0,12,0,12,0,12,13,22,25,42,0,12,0,12,0,12,0,12,0,12,0,12,913,449,205,181,913,449,14,22,47,75,5,13,32,50,913,449,0,12,0,12,263,303,0,12,650,346,0,12
"909","060372403003","Block Group 3, Census Tract 2403, Los Angeles County, California",1541,430,0,12,0,12,0,12,0,12,0,12,0,12,0,12,0,12,120,80,88,53,0,12,0,12,0,12,0,12,0,12,0,12,36,44,24,38,0,12,0,12,0,12,0,12,0,12,0,12,1831,556,950,465,1831,556,35,58,84,98,65,52,0,12,1831,556,8,17,0,12,710,368,45,43,1061,394,0,12
"910","060372408003","Block Group 3, Census Tract 2408, Los Angeles County, California",1116,325,0,12,0,12,0,12,0,12,0,12,0,12,0,12,0,12,138,74,58,39,0,12,0,12,0,12,0,12,0,12,0,12,0,12,27,42,0,12,0,12,0,12,0,12,0,12,0,12,1240,354,362,202,1240,354,0,12,95,110,98,60,16,24,1240,354,16,18,0,12,299,155,0,12,897,307,28,46
"911","060372408002","Block Group 2, Census Tract 2408, Los Angeles County, California",1809,318,0,12,0,12,0,12,0,12,0,12,0,12,0,12,0,12,361,151,30,36,0,12,0,12,0,12,0,12,11,17,9,14,18,24,26,43,0,12,0,12,0,12,0,12,0,12,0,12,1911,338,477,201,1925,339,46,43,103,82,156,100,0,12,1925,339,63,89,0,12,465,210,22,27,1329,312,0,12
"912","060372420001","Block Group 1, Census Tract 2420, Los Angeles County, California",1230,372,11,11,0,12,0,12,0,12,0,12,0,12,0,12,0,12,115,78,68,65,0,12,0,12,0,12,0,12,0,12,0,12,23,28,0,12,0,12,0,12,0,12,0,12,0,12,0,12,1272,379,351,197,1303,387,43,38,101,65,180,99,0,12,1303,387,16,25,0,12,440,165,13,16,800,330,0,12
"913","060372420003","Block Group 3, Census Tract 2420, Los Angeles County, California",573,200,6,13,0,12,0,12,0,12,0,12,0,12,0,12,0,12,51,39,43,38,0,12,0,12,0,12,0,12,0,12,0,12,15,24,35,34,0,12,0,12,0,12,0,12,0,12,0,12,626,221,317,161,626,221,0,12,46,62,16,25,0,12,626,221,0,12,0,12,133,91,22,34,471,218,0,12
"914","060372427002","Block Group 2, Census Tract 2427, Los Angeles County, California",659,320,0,12,0,12,0,12,0,12,0,12,0,12,0,12,0,12,40,39,62,83,0,12,0,12,0,12,0,12,0,12,0,12,5,10,6,10,0,12,0,12,0,12,0,12,0,12,0,12,792,364,45,30,801,365,22,33,36,43,84,84,0,12,801,365,0,12,0,12,33,32,39,66,729,364,0,12
"915","060374307231","Block Group 1, Census Tract 4307.23, Los Angeles County, California",1544,279,0,12,0,12,0,12,0,12,0,12,0,12,0,12,0,12,0,12,10,17,25,38,0,12,27,27,12,20,0,12,0,12,0,12,0,12,0,12,0,12,0,12,23,36,0,12,0,12,1644,284,76,83,1644,284,0,12,17,21,57,40,0,12,1644,284,888,257,0,12,0,12,558,213,152,83,0,12
"916","060374310012","Block Group 2, Census Tract 4310.01, Los Angeles County, California",2150,623,0,12,0,12,0,12,0,12,0,12,0,12,0,12,0,12,106,128,102,147,0,12,0,12,0,12,0,12,0,12,0,12,0,12,38,55,0,12,0,12,0,12,0,12,0,12,0,12,2233,629,39,64,2233,629,15,36,68,107,90,85,0,12,2233,629,47,73,0,12,0,12,639,271,1529,536,0,12
"917","060374310013","Block Group 3, Census Tract 4310.01, Los Angeles County, California",1792,517,0,12,0,12,0,12,0,12,0,12,0,12,0,12,0,12,109,138,0,12,0,12,0,12,0,12,0,12,0,12,0,12,11,22,24,41,0,12,0,12,0,12,0,12,0,12,0,12,1941,575,284,245,1941,575,0,12,0,12,101,94,0,12,1941,575,351,160,0,12,0,12,573,317,973,517,0,12
"918","060374322023","Block Group 3, Census Tract 4322.02, Los Angeles County, California",2046,446,0,12,0,12,0,12,0,12,8,13,0,12,0,12,0,12,35,39,0,12,0,12,0,12,277,206,8,12,0,12,0,12,0,12,0,12,0,12,0,12,79,61,12,19,0,12,0,12,2140,466,322,247,2125,468,0,12,8,14,118,74,0,12,2145,467,1126,353,0,12,20,20,181,103,783,430,10,17
"919","060374322022","Block Group 2, Census Tract 4322.02, Los Angeles County, California",840,277,0,12,0,12,0,12,0,12,0,12,0,12,0,12,0,12,8,13,0,12,0,12,0,12,32,40,39,37,0,12,0,12,0,12,0,12,0,12,0,12,11,16,36,33,0,12,0,12,840,277,69,68,840,277,0,12,24,40,56,46,0,12,840,277,463,221,0,12,0,12,96,77,281,206,0,12
"920","060374326021","Block Group 1, Census Tract 4326.02, Los Angeles County, California",1571,393,0,12,0,12,0,12,0,12,0,12,0,12,0,12,0,12,74,89,15,25,0,12,0,12,110,81,24,29,0,12,0,12,15,26,39,45,0,12,0,12,21,19,57,55,0,12,0,12,1681,441,212,228,1670,439,0,12,61,63,36,52,0,12,1681,441,677,255,10,16,0,12,38,32,902,426,0,12
"921","060374326022","Block Group 2, Census Tract 4326.02, Los Angeles County, California",1662,461,0,12,0,12,0,12,0,12,0,12,0,12,0,12,0,12,103,77,170,112,0,12,0,12,45,41,83,62,0,12,0,12,35,60,67,67,0,12,0,12,29,31,12,19,0,12,0,12,1794,490,254,230,1794,490,0,12,35,43,128,85,0,12,1798,490,390,257,0,12,0,12,40,37,1368,442,0,12
"922","060372283102","Block Group 2, Census Tract 2283.10, Los Angeles County, California",1295,280,0,12,0,12,0,12,0,12,0,12,0,12,0,12,0,12,214,86,231,115,0,12,0,12,0,12,0,12,0,12,0,12,35,27,17,15,0,12,0,12,0,12,0,12,0,12,0,12,1398,304,206,129,1398,304,57,75,128,74,118,68,0,12,1398,304,0,12,0,12,114,98,14,14,1259,313,0,12
"923","060372283101","Block Group 1, Census Tract 2283.10, Los Angeles County, California",998,315,0,12,0,12,0,12,0,12,0,12,0,12,0,12,0,12,113,69,105,59,0,12,0,12,0,12,0,12,0,12,0,12,29,31,17,25,0,12,0,12,0,12,0,12,0,12,0,12,1076,321,100,95,1072,320,27,26,29,33,53,43,0,12,1076,321,0,12,0,12,15,17,0,12,1061,321,0,12
"924","060372283104","Block Group 4, Census Tract 2283.10, Los Angeles County, California",337,124,4,6,0,12,0,12,0,12,0,12,0,12,0,12,0,12,62,37,68,54,0,12,0,12,0,12,0,12,0,12,0,12,8,14,0,12,0,12,0,12,0,12,0,12,0,12,0,12,337,124,21,32,337,124,11,17,9,13,49,37,0,12,337,124,0,12,0,12,0,12,0,12,332,127,5,7
"925","060372288002","Block Group 2, Census Tract 2288, Los Angeles County, California",482,193,0,12,0,12,0,12,0,12,0,12,0,12,0,12,0,12,33,42,38,55,0,12,0,12,0,12,0,12,0,12,0,12,0,12,0,12,0,12,0,12,0,12,0,12,0,12,0,12,512,206,126,128,512,206,0,12,48,60,20,32,0,12,512,206,0,12,0,12,102,102,0,12,410,224,0,12
"926","060372288004","Block Group 4, Census Tract 2288, Los Angeles County, California",2021,535,0,12,0,12,0,12,0,12,0,12,0,12,0,12,0,12,248,140,172,113,0,12,0,12,0,12,0,12,0,12,0,12,43,45,33,42,0,12,0,12,0,12,0,12,0,12,0,12,2115,575,516,356,2115,575,0,12,254,176,126,94,11,17,2115,575,0,12,0,12,192,144,0,12,1923,575,0,12
"927","060372288001","Block Group 1, Census Tract 2288, Los Angeles County, California",571,319,0,12,0,12,0,12,0,12,0,12,0,12,0,12,0,12,119,77,44,49,0,12,0,12,0,12,0,12,0,12,0,12,0,12,0,12,0,12,0,12,0,12,0,12,0,12,0,12,598,356,532,350,598,356,0,12,10,23,45,48,0,12,598,356,0,12,7,15,17,38,0,12,565,351,0,12
"928","060372288003","Block Group 3, Census Tract 2288, Los Angeles County, California",1987,462,20,30,0,12,0,12,0,12,0,12,0,12,0,12,0,12,195,89,363,156,0,12,0,12,0,12,0,12,0,12,0,12,41,51,27,40,0,12,0,12,0,12,0,12,0,12,0,12,2055,486,371,270,2128,497,20,30,293,141,245,146,27,40,2128,497,0,12,0,12,134,133,0,12,1994,480,0,12
"929","060371899022","Block Group 2, Census Tract 1899.02, Los Angeles County, California",2414,452,0,12,0,12,0,12,0,12,0,12,0,12,0,12,0,12,29,43,0,12,133,93,0,12,0,12,0,12,0,12,0,12,23,42,0,12,0,12,0,12,0,12,0,12,0,12,0,12,2426,442,500,238,2426,442,0,12,168,122,51,50,0,12,2426,442,321,182,0,12,85,88,1736,358,264,179,0,12
"930","060371899023","Block Group 3, Census Tract 1899.02, Los Angeles County, California",1493,333,0,12,0,12,0,12,0,12,0,12,0,12,0,12,0,12,0,12,0,12,0,12,0,12,0,12,0,12,0,12,0,12,0,12,0,12,0,12,0,12,0,12,0,12,0,12,0,12,1510,333,161,141,1510,333,0,12,27,44,85,80,0,12,1510,333,401,323,0,12,52,63,859,274,138,92,0,12
"931","060375016004","Block Group 4, Census Tract 5016, Los Angeles County, California",548,207,21,38,0,12,0,12,0,12,0,12,0,12,0,12,0,12,0,12,0,12,0,12,0,12,0,12,0,12,0,12,0,12,0,12,0,12,0,12,0,12,0,12,0,12,11,21,0,12,589,235,0,12,589,235,0,12,0,12,28,45,0,12,589,235,0,12,0,12,0,12,305,171,284,202,0,12
"932","060375302031","Block Group 1, Census Tract 5302.03, Los Angeles County, California",1792,308,0,12,8,12,0,12,0,12,0,12,0,12,0,12,0,12,165,83,219,151,0,12,0,12,15,24,0,12,0,12,0,12,32,44,0,12,0,12,0,12,11,18,8,13,0,12,0,12,1830,313,387,243,1830,313,0,12,48,52,196,100,0,12,1830,313,152,91,1,3,20,31,40,27,1607,324,0,12
"933","060375302032","Block Group 2, Census Tract 5302.03, Los Angeles County, California",880,225,0,12,0,12,0,12,0,12,0,12,0,12,0,12,0,12,20,23,29,48,0,12,0,12,0,12,0,12,0,12,0,12,6,11,0,12,10,15,0,12,30,32,6,10,0,12,0,12,898,232,105,88,898,232,8,12,29,34,50,45,0,12,898,232,42,52,6,9,0,12,191,94,647,218,0,12
"934","060375304002","Block Group 2, Census Tract 5304, Los Angeles County, California",2010,449,0,12,0,12,0,12,0,12,0,12,0,12,0,12,0,12,63,70,32,46,0,12,0,12,8,12,94,118,0,12,0,12,50,56,24,36,0,12,0,12,126,88,0,12,0,12,0,12,2093,484,247,171,2093,484,0,12,78,63,61,63,7,11,2093,484,760,275,0,12,0,12,28,30,1305,381,0,12
"935","060375304001","Block Group 1, Census Tract 5304, Los Angeles County, California",1392,301,10,15,0,12,0,12,0,12,0,12,0,12,0,12,0,12,119,89,10,16,0,12,0,12,4,14,0,12,0,12,0,12,129,77,20,23,0,12,0,12,17,30,0,12,0,12,0,12,1651,361,453,208,1651,361,0,12,23,27,0,12,0,12,1651,361,50,76,0,12,150,210,0,12,1439,386,0,12
"936","060375312011","Block Group 1, Census Tract 5312.01, Los Angeles County, California",2379,532,59,78,32,51,0,12,0,12,0,12,0,12,0,12,0,12,367,255,226,149,0,12,0,12,0,12,0,12,0,12,0,12,63,62,17,28,0,12,0,12,0,12,0,12,0,12,0,12,2703,678,700,513,2703,678,222,245,273,160,348,191,17,28,2703,678,0,12,0,12,14,24,0,12,2689,679,0,12
"937","060375312022","Block Group 2, Census Tract 5312.02, Los Angeles County, California",2875,512,0,12,20,33,0,12,0,12,0,12,0,12,0,12,0,12,555,236,283,201,0,12,0,12,0,12,0,12,0,12,0,12,83,64,21,25,0,12,0,12,0,12,0,12,0,12,0,12,2938,515,348,244,2966,516,91,101,150,93,303,153,36,52,2966,516,10,16,0,12,0,12,40,41,2916,520,0,12
"938","060375318003","Block Group 3, Census Tract 5318, Los Angeles County, California",808,399,0,12,0,12,0,12,0,12,0,12,0,12,0,12,0,12,82,105,47,73,0,12,0,12,0,12,0,12,0,12,0,12,9,14,34,55,0,12,0,12,0,12,0,12,0,12,0,12,808,399,110,174,808,399,0,12,33,43,0,12,0,12,808,399,0,12,0,12,0,12,61,100,747,388,0,12
"939","060375318001","Block Group 1, Census Tract 5318, Los Angeles County, California",1870,493,0,12,0,12,0,12,0,12,0,12,0,12,0,12,0,12,242,124,27,42,0,12,0,12,0,12,0,12,0,12,0,12,105,100,106,78,0,12,0,12,0,12,0,12,0,12,0,12,1999,524,242,242,1999,524,76,67,66,75,147,110,41,63,1999,524,0,12,0,12,0,12,14,22,1902,514,83,136
"940","060375318002","Block Group 2, Census Tract 5318, Los Angeles County, California",2074,496,0,12,0,12,0,12,0,12,0,12,0,12,0,12,0,12,349,148,109,84,0,12,0,12,0,12,0,12,0,12,0,12,74,54,144,134,0,12,0,12,0,12,0,12,0,12,0,12,2153,485,336,220,2153,485,0,12,88,104,170,124,70,112,2153,485,0,12,0,12,0,12,0,12,2153,485,0,12
"941","060379200372","Block Group 2, Census Tract 9200.37, Los Angeles County, California",3925,871,77,96,0,12,0,12,0,12,0,12,0,12,0,12,0,12,278,132,128,150,0,12,0,12,18,28,0,12,0,12,0,12,0,12,0,12,0,12,0,12,0,12,0,12,0,12,0,12,4611,1299,1927,1221,4611,1299,130,123,287,150,239,161,0,12,4611,1299,138,135,0,12,266,209,262,131,3945,1248,0,12
"942","060379200371","Block Group 1, Census Tract 9200.37, Los Angeles County, California",3885,670,0,12,0,12,0,12,0,12,0,12,0,12,0,12,0,12,207,168,8,13,0,12,0,12,15,26,0,12,0,12,0,12,33,42,19,28,13,20,0,12,0,12,0,12,0,12,0,12,4166,679,290,202,4212,694,23,25,114,122,264,229,0,12,4212,694,320,265,0,12,218,163,1151,286,2196,616,34,55
"943","060379200421","Block Group 1, Census Tract 9200.42, Los Angeles County, California",1811,454,0,12,0,12,0,12,0,12,18,28,0,12,0,12,0,12,70,83,0,12,0,12,0,12,42,54,0,12,0,12,0,12,0,12,0,12,0,12,0,12,0,12,30,28,0,12,0,12,1903,487,193,203,1903,487,67,103,71,109,78,91,0,12,1909,486,373,222,0,12,23,21,942,325,526,317,0,12
"944","060379200423","Block Group 3, Census Tract 9200.42, Los Angeles County, California",1037,393,0,12,0,12,0,12,0,12,0,12,0,12,0,12,0,12,0,12,0,12,0,12,0,12,8,15,0,12,0,12,0,12,0,12,0,12,0,12,0,12,0,12,0,12,0,12,0,12,1074,409,151,201,1087,411,77,113,11,19,65,64,0,12,1087,411,111,97,0,12,19,28,316,163,395,327,18,27
"945","060379203281","Block Group 1, Census Tract 9203.28, Los Angeles County, California",1986,141,0,12,0,12,23,30,0,12,5,8,0,12,0,12,0,12,0,12,0,12,12,18,0,12,32,19,0,12,0,12,0,12,0,12,0,12,0,12,0,12,12,12,4,6,0,12,0,12,2036,141,202,84,2036,141,20,17,29,31,47,39,0,12,2036,141,390,141,7,11,42,40,1204,147,243,92,13,19
"946","060379008041","Block Group 1, Census Tract 9008.04, Los Angeles County, California",1778,321,0,12,0,12,0,12,0,12,0,12,0,12,0,12,0,12,107,72,74,78,0,12,0,12,0,12,0,12,0,12,0,12,3,6,0,12,0,12,0,12,0,12,0,12,0,12,0,12,1854,349,450,140,1870,356,0,12,47,44,57,46,0,12,1870,356,53,39,0,12,373,169,249,78,1160,326,0,12
"947","060375512012","Block Group 2, Census Tract 5512.01, Los Angeles County, California",2278,324,30,34,0,12,0,12,0,12,0,12,0,12,0,12,0,12,52,51,12,18,0,12,0,12,9,14,9,14,0,12,0,12,60,51,10,16,0,12,0,12,0,12,26,41,0,12,0,12,2299,325,129,82,2299,325,66,50,81,58,70,44,11,18,2331,327,158,116,0,12,67,54,366,122,1740,294,0,12
"948","060375512011","Block Group 1, Census Tract 5512.01, Los Angeles County, California",915,253,0,12,0,12,0,12,0,12,0,12,0,12,0,12,0,12,8,13,0,12,0,12,0,12,10,16,0,12,0,12,0,12,10,17,0,12,0,12,0,12,22,36,0,12,0,12,0,12,941,256,70,77,941,256,0,12,24,22,52,42,0,12,941,256,85,82,0,12,81,94,63,72,712,243,0,12
"949","060379007041","Block Group 1, Census Tract 9007.04, Los Angeles County, California",1805,331,0,12,0,12,0,12,0,12,0,12,0,12,0,12,0,12,0,12,0,12,0,12,0,12,37,36,0,12,0,12,0,12,0,12,0,12,0,12,0,12,25,28,0,12,0,12,0,12,2007,394,235,112,1984,393,53,69,55,61,51,45,0,12,2007,394,267,118,0,12,864,349,477,151,356,228,8,13
"950","060375720021","Block Group 1, Census Tract 5720.02, Los Angeles County, California",1090,266,0,12,0,12,0,12,0,12,9,13,0,12,0,12,0,12,0,12,0,12,0,12,0,12,0,12,0,12,0,12,0,12,3,7,3,7,0,12,0,12,3,7,0,12,0,12,0,12,1069,269,70,47,1069,269,0,12,20,32,0,12,0,12,1148,275,102,80,3,7,179,187,574,152,232,147,0,12
"951","060375722012","Block Group 2, Census Tract 5722.01, Los Angeles County, California",329,139,0,12,0,12,0,12,0,12,0,12,0,12,0,12,0,12,6,13,0,12,0,12,0,12,0,12,0,12,0,12,0,12,0,12,0,12,0,12,0,12,0,12,0,12,0,12,0,12,358,151,11,12,358,151,0,12,0,12,0,12,0,12,358,151,95,100,0,12,28,35,215,116,20,26,0,12
"952","060375722013","Block Group 3, Census Tract 5722.01, Los Angeles County, California",1965,481,0,12,0,12,0,12,0,12,0,12,0,12,0,12,0,12,52,63,0,12,0,12,0,12,57,88,0,12,0,12,0,12,11,22,0,12,10,22,0,12,10,21,0,12,0,12,0,12,1988,551,115,88,1988,551,0,12,0,12,18,28,0,12,2110,562,558,294,0,12,472,346,479,185,601,273,0,12
"953","060375734022","Block Group 2, Census Tract 5734.02, Los Angeles County, California",790,311,0,12,0,12,0,12,0,12,0,12,0,12,0,12,0,12,0,12,12,21,0,12,0,12,0,12,0,12,0,12,0,12,0,12,11,20,0,12,0,12,0,12,0,12,0,12,0,12,886,357,135,268,886,357,77,122,35,54,0,12,0,12,886,357,163,213,0,12,45,39,229,158,405,327,0,12
"954","060375734021","Block Group 1, Census Tract 5734.02, Los Angeles County, California",0,12,0,12,0,12,0,12,0,12,0,12,0,12,0,12,0,12,0,12,0,12,0,12,0,12,0,12,0,12,0,12,0,12,0,12,0,12,0,12,0,12,0,12,0,12,0,12,0,12,0,12,0,12,0,12,0,12,0,12,0,12,0,12,0,12,0,12,0,12,0,12,0,12,0,12,0,12
"955","060375734024","Block Group 4, Census Tract 5734.02, Los Angeles County, California",1846,483,0,12,0,12,0,12,0,12,0,12,0,12,0,12,0,12,19,32,0,12,0,12,0,12,0,12,0,12,0,12,0,12,0,12,0,12,0,12,4,8,0,12,0,12,0,12,0,12,1817,478,126,109,1817,478,0,12,0,12,19,32,0,12,1867,484,669,420,15,25,131,145,480,180,516,262,0,12
"956","060372048101","Block Group 1, Census Tract 2048.10, Los Angeles County, California",2299,440,25,37,0,12,0,12,0,12,0,12,0,12,0,12,0,12,162,94,241,147,0,12,0,12,0,12,0,12,0,12,0,12,118,77,63,73,0,12,0,12,10,16,0,12,22,33,0,12,2500,476,535,330,2500,476,86,104,96,103,149,111,0,12,2500,476,28,34,0,12,116,93,0,12,2323,484,9,16
"957","060374317001","Block Group 1, Census Tract 4317, Los Angeles County, California",713,464,0,12,0,12,0,12,0,12,0,12,0,12,0,12,0,12,0,12,0,12,0,12,0,12,53,61,42,67,0,12,0,12,0,12,0,12,0,12,0,12,0,12,45,77,0,12,0,12,713,464,37,58,713,464,0,12,16,25,0,12,0,12,713,464,528,358,0,12,40,65,49,65,0,12,0,12
"958","060374317003","Block Group 3, Census Tract 4317, Los Angeles County, California",1150,448,0,12,0,12,0,12,0,12,0,12,0,12,0,12,0,12,0,12,0,12,0,12,0,12,144,97,0,12,0,12,0,12,0,12,0,12,0,12,0,12,87,85,0,12,0,12,0,12,1154,449,31,46,1154,449,0,12,0,12,31,46,0,12,1154,449,924,405,0,12,0,12,220,289,10,42,0,12
"959","060374317005","Block Group 5, Census Tract 4317, Los Angeles County, California",1843,429,0,12,0,12,0,12,0,12,0,12,0,12,0,12,0,12,0,12,0,12,0,12,0,12,220,151,33,54,0,12,0,12,0,12,0,12,0,12,0,12,168,174,181,138,0,12,0,12,1852,427,128,101,1886,433,0,12,28,46,17,27,0,12,1886,433,1526,432,0,12,45,74,244,147,71,98,0,12
"960","060374317002","Block Group 2, Census Tract 4317, Los Angeles County, California",862,352,0,12,0,12,0,12,0,12,0,12,0,12,0,12,0,12,0,12,0,12,0,12,0,12,17,27,0,12,0,12,0,12,0,12,0,12,0,12,0,12,30,50,23,38,0,12,0,12,886,341,32,51,886,341,0,12,0,12,45,64,0,12,886,341,760,338,0,12,0,12,98,85,28,58,0,12
"961","060374327003","Block Group 3, Census Tract 4327, Los Angeles County, California",1349,482,0,12,0,12,0,12,0,12,0,12,0,12,0,12,0,12,105,76,84,73,0,12,0,12,115,87,0,12,0,12,0,12,28,33,0,12,0,12,0,12,39,48,61,73,0,12,0,12,1371,453,369,248,1476,560,38,57,1,6,87,77,0,12,1476,560,534,299,0,12,0,12,55,51,887,538,0,12
"962","060374339022","Block Group 2, Census Tract 4339.02, Los Angeles County, California",1394,392,0,12,0,12,0,12,0,12,0,12,0,12,0,12,0,12,92,53,141,128,0,12,0,12,24,22,6,9,0,12,0,12,12,14,73,76,0,12,0,12,8,15,17,22,0,12,0,12,1487,423,96,76,1491,423,0,12,43,46,120,77,0,12,1491,423,85,78,0,12,0,12,59,43,1347,421,0,12
"963","060374339021","Block Group 1, Census Tract 4339.02, Los Angeles County, California",772,237,5,8,0,12,0,12,0,12,0,12,0,12,0,12,0,12,112,81,22,28,0,12,0,12,84,80,0,12,0,12,0,12,52,38,42,38,0,12,0,12,0,12,19,29,0,12,0,12,772,237,115,70,772,237,9,13,17,27,75,38,0,12,772,237,175,156,0,12,0,12,0,12,577,242,20,35
"964","060374340012","Block Group 2, Census Tract 4340.01, Los Angeles County, California",2241,344,23,28,16,26,0,12,0,12,0,12,0,12,0,12,0,12,261,104,199,130,0,12,0,12,34,31,0,12,0,12,0,12,25,22,44,34,0,12,0,12,5,9,18,18,0,12,0,12,2412,373,275,159,2412,373,38,42,218,142,207,72,28,30,2412,373,233,117,0,12,6,10,57,58,2116,336,0,12
"965","060374340011","Block Group 1, Census Tract 4340.01, Los Angeles County, California",1896,398,0,12,0,12,0,12,0,12,0,12,0,12,0,12,0,12,192,104,139,82,0,12,0,12,59,34,68,79,0,12,0,12,23,22,34,32,0,12,0,12,68,43,0,12,0,12,0,12,1952,430,215,126,1998,422,15,20,75,51,178,84,14,24,1998,422,484,192,0,12,0,12,80,73,1417,399,17,26
"966","060374603011","Block Group 1, Census Tract 4603.01, Los Angeles County, California",853,259,0,12,0,12,0,12,0,12,0,12,0,12,0,12,0,12,0,12,0,12,0,12,0,12,0,12,0,12,0,12,0,12,0,12,0,12,0,12,0,12,0,12,0,12,0,12,0,12,913,281,114,91,913,281,0,12,0,12,0,12,0,12,913,281,44,54,0,12,437,229,244,87,145,103,0,12
"967","060374612003","Block Group 3, Census Tract 4612, Los Angeles County, California",724,168,0,12,0,12,0,12,0,12,0,12,0,12,0,12,0,12,0,12,0,12,0,12,0,12,0,12,0,12,0,12,0,12,0,12,0,12,0,12,0,12,0,12,0,12,0,12,0,12,724,168,6,11,724,168,0,12,0,12,14,21,0,12,724,168,48,39,0,12,62,59,538,166,32,29,0,12
"968","060374825221","Block Group 1, Census Tract 4825.22, Los Angeles County, California",2185,327,0,12,0,12,0,12,0,12,0,12,0,12,0,12,0,12,21,27,0,12,7,11,0,12,137,109,32,43,0,12,0,12,17,24,9,15,19,21,0,12,22,28,68,86,0,12,0,12,2178,330,167,109,2178,330,5,11,52,63,24,25,0,12,2233,339,990,265,0,12,17,17,209,110,965,221,7,11
"969","060375006002","Block Group 2, Census Tract 5006, Los Angeles County, California",1012,402,0,12,0,12,0,12,0,12,0,12,0,12,0,12,0,12,34,43,56,72,0,12,0,12,0,12,35,51,0,12,0,12,15,19,43,47,0,12,0,12,0,12,0,12,0,12,0,12,1024,404,110,166,1024,404,0,12,10,19,45,49,0,12,1024,404,72,104,0,12,0,12,0,12,952,397,0,12
"970","060375006001","Block Group 1, Census Tract 5006, Los Angeles County, California",905,390,0,12,0,12,0,12,0,12,0,12,0,12,0,12,0,12,32,32,82,92,0,12,0,12,8,12,0,12,0,12,0,12,9,13,38,36,0,12,0,12,0,12,0,12,0,12,0,12,905,390,13,21,905,390,0,12,61,59,114,93,0,12,905,390,14,21,0,12,0,12,39,44,852,397,0,12
"971","060375006003","Block Group 3, Census Tract 5006, Los Angeles County, California",738,399,0,12,0,12,0,12,0,12,0,12,0,12,0,12,0,12,7,11,22,36,0,12,0,12,0,12,0,12,0,12,0,12,7,12,87,129,0,12,0,12,0,12,0,12,0,12,0,12,748,398,52,61,748,398,0,12,8,13,17,20,0,12,748,398,0,12,0,12,0,12,38,29,710,397,0,12
"972","060375006004","Block Group 4, Census Tract 5006, Los Angeles County, California",779,292,0,12,0,12,0,12,0,12,0,12,0,12,0,12,0,12,143,119,27,44,0,12,0,12,0,12,0,12,0,12,0,12,41,49,0,12,0,12,0,12,0,12,0,12,0,12,0,12,817,309,73,105,817,309,0,12,9,14,80,91,0,12,817,309,14,22,0,12,0,12,0,12,803,309,0,12
"973","060375012002","Block Group 2, Census Tract 5012, Los Angeles County, California",2321,503,0,12,0,12,0,12,0,12,0,12,0,12,0,12,0,12,66,81,0,12,0,12,0,12,38,46,47,53,0,12,0,12,21,27,0,12,18,28,0,12,0,12,0,12,0,12,0,12,2410,512,174,157,2410,512,117,134,30,34,74,58,0,12,2410,512,209,232,0,12,0,12,166,72,2018,469,17,29
"974","060375022004","Block Group 4, Census Tract 5022, Los Angeles County, California",776,323,19,29,0,12,0,12,0,12,0,12,0,12,0,12,0,12,71,79,30,34,0,12,0,12,0,12,0,12,0,12,0,12,0,12,23,34,0,12,0,12,8,12,0,12,0,12,0,12,798,339,79,73,798,339,44,43,0,12,139,124,23,34,798,339,46,43,0,12,0,12,70,50,682,350,0,12
"975","060372691004","Block Group 4, Census Tract 2691, Los Angeles County, California",1023,179,0,12,0,12,0,12,0,12,0,12,0,12,0,12,0,12,0,12,0,12,0,12,0,12,0,12,0,12,0,12,0,12,0,12,67,106,11,16,0,12,0,12,12,19,10,16,0,12,1174,232,130,120,1174,232,0,12,11,17,10,16,0,12,1174,232,78,59,0,12,25,27,951,227,109,120,0,12
"976","060371231041","Block Group 1, Census Tract 1231.04, Los Angeles County, California",826,216,0,12,0,12,0,12,0,12,0,12,0,12,0,12,0,12,15,23,21,36,0,12,0,12,0,12,0,12,0,12,0,12,0,12,0,12,0,12,0,12,21,33,0,12,0,12,0,12,861,233,105,72,861,233,0,12,0,12,11,17,0,12,861,233,93,99,0,12,58,46,311,145,388,175,0,12
"977","060371231043","Block Group 3, Census Tract 1231.04, Los Angeles County, California",1644,423,0,12,0,12,0,12,0,12,0,12,0,12,0,12,0,12,98,69,69,62,0,12,0,12,0,12,0,12,0,12,0,12,45,38,76,104,1,4,2,4,26,37,0,12,0,12,0,12,1703,479,494,395,1703,479,0,12,19,32,11,17,0,12,1768,470,127,109,0,12,41,28,431,232,1120,407,0,12
"978","060371246001","Block Group 1, Census Tract 1246, Los Angeles County, California",579,142,0,12,0,12,0,12,0,12,0,12,0,12,0,12,0,12,0,12,0,12,0,12,0,12,0,12,0,12,0,12,0,12,0,12,0,12,0,12,0,12,0,12,0,12,0,12,0,12,579,142,64,52,579,142,0,12,0,12,28,25,0,12,579,142,17,16,0,12,5,9,435,97,25,25,0,12
"979","060371246003","Block Group 3, Census Tract 1246, Los Angeles County, California",1175,212,0,12,0,12,0,12,0,12,0,12,0,12,0,12,0,12,10,16,0,12,0,12,0,12,0,12,0,12,0,12,0,12,0,12,0,12,0,12,0,12,1,6,1,7,0,12,0,12,1175,212,55,47,1175,212,0,12,25,28,119,81,0,12,1175,212,17,29,0,12,0,12,796,192,257,100,0,12
"980","060372221001","Block Group 1, Census Tract 2221, Los Angeles County, California",1661,355,14,22,0,12,0,12,0,12,0,12,0,12,0,12,0,12,201,114,191,132,0,12,0,12,8,12,0,12,0,12,0,12,89,82,0,12,0,12,0,12,0,12,0,12,0,12,0,12,1849,364,783,290,1849,364,16,24,81,54,132,78,0,12,1849,364,127,120,0,12,442,276,183,125,1075,347,0,12
"981","060372221003","Block Group 3, Census Tract 2221, Los Angeles County, California",554,355,0,12,0,12,0,12,0,12,0,12,0,12,0,12,0,12,0,12,0,12,0,12,0,12,0,12,0,12,0,12,0,12,0,12,23,26,0,12,0,12,2,5,0,12,0,12,0,12,613,390,7,5,613,390,17,27,22,33,43,49,0,12,613,390,69,89,0,12,218,215,40,48,277,265,0,12
"982","060372247002","Block Group 2, Census Tract 2247, Los Angeles County, California",3026,280,0,12,0,12,0,12,0,12,0,12,0,12,0,12,0,12,0,12,0,12,0,12,0,12,21,26,0,12,0,12,0,12,0,12,0,12,0,12,0,12,0,12,0,12,0,12,0,12,907,155,620,138,3038,283,11,14,41,29,30,36,0,12,3038,283,1124,199,14,19,179,59,1075,219,520,105,0,12
"983","060372282101","Block Group 1, Census Tract 2282.10, Los Angeles County, California",1819,379,0,12,0,12,0,12,0,12,0,12,0,12,0,12,0,12,194,82,192,95,0,12,0,12,0,12,0,12,0,12,0,12,18,28,118,71,0,12,0,12,32,44,24,35,0,12,0,12,1960,425,556,257,1960,425,4,7,113,53,129,70,17,19,1960,425,78,56,0,12,123,68,14,17,1745,423,0,12
"984","060372312102","Block Group 2, Census Tract 2312.10, Los Angeles County, California",2440,625,0,12,0,12,0,12,0,12,0,12,0,12,0,12,0,12,480,296,127,86,0,12,0,12,0,12,0,12,0,12,0,12,27,42,55,87,0,12,0,12,0,12,0,12,0,12,0,12,2737,725,716,376,2737,725,127,135,76,72,228,115,0,12,2737,725,32,53,0,12,318,183,24,32,2285,731,27,44
"985","060372312101","Block Group 1, Census Tract 2312.10, Los Angeles County, California",1237,422,0,12,0,12,0,12,0,12,0,12,0,12,0,12,0,12,267,150,30,38,0,12,0,12,0,12,0,12,0,12,0,12,74,76,8,13,0,12,0,12,0,12,0,12,0,12,0,12,1303,463,863,411,1303,463,12,19,38,54,117,89,0,12,1303,463,0,12,0,12,145,95,47,45,1103,466,0,12
"986","060372317201","Block Group 1, Census Tract 2317.20, Los Angeles County, California",2645,412,15,24,15,24,0,12,0,12,0,12,0,12,0,12,0,12,429,142,126,83,0,12,0,12,0,12,0,12,0,12,0,12,60,62,79,62,0,12,0,12,52,46,12,17,0,12,0,12,2906,503,628,235,2906,503,9,13,56,45,132,102,0,12,2906,503,94,52,0,12,452,215,98,64,2189,495,0,12
"987","060372318003","Block Group 3, Census Tract 2318, Los Angeles County, California",1019,367,11,17,0,12,0,12,0,12,0,12,0,12,0,12,0,12,241,159,46,58,0,12,0,12,0,12,0,12,0,12,0,12,10,16,0,12,0,12,0,12,0,12,0,12,0,12,0,12,1159,431,401,336,1159,431,64,63,108,113,183,157,0,12,1159,431,0,12,0,12,41,54,0,12,1101,426,0,12
"988","060372323001","Block Group 1, Census Tract 2323, Los Angeles County, California",2935,1241,0,12,0,12,0,12,0,12,0,12,0,12,0,12,0,12,873,976,220,149,0,12,0,12,0,12,0,12,0,12,0,12,19,16,62,54,0,12,0,12,0,12,0,12,0,12,0,12,3104,1239,1431,835,3104,1239,48,75,881,868,447,176,23,35,3104,1239,0,12,0,12,584,634,6,8,2514,1032,0,12
"989","060372323002","Block Group 2, Census Tract 2323, Los Angeles County, California",1839,668,23,38,0,12,0,12,0,12,0,12,0,12,0,12,0,12,274,205,72,76,0,12,0,12,0,12,0,12,0,12,0,12,27,42,0,12,0,12,0,12,0,12,0,12,0,12,0,12,1885,684,142,128,1907,683,61,68,106,143,111,69,0,12,1907,683,1,2,0,12,458,312,42,65,1348,626,0,12
"990","060372351002","Block Group 2, Census Tract 2351, Los Angeles County, California",1106,298,0,12,0,12,0,12,0,12,0,12,0,12,0,12,0,12,29,48,0,12,0,12,0,12,0,12,0,12,0,12,0,12,8,13,0,12,0,12,0,12,0,12,0,12,0,12,0,12,1122,302,67,62,1122,302,0,12,161,113,79,83,0,12,1122,302,10,15,0,12,646,273,187,134,270,174,0,12
"991","060372351004","Block Group 4, Census Tract 2351, Los Angeles County, California",977,239,0,12,0,12,0,12,0,12,0,12,0,12,0,12,0,12,5,11,0,12,0,12,0,12,0,12,10,17,0,12,0,12,0,12,0,12,0,12,0,12,0,12,0,12,0,12,0,12,1035,259,51,39,1035,259,0,12,0,12,14,21,0,12,1041,259,108,100,0,12,699,229,96,55,66,66,0,12
"992","060372351003","Block Group 3, Census Tract 2351, Los Angeles County, California",1134,268,0,12,0,12,0,12,0,12,0,12,0,12,0,12,0,12,4,8,0,12,0,12,0,12,0,12,0,12,0,12,0,12,0,12,0,12,0,12,0,12,0,12,0,12,0,12,0,12,1300,329,117,123,1300,329,0,12,14,21,50,50,0,12,1300,329,47,71,0,12,875,331,203,138,166,144,0,12
"993","060374086281","Block Group 1, Census Tract 4086.28, Los Angeles County, California",1452,337,14,20,0,12,0,12,0,12,13,20,0,12,0,12,0,12,0,12,0,12,0,12,0,12,85,57,16,26,0,12,0,12,8,17,0,12,0,12,0,12,136,64,9,15,0,12,0,12,1490,362,64,42,1490,362,0,12,10,18,0,12,0,12,1490,362,1063,258,0,12,11,18,49,44,367,216,0,12
"994","060374086282","Block Group 2, Census Tract 4086.28, Los Angeles County, California",1789,369,0,12,0,12,0,12,0,12,0,12,0,12,0,12,0,12,33,45,38,57,0,12,0,12,84,68,8,14,0,12,0,12,0,12,0,12,0,12,0,12,76,46,68,80,0,12,0,12,1832,375,188,222,1832,375,0,12,63,71,85,89,0,12,1832,375,1156,308,0,12,2,5,255,140,391,234,0,12
"995","060375524002","Block Group 2, Census Tract 5524, Los Angeles County, California",1042,203,22,32,0,12,0,12,0,12,0,12,0,12,0,12,0,12,101,55,0,12,0,12,0,12,3,6,0,12,0,12,0,12,66,46,0,12,0,12,0,12,0,12,0,12,0,12,0,12,1126,211,66,91,1126,211,65,62,44,31,57,49,0,12,1126,211,39,33,0,12,38,43,68,53,918,216,0,12
"996","060375524003","Block Group 3, Census Tract 5524, Los Angeles County, California",822,238,0,12,0,12,0,12,0,12,0,12,0,12,0,12,0,12,79,79,13,22,0,12,0,12,0,12,25,28,0,12,0,12,0,12,12,17,0,12,0,12,9,10,0,12,0,12,0,12,885,252,64,81,918,266,25,29,73,43,85,86,0,12,918,266,102,115,0,12,53,80,61,37,696,231,6,8
"997","060371901002","Block Group 2, Census Tract 1901, Los Angeles County, California",1578,441,0,12,0,12,0,12,0,12,0,12,0,12,0,12,0,12,0,12,0,12,0,12,0,12,0,12,0,12,0,12,0,12,0,12,0,12,0,12,0,12,0,12,0,12,0,12,0,12,1578,441,326,245,1578,441,0,12,92,83,34,35,0,12,1578,441,273,227,0,12,253,225,778,230,241,164,0,12
"998","060371901003","Block Group 3, Census Tract 1901, Los Angeles County, California",1112,269,0,12,0,12,0,12,0,12,0,12,0,12,0,12,0,12,16,33,0,12,26,46,0,12,0,12,0,12,0,12,0,12,0,12,0,12,42,64,0,12,0,12,0,12,0,12,0,12,1112,269,117,102,1112,269,0,12,153,119,135,115,0,12,1112,269,194,185,0,12,0,12,686,192,232,160,0,12
"999","060371901001","Block Group 1, Census Tract 1901, Los Angeles County, California",1712,320,0,12,0,12,0,12,0,12,0,12,0,12,0,12,0,12,159,116,0,12,0,12,0,12,15,23,0,12,0,12,20,31,15,26,0,12,43,65,0,12,0,12,0,12,42,65,42,66,1763,327,324,207,1763,327,51,82,93,88,198,136,0,12,1763,327,116,95,0,12,111,98,776,243,561,216,19,30
"1000","060371923003","Block Group 3, Census Tract 1923, Los Angeles County, California",1334,218,0,12,0,12,0,12,0,12,0,12,0,12,0,12,0,12,34,52,0,12,0,12,0,12,0,12,0,12,0,12,0,12,6,9,6,9,0,12,0,12,0,12,0,12,0,12,0,12,1358,221,168,83,1358,221,0,12,74,73,56,64,0,12,1358,221,188,106,0,12,0,12,830,173,164,89,0,12
"1001","060371923002","Block Group 2, Census Tract 1923, Los Angeles County, California",676,119,0,12,0,12,0,12,0,12,0,12,0,12,0,12,0,12,0,12,0,12,0,12,0,12,0,12,0,12,0,12,0,12,0,12,0,12,10,16,0,12,0,12,0,12,0,12,0,12,741,130,18,20,741,130,10,14,0,12,12,19,0,12,741,130,160,80,0,12,27,35,447,106,84,65,0,12
"1002","060371923001","Block Group 1, Census Tract 1923, Los Angeles County, California",354,97,0,12,0,12,0,12,0,12,0,12,0,12,0,12,0,12,0,12,0,12,0,12,0,12,0,12,0,12,0,12,0,12,0,12,0,12,7,13,0,12,17,14,0,12,0,12,0,12,364,107,7,11,364,107,0,12,0,12,10,16,0,12,364,107,113,61,0,12,0,12,227,104,24,20,0,12
"1003","060374081332","Block Group 2, Census Tract 4081.33, Los Angeles County, California",2388,318,0,12,0,12,0,12,0,12,8,13,0,12,0,12,0,12,123,79,196,73,0,12,0,12,69,54,0,12,0,12,0,12,22,34,0,12,0,12,0,12,24,37,0,12,0,12,0,12,2755,361,490,269,2755,361,49,66,159,90,200,129,0,12,2761,361,742,224,0,12,120,86,82,65,1817,363,0,12
"1004","060374081331","Block Group 1, Census Tract 4081.33, Los Angeles County, California",1049,294,9,13,0,12,0,12,0,12,0,12,0,12,0,12,0,12,28,38,0,12,0,12,0,12,36,41,10,16,0,12,0,12,0,12,0,12,0,12,0,12,10,17,12,22,0,12,0,12,1107,305,117,66,1107,305,8,12,20,35,0,12,0,12,1107,305,351,164,0,12,53,77,187,91,500,256,0,12
"1005","060374081351","Block Group 1, Census Tract 4081.35, Los Angeles County, California",2892,270,0,12,0,12,0,12,0,12,13,21,0,12,0,12,0,12,9,15,0,12,0,12,0,12,169,92,10,14,0,12,0,12,8,12,15,22,0,12,0,12,27,27,24,28,0,12,0,12,3156,286,320,246,3156,286,0,12,42,42,40,49,32,48,3161,285,1250,238,0,12,125,121,308,171,1435,281,0,12
"1006","060374082112","Block Group 2, Census Tract 4082.11, Los Angeles County, California",3152,485,0,12,0,12,0,12,0,12,0,12,0,12,0,12,0,12,183,134,0,12,0,12,0,12,415,171,79,76,0,12,0,12,28,34,8,14,0,12,0,12,115,100,156,117,0,12,0,12,3667,558,328,181,3698,558,40,49,171,116,277,129,0,12,3703,562,2155,527,0,12,75,73,99,66,1272,448,0,12
"1007","060374082113","Block Group 3, Census Tract 4082.11, Los Angeles County, California",1646,316,0,12,0,12,0,12,0,12,0,12,0,12,0,12,0,12,13,20,0,12,0,12,0,12,203,127,0,12,0,12,0,12,0,12,17,27,0,12,0,12,194,94,40,42,0,12,0,12,1769,367,165,126,1769,367,0,12,35,43,70,61,34,42,1769,367,1527,369,0,12,0,12,113,101,129,121,0,12
"1008","060371954002","Block Group 2, Census Tract 1954, Los Angeles County, California",1271,276,0,12,0,12,0,12,0,12,0,12,0,12,0,12,0,12,0,12,0,12,0,12,0,12,0,12,0,12,0,12,0,12,0,12,0,12,0,12,0,12,0,12,0,12,0,12,0,12,1271,276,50,43,1271,276,0,12,45,72,77,103,0,12,1271,276,184,109,0,12,55,52,489,207,481,149,0,12
"1009","060371977002","Block Group 2, Census Tract 1977, Los Angeles County, California",1237,308,0,12,0,12,0,12,0,12,8,12,0,12,0,12,0,12,7,18,15,24,0,12,0,12,204,109,84,63,0,12,0,12,0,12,0,12,0,12,0,12,108,110,45,46,0,12,0,12,1283,311,378,211,1293,315,23,36,80,41,34,40,0,12,1293,315,755,263,0,12,58,67,158,83,177,114,118,176
"1010","060371977003","Block Group 3, Census Tract 1977, Los Angeles County, California",1439,354,0,12,0,12,0,12,0,12,0,12,0,12,0,12,0,12,0,12,37,49,0,12,0,12,63,42,38,40,0,12,0,12,0,12,0,12,0,12,0,12,70,56,63,49,0,12,0,12,1469,355,270,149,1469,355,15,25,149,140,95,66,0,12,1469,355,577,227,0,12,11,18,514,216,288,169,0,12
"1011","060371990003","Block Group 3, Census Tract 1990, Los Angeles County, California",2123,606,0,12,0,12,0,12,0,12,0,12,0,12,0,12,0,12,204,114,101,86,0,12,0,12,78,56,84,98,0,12,0,12,14,27,46,38,0,12,0,12,84,66,39,41,0,12,0,12,2301,702,324,355,2301,702,50,79,273,221,223,182,0,12,2301,702,604,230,0,12,17,26,51,76,1594,686,0,12
"1012","060371990002","Block Group 2, Census Tract 1990, Los Angeles County, California",1668,516,0,12,0,12,0,12,0,12,20,30,0,12,0,12,0,12,172,162,42,58,0,12,0,12,106,64,26,39,0,12,0,12,19,22,31,52,0,12,0,12,42,48,57,55,0,12,0,12,1763,591,403,240,1783,585,0,12,84,76,75,63,0,12,1783,585,732,205,0,12,6,10,181,84,842,610,0,12
"1013","060371993001","Block Group 1, Census Tract 1993, Los Angeles County, California",1418,368,0,12,0,12,0,12,0,12,0,12,0,12,0,12,0,12,38,51,0,12,0,12,0,12,0,12,0,12,0,12,0,12,54,45,0,12,0,12,6,12,0,12,0,12,0,12,0,12,1415,374,205,208,1415,374,6,11,29,35,99,67,101,170,1441,374,77,41,0,12,34,28,668,224,641,280,0,12
"1014","060371997001","Block Group 1, Census Tract 1997, Los Angeles County, California",1557,300,0,12,0,12,0,12,0,12,0,12,0,12,0,12,0,12,129,70,10,15,0,12,0,12,18,20,0,12,0,12,0,12,23,29,0,12,0,12,0,12,53,67,22,26,0,12,0,12,1634,319,317,165,1634,319,0,12,83,70,167,112,18,28,1634,319,231,157,18,30,0,12,474,107,895,300,0,12
"1015","060371864011","Block Group 1, Census Tract 1864.01, Los Angeles County, California",2326,322,0,12,0,12,0,12,0,12,0,12,0,12,0,12,0,12,312,103,158,130,0,12,0,12,10,16,0,12,0,12,0,12,35,35,34,32,0,12,0,12,0,12,0,12,0,12,0,12,2551,390,415,234,2551,390,38,30,144,67,296,136,19,29,2551,390,280,150,0,12,0,12,147,77,2116,429,0,12
"1016","060371897013","Block Group 3, Census Tract 1897.01, Los Angeles County, California",1923,368,0,12,0,12,0,12,0,12,0,12,0,12,0,12,0,12,0,12,0,12,29,45,0,12,0,12,0,12,0,12,0,12,0,12,0,12,0,12,0,12,0,12,0,12,0,12,0,12,1951,379,195,97,1951,379,0,12,46,54,62,57,0,12,1951,379,129,107,0,12,99,160,1410,313,277,118,0,12
"1017","060371224102","Block Group 2, Census Tract 1224.10, Los Angeles County, California",1064,293,22,33,0,12,0,12,0,12,0,12,0,12,0,12,0,12,140,64,70,53,0,12,0,12,25,23,0,12,0,12,0,12,0,12,1,14,0,12,0,12,24,22,0,12,0,12,0,12,1165,284,309,162,1165,284,0,12,5,16,97,65,0,12,1165,284,92,72,0,12,34,39,18,26,1021,284,0,12
"1018","060371231031","Block Group 1, Census Tract 1231.03, Los Angeles County, California",1369,214,0,12,0,12,0,12,0,12,0,12,0,12,0,12,0,12,29,36,0,12,0,12,0,12,50,51,0,12,0,12,0,12,27,23,0,12,0,12,0,12,22,33,0,12,0,12,0,12,1385,219,141,84,1394,220,14,20,7,10,10,17,0,12,1394,220,179,102,0,12,78,64,622,197,507,192,0,12
"1019","060374087052","Block Group 2, Census Tract 4087.05, Los Angeles County, California",2169,371,0,12,0,12,0,12,0,12,38,48,25,40,0,12,0,12,23,33,0,12,0,12,0,12,257,131,87,72,0,12,0,12,0,12,0,12,0,12,0,12,62,34,54,58,0,12,0,12,2353,407,170,77,2353,407,0,12,55,61,36,28,0,12,2353,407,1458,369,0,12,0,12,377,97,516,275,0,12
"1020","060374088002","Block Group 2, Census Tract 4088, Los Angeles County, California",1860,451,19,28,0,12,0,12,0,12,0,12,0,12,0,12,0,12,213,106,176,139,0,12,0,12,5,21,8,13,0,12,0,12,11,16,67,53,0,12,0,12,10,17,0,12,0,12,0,12,1952,497,577,221,1992,520,29,37,132,87,235,184,0,12,2020,520,82,69,0,12,88,57,150,83,1622,512,0,12
"1021","060374301012","Block Group 2, Census Tract 4301.01, Los Angeles County, California",886,250,0,12,0,12,0,12,0,12,0,12,0,12,0,12,0,12,19,29,14,22,0,12,0,12,0,12,0,12,0,12,0,12,23,37,9,15,0,12,0,12,20,24,0,12,0,12,0,12,956,280,294,160,985,284,23,37,30,38,7,11,0,12,985,284,272,177,0,12,117,138,242,139,311,193,18,25
"1022","060374301014","Block Group 4, Census Tract 4301.01, Los Angeles County, California",1248,335,0,12,0,12,0,12,0,12,0,12,0,12,0,12,0,12,5,12,31,43,0,12,0,12,12,21,0,12,0,12,0,12,0,12,11,23,9,15,0,12,0,12,0,12,5,11,0,12,1189,349,115,108,1189,349,50,51,56,53,16,18,0,12,1308,355,87,64,0,12,51,44,269,145,895,339,0,12
"1023","060374301011","Block Group 1, Census Tract 4301.01, Los Angeles County, California",2049,293,0,12,0,12,0,12,0,12,0,12,0,12,0,12,0,12,29,32,0,12,0,12,8,13,27,33,0,12,0,12,0,12,23,28,15,33,0,12,0,12,25,39,9,14,0,12,0,12,2069,322,528,265,2069,322,21,34,46,52,68,52,0,12,2132,321,365,148,0,12,153,127,797,199,763,303,0,12
"1024","060374304001","Block Group 1, Census Tract 4304, Los Angeles County, California",1707,386,0,12,0,12,0,12,0,12,22,28,0,12,0,12,0,12,0,12,0,12,0,12,0,12,79,65,0,12,0,12,0,12,0,12,0,12,14,22,0,12,0,12,0,12,0,12,0,12,1793,424,151,129,1793,424,20,32,0,12,0,12,0,12,1793,424,1178,361,0,12,0,12,505,167,103,116,0,12
"1025","060374304003","Block Group 3, Census Tract 4304, Los Angeles County, California",772,291,0,12,0,12,0,12,0,12,10,18,0,12,0,12,0,12,0,12,0,12,0,12,0,12,33,33,34,50,0,12,0,12,0,12,0,12,0,12,0,12,93,75,0,12,0,12,0,12,809,306,50,42,809,306,0,12,15,23,0,12,0,12,809,306,424,255,0,12,0,12,262,143,89,106,0,12
"1026","060374304002","Block Group 2, Census Tract 4304, Los Angeles County, California",665,207,0,12,0,12,0,12,0,12,0,12,0,12,0,12,0,12,0,12,0,12,0,12,0,12,13,23,0,12,0,12,0,12,0,12,0,12,0,12,0,12,0,12,17,26,0,12,0,12,697,220,0,12,697,220,0,12,0,12,0,12,0,12,697,220,267,140,0,12,143,186,244,116,13,19,0,12
"1027","060374314001","Block Group 1, Census Tract 4314, Los Angeles County, California",861,219,0,12,0,12,0,12,0,12,0,12,0,12,0,12,0,12,13,20,13,20,0,12,0,12,7,12,15,29,0,12,0,12,0,12,0,12,0,12,0,12,4,10,0,12,0,12,0,12,897,233,59,69,897,233,0,12,9,16,47,61,0,12,897,233,353,212,0,12,13,18,293,126,219,141,0,12
"1028","060371046202","Block Group 2, Census Tract 1046.20, Los Angeles County, California",1887,355,6,9,0,12,0,12,0,12,0,12,0,12,0,12,0,12,248,102,172,72,0,12,0,12,0,12,0,12,0,12,0,12,68,29,54,40,0,12,0,12,0,12,0,12,0,12,0,12,1999,393,254,112,2010,394,3,5,66,37,144,104,7,11,2010,394,0,12,0,12,0,12,45,37,1965,401,0,12
"1029","060371046201","Block Group 1, Census Tract 1046.20, Los Angeles County, California",1448,265,0,12,0,12,0,12,0,12,0,12,0,12,0,12,0,12,180,103,106,76,0,12,0,12,0,12,0,12,0,12,0,12,72,61,21,31,0,12,0,12,0,12,0,12,0,12,0,12,1459,269,121,132,1518,273,0,12,94,67,90,51,0,12,1518,273,0,12,0,12,0,12,17,20,1501,274,0,12
"1030","060371047011","Block Group 1, Census Tract 1047.01, Los Angeles County, California",1442,308,0,12,0,12,0,12,0,12,0,12,0,12,0,12,0,12,163,60,238,117,0,12,0,12,0,12,0,12,0,12,0,12,60,47,0,12,0,12,0,12,0,12,0,12,0,12,9,13,1539,335,461,227,1539,335,10,14,63,49,87,51,9,13,1539,335,13,18,26,37,6,10,0,12,1494,330,0,12
"1031","060371048103","Block Group 3, Census Tract 1048.10, Los Angeles County, California",3596,736,0,12,0,12,0,12,0,12,0,12,0,12,0,12,0,12,622,290,233,134,12,14,0,12,0,12,0,12,0,12,0,12,155,78,140,97,0,12,0,12,0,12,0,12,0,12,0,12,3746,752,584,548,3768,747,0,12,182,115,384,204,43,66,3768,747,11,18,0,12,0,12,158,135,3599,767,0,12
"1032","060371048101","Block Group 1, Census Tract 1048.10, Los Angeles County, California",793,306,0,12,0,12,0,12,0,12,0,12,0,12,0,12,0,12,73,54,40,55,0,12,0,12,0,12,0,12,0,12,0,12,0,12,0,12,0,12,0,12,0,12,0,12,0,12,0,12,853,327,20,28,853,327,7,14,34,39,104,76,0,12,853,327,0,12,0,12,0,12,0,12,830,321,23,42
"1033","060371048102","Block Group 2, Census Tract 1048.10, Los Angeles County, California",935,380,0,12,0,12,0,12,0,12,0,12,0,12,0,12,0,12,47,45,77,58,0,12,0,12,0,12,0,12,0,12,0,12,31,42,8,13,0,12,0,12,15,27,0,12,0,12,0,12,1010,415,87,130,1010,415,0,12,42,56,120,87,0,12,1010,415,36,52,0,12,12,19,30,27,932,429,0,12
"1034","060374320006","Block Group 6, Census Tract 4320, Los Angeles County, California",1088,305,0,12,0,12,0,12,0,12,37,41,0,12,0,12,0,12,0,12,0,12,0,12,0,12,115,74,94,104,0,12,0,12,0,12,0,12,0,12,0,12,22,37,20,33,0,12,0,12,1119,299,96,86,1119,299,0,12,76,101,40,52,0,12,1119,299,681,287,58,96,0,12,156,119,162,183,0,12
"1035","060374320001","Block Group 1, Census Tract 4320, Los Angeles County, California",1999,492,0,12,0,12,0,12,0,12,0,12,0,12,0,12,0,12,0,12,0,12,0,12,0,12,147,97,35,39,0,12,0,12,70,87,8,17,0,12,8,16,140,104,278,226,0,12,0,12,1675,494,193,168,1675,494,0,12,11,19,0,12,0,12,2050,501,1255,463,0,12,30,36,356,191,401,220,0,12
"1036","060374320002","Block Group 2, Census Tract 4320, Los Angeles County, California",709,219,0,12,0,12,0,12,0,12,32,80,0,12,0,12,0,12,11,18,0,12,0,12,0,12,53,53,12,21,0,12,0,12,22,35,0,12,0,12,0,12,19,30,33,39,0,12,0,12,765,227,18,30,765,227,0,12,0,12,18,30,0,12,765,227,660,228,0,12,0,12,38,46,67,64,0,12
"1037","060374321011","Block Group 1, Census Tract 4321.01, Los Angeles County, California",1327,237,0,12,0,12,0,12,0,12,0,12,0,12,0,12,0,12,11,19,0,12,0,12,0,12,94,46,0,12,0,12,0,12,0,12,0,12,0,12,0,12,27,26,53,54,0,12,0,12,1405,251,51,48,1405,251,0,12,23,32,0,12,0,12,1415,252,863,203,0,12,0,12,268,136,241,135,11,18
"1038","060374321012","Block Group 2, Census Tract 4321.01, Los Angeles County, California",1273,242,0,12,0,12,0,12,0,12,29,47,0,12,0,12,0,12,0,12,0,12,0,12,0,12,50,37,0,12,18,25,0,12,0,12,0,12,0,12,0,12,61,44,44,47,0,12,0,12,1369,261,120,95,1369,261,0,12,0,12,29,27,0,12,1369,261,937,230,0,12,0,12,275,150,127,71,30,43
"1039","060374321013","Block Group 3, Census Tract 4321.01, Los Angeles County, California",1307,251,0,12,0,12,0,12,0,12,0,12,0,12,0,12,0,12,0,12,0,12,0,12,0,12,67,60,0,12,0,12,0,12,0,12,0,12,0,12,0,12,64,51,56,41,0,12,0,12,1319,253,79,58,1319,253,6,10,31,28,34,32,11,17,1319,253,808,232,0,12,1,4,217,110,233,114,0,12
"1040","060374321023","Block Group 3, Census Tract 4321.02, Los Angeles County, California",959,232,0,12,0,12,0,12,0,12,0,12,0,12,0,12,0,12,9,15,0,12,0,12,0,12,108,68,0,12,0,12,0,12,0,12,0,12,0,12,0,12,49,41,45,43,0,12,0,12,1020,232,36,39,1020,232,0,12,0,12,0,12,0,12,1020,232,719,216,0,12,0,12,118,57,183,166,0,12
"1041","060374321022","Block Group 2, Census Tract 4321.02, Los Angeles County, California",1214,238,0,12,0,12,0,12,0,12,0,12,0,12,0,12,0,12,11,17,0,12,0,12,0,12,72,53,18,28,0,12,0,12,0,12,0,12,0,12,0,12,7,12,0,12,0,12,0,12,1265,246,50,49,1265,246,33,37,50,45,0,12,0,12,1265,246,676,223,0,12,32,35,400,148,111,98,21,36
"1042","060374321024","Block Group 4, Census Tract 4321.02, Los Angeles County, California",484,196,0,12,0,12,0,12,0,12,0,12,0,12,0,12,0,12,0,12,0,12,0,12,0,12,46,38,18,29,0,12,0,12,0,12,0,12,0,12,0,12,9,15,10,14,0,12,0,12,495,200,57,45,495,200,4,7,0,12,18,27,0,12,495,200,285,126,0,12,8,12,52,63,150,156,0,12
"1043","060374321021","Block Group 1, Census Tract 4321.02, Los Angeles County, California",1637,356,23,35,0,12,0,12,0,12,10,15,0,12,0,12,0,12,38,51,0,12,0,12,0,12,152,90,62,68,0,12,0,12,0,12,0,12,0,12,0,12,18,19,22,26,0,12,0,12,1735,396,59,48,1735,396,0,12,41,53,40,61,0,12,1735,396,1047,290,0,12,0,12,119,60,493,324,0,12
"1044","060374321025","Block Group 5, Census Tract 4321.02, Los Angeles County, California",1257,365,0,12,0,12,0,12,0,12,0,12,0,12,0,12,0,12,0,12,0,12,0,12,0,12,48,39,9,14,0,12,0,12,2,6,0,12,3,6,0,12,25,26,57,47,0,12,0,12,1399,423,144,156,1422,431,0,12,0,12,36,38,0,12,1436,431,984,305,39,66,0,12,150,144,245,191,0,12
"1045","060374322012","Block Group 2, Census Tract 4322.01, Los Angeles County, California",2749,358,0,12,0,12,0,12,0,12,0,12,0,12,0,12,0,12,0,12,0,12,0,12,0,12,317,126,104,103,0,12,0,12,0,12,0,12,0,12,0,12,120,78,181,102,0,12,0,12,2924,416,394,264,2924,416,37,57,0,12,201,123,37,58,2924,416,2314,443,0,12,0,12,303,259,230,142,0,12
"1046","060374334011","Block Group 1, Census Tract 4334.01, Los Angeles County, California",2347,290,57,87,0,12,0,12,0,12,0,12,0,12,0,12,0,12,133,57,433,163,0,12,0,12,93,41,40,29,0,12,0,12,32,34,25,24,0,12,0,12,8,12,47,33,0,12,0,12,2449,282,739,289,2446,291,111,111,215,78,265,98,16,17,2463,291,393,142,21,22,12,17,61,51,1976,278,0,12
"1047","060374334012","Block Group 2, Census Tract 4334.01, Los Angeles County, California",860,197,5,8,0,12,0,12,0,12,0,12,0,12,0,12,0,12,23,26,27,33,0,12,0,12,97,63,79,55,0,12,0,12,26,25,6,8,0,12,0,12,25,16,61,43,0,12,0,12,942,231,82,75,942,231,0,12,27,27,17,16,15,15,942,231,512,162,0,12,0,12,16,19,401,167,0,12
"1048","060374334031","Block Group 1, Census Tract 4334.03, Los Angeles County, California",1374,343,0,12,0,12,0,12,0,12,0,12,0,12,0,12,0,12,94,69,79,66,0,12,0,12,200,196,41,50,0,12,0,12,47,59,10,17,0,12,0,12,8,13,39,52,0,12,0,12,1476,367,140,94,1476,367,0,12,92,77,50,61,5,9,1476,367,599,284,0,12,0,12,0,12,877,328,0,12
"1049","060374334032","Block Group 2, Census Tract 4334.03, Los Angeles County, California",1678,456,0,12,0,12,0,12,0,12,0,12,0,12,0,12,0,12,208,109,146,132,0,12,0,12,0,12,21,33,0,12,0,12,23,26,50,57,0,12,0,12,0,12,0,12,0,12,0,12,1888,514,400,315,1888,514,15,27,208,117,95,55,0,12,1888,514,111,82,0,12,0,12,0,12,1777,521,0,12
"1050","060374337002","Block Group 2, Census Tract 4337, Los Angeles County, California",1195,368,0,12,0,12,0,12,0,12,0,12,0,12,0,12,0,12,34,28,31,37,0,12,0,12,100,73,4,7,0,12,0,12,74,56,61,65,0,12,0,12,21,30,10,15,0,12,0,12,1211,370,155,124,1211,370,2,5,29,30,39,38,47,60,1211,370,229,143,0,12,0,12,12,14,958,385,0,12
"1051","060374338013","Block Group 3, Census Tract 4338.01, Los Angeles County, California",1329,344,0,12,0,12,0,12,0,12,0,12,0,12,0,12,0,12,76,56,45,46,0,12,0,12,38,43,12,24,0,12,0,12,28,31,0,12,0,12,0,12,28,31,19,30,0,12,0,12,1437,382,350,275,1437,382,17,29,20,34,32,30,0,12,1437,382,191,123,0,12,0,12,57,51,1189,427,0,12
"1052","060374338012","Block Group 2, Census Tract 4338.01, Los Angeles County, California",1189,303,0,12,0,12,0,12,0,12,0,12,0,12,0,12,0,12,44,40,118,79,0,12,0,12,35,34,15,23,0,12,0,12,39,38,0,12,0,12,0,12,10,19,15,24,0,12,0,12,1261,324,22,25,1261,324,27,43,10,18,137,105,0,12,1261,324,177,147,0,12,0,12,22,35,1062,330,0,12
"1053","060374338011","Block Group 1, Census Tract 4338.01, Los Angeles County, California",1323,435,0,12,0,12,0,12,0,12,0,12,0,12,0,12,0,12,152,75,131,109,0,12,0,12,0,12,0,12,0,12,0,12,0,12,26,38,1,3,0,12,0,12,0,12,0,12,0,12,1504,485,507,358,1504,485,0,12,78,100,111,89,0,12,1504,485,1,2,0,12,0,12,26,27,1477,490,0,12
"1054","060374339011","Block Group 1, Census Tract 4339.01, Los Angeles County, California",2964,524,0,12,21,32,0,12,0,12,0,12,0,12,0,12,0,12,156,85,415,182,0,12,0,12,278,131,44,37,0,12,0,12,8,14,43,60,0,12,0,12,44,43,48,41,0,12,0,12,3150,561,783,384,3150,561,46,44,293,180,262,146,0,12,3150,561,743,202,8,14,26,32,23,25,2344,544,6,11
"1055","060371976001","Block Group 1, Census Tract 1976, Los Angeles County, California",729,190,0,12,0,12,0,12,0,12,0,12,0,12,0,12,0,12,49,52,22,27,0,12,0,12,25,33,0,12,0,12,0,12,0,12,0,12,0,12,0,12,0,12,0,12,0,12,0,12,743,195,84,78,743,195,0,12,63,49,39,54,0,12,743,195,137,99,0,12,7,10,195,105,333,178,16,26
"1056","060371992021","Block Group 1, Census Tract 1992.02, Los Angeles County, California",1672,372,5,9,0,12,0,12,0,12,0,12,0,12,0,12,0,12,150,75,85,60,0,12,0,12,33,27,8,13,0,12,0,12,26,24,36,34,2,7,0,12,44,35,8,15,0,12,0,12,1763,385,311,207,1763,385,50,51,142,87,124,60,0,12,1763,385,184,93,0,12,7,11,101,62,1471,391,0,12
"1057","060372013023","Block Group 3, Census Tract 2013.02, Los Angeles County, California",603,236,0,12,0,12,0,12,0,12,0,12,0,12,0,12,0,12,24,36,0,12,0,12,0,12,38,35,9,18,0,12,0,12,0,12,0,12,0,12,0,12,0,12,0,12,0,12,0,12,649,240,32,35,649,240,0,12,16,23,0,12,0,12,654,240,234,144,0,12,92,130,88,85,209,119,0,12
"1058","060372013024","Block Group 4, Census Tract 2013.02, Los Angeles County, California",1491,214,0,12,0,12,0,12,0,12,0,12,0,12,0,12,0,12,0,12,0,12,0,12,0,12,47,33,0,12,0,12,0,12,11,19,0,12,0,12,0,12,23,33,0,12,0,12,0,12,1732,274,194,176,1732,274,0,12,36,33,27,39,0,12,1732,274,599,214,0,12,119,60,575,164,277,139,0,12
"1059","060372013021","Block Group 1, Census Tract 2013.02, Los Angeles County, California",916,200,0,12,0,12,0,12,0,12,0,12,0,12,0,12,0,12,36,21,26,15,0,12,0,12,8,14,0,12,0,12,0,12,77,42,10,15,0,12,0,12,59,52,22,17,0,12,0,12,906,194,250,90,927,200,10,14,36,20,12,19,0,12,927,200,290,116,0,12,21,22,86,50,502,159,0,12
"1060","060372015031","Block Group 1, Census Tract 2015.03, Los Angeles County, California",1714,263,0,12,0,12,0,12,0,12,0,12,0,12,0,12,0,12,94,59,31,29,0,12,0,12,16,17,0,12,0,12,0,12,95,48,30,33,0,12,0,12,7,9,11,12,0,12,0,12,1960,291,387,169,1960,291,10,11,69,40,110,57,0,12,1960,291,134,80,0,12,16,25,67,54,1743,282,0,12
"1061","060372015032","Block Group 2, Census Tract 2015.03, Los Angeles County, California",1336,247,0,12,0,12,0,12,0,12,0,12,0,12,0,12,0,12,105,63,20,21,0,12,0,12,21,24,0,12,0,12,0,12,56,35,9,14,0,12,0,12,48,30,0,12,0,12,0,12,1404,266,392,193,1404,266,16,23,58,42,65,50,0,12,1404,266,107,68,0,12,20,23,111,75,1166,273,0,12
"1062","060372092001","Block Group 1, Census Tract 2092, Los Angeles County, California",4313,382,0,12,0,12,0,12,0,12,0,12,0,12,0,12,0,12,238,93,31,38,0,12,0,12,63,55,40,48,0,12,0,12,0,12,35,43,0,12,0,12,33,40,25,26,0,12,0,12,4545,427,1049,314,4545,427,33,36,298,131,259,126,0,12,4545,427,1271,303,68,107,355,142,1033,231,1561,360,0,12
"1063","060372100101","Block Group 1, Census Tract 2100.10, Los Angeles County, California",1345,325,0,12,19,31,0,12,0,12,0,12,0,12,0,12,0,12,202,116,193,137,0,12,0,12,19,13,0,12,0,12,0,12,8,13,10,17,0,12,0,12,70,37,85,56,0,12,0,12,1481,389,493,254,1481,389,19,31,231,139,264,124,0,12,1481,389,202,54,0,12,20,20,11,17,1248,391,0,12
"1064","060372100103","Block Group 3, Census Tract 2100.10, Los Angeles County, California",936,273,0,12,0,12,0,12,0,12,0,12,0,12,0,12,0,12,50,47,150,157,0,12,0,12,41,42,0,12,0,12,0,12,69,50,62,41,0,12,0,12,25,22,4,11,0,12,0,12,996,330,515,273,996,330,0,12,80,56,119,115,0,12,996,330,163,74,0,12,20,33,47,47,766,351,0,12
"1065","060372114202","Block Group 2, Census Tract 2114.20, Los Angeles County, California",1086,253,0,12,0,12,12,16,0,12,11,16,0,12,0,12,0,12,53,45,31,27,9,18,0,12,85,69,25,40,0,12,0,12,31,36,11,18,0,12,0,12,0,12,23,40,0,12,0,12,1135,262,84,47,1142,265,35,37,38,38,126,80,0,12,1142,265,486,174,0,12,24,29,210,88,387,183,0,12
"1066","060372114201","Block Group 1, Census Tract 2114.20, Los Angeles County, California",2225,284,41,37,0,12,0,12,0,12,0,12,0,12,0,12,0,12,413,178,138,82,10,17,0,12,0,12,0,12,0,12,0,12,0,12,42,48,0,12,0,12,16,22,0,12,0,12,0,12,2431,300,556,291,2431,300,23,35,297,134,258,108,0,12,2431,300,433,211,0,12,268,179,276,112,1436,370,0,12
"1067","060371918201","Block Group 1, Census Tract 1918.20, Los Angeles County, California",1063,210,0,12,0,12,0,12,0,12,0,12,0,12,0,12,0,12,24,32,12,18,0,12,0,12,0,12,0,12,0,12,0,12,0,12,0,12,0,12,0,12,0,12,0,12,0,12,0,12,1132,227,105,67,1139,230,0,12,115,115,24,29,0,12,1139,230,57,43,0,12,132,86,662,195,154,86,0,12
"1068","060371925101","Block Group 1, Census Tract 1925.10, Los Angeles County, California",1547,328,0,12,0,12,0,12,0,12,0,12,0,12,0,12,0,12,39,38,43,57,0,12,0,12,70,65,12,18,0,12,0,12,18,29,0,12,0,12,0,12,26,20,16,25,0,12,0,12,1686,350,173,177,1686,350,0,12,52,63,92,71,0,12,1686,350,886,320,14,23,14,18,133,90,611,244,0,12
"1069","060371925202","Block Group 2, Census Tract 1925.20, Los Angeles County, California",2017,367,0,12,0,12,0,12,0,12,0,12,0,12,0,12,0,12,315,125,251,199,0,12,0,12,66,64,0,12,0,12,0,12,15,17,25,27,0,12,0,12,26,41,24,37,0,12,0,12,2301,416,401,268,2301,416,0,12,142,78,387,208,16,26,2301,416,532,199,0,12,20,23,101,62,1648,400,0,12
"1070","060376506032","Block Group 2, Census Tract 6506.03, Los Angeles County, California",1361,285,0,12,0,12,0,12,0,12,0,12,0,12,0,12,0,12,0,12,0,12,0,12,0,12,36,30,0,12,0,12,0,12,0,12,0,12,0,12,0,12,41,50,0,12,0,12,0,12,1373,289,137,117,1373,289,0,12,9,13,28,27,11,17,1373,289,454,180,0,12,156,223,595,148,115,88,0,12
"1071","060376506031","Block Group 1, Census Tract 6506.03, Los Angeles County, California",2375,237,0,12,0,12,0,12,0,12,0,12,0,12,0,12,0,12,0,12,4,8,8,13,0,12,62,34,0,12,0,12,0,12,0,12,0,12,0,12,0,12,0,12,14,21,0,12,0,12,2476,246,114,99,2476,246,41,62,49,49,47,44,0,12,2476,246,1071,220,0,12,67,68,1078,191,191,95,0,12
"1072","060376508001","Block Group 1, Census Tract 6508, Los Angeles County, California",1953,241,0,12,0,12,0,12,0,12,29,47,0,12,0,12,0,12,0,12,0,12,0,12,0,12,49,42,28,46,0,12,0,12,38,58,0,12,0,12,0,12,0,12,0,12,0,12,0,12,2113,276,102,97,2113,276,0,12,0,12,113,89,0,12,2113,276,835,248,0,12,34,37,744,185,342,155,0,12
"1073","060376704061","Block Group 1, Census Tract 6704.06, Los Angeles County, California",1714,130,0,12,0,12,0,12,0,12,0,12,0,12,0,12,0,12,0,12,0,12,0,12,0,12,44,25,14,14,0,12,0,12,0,12,0,12,15,17,0,12,16,18,0,12,0,12,0,12,1759,140,70,49,1759,140,0,12,6,8,5,7,11,16,1759,140,806,133,0,12,94,106,752,123,21,21,6,9
"1074","060377007003","Block Group 3, Census Tract 7007, Los Angeles County, California",1857,482,0,12,0,12,0,12,0,12,0,12,0,12,0,12,0,12,0,12,17,30,51,77,0,12,0,12,0,12,0,12,0,12,0,12,0,12,60,76,0,12,0,12,0,12,0,12,0,12,1879,489,37,67,1879,489,0,12,1,2,0,12,0,12,1879,489,33,52,0,12,3,4,1752,499,15,22,0,12
"1075","060377007001","Block Group 1, Census Tract 7007, Los Angeles County, California",957,361,0,12,0,12,0,12,0,12,0,12,0,12,0,12,0,12,0,12,0,12,0,12,0,12,13,20,0,12,0,12,0,12,0,12,0,12,0,12,0,12,0,12,0,12,0,12,0,12,1073,425,11,19,1073,425,0,12,0,12,11,17,0,12,1073,425,84,96,0,12,0,12,847,384,11,17,17,25
"1076","060377007002","Block Group 2, Census Tract 7007, Los Angeles County, California",591,240,0,12,0,12,0,12,0,12,0,12,0,12,0,12,0,12,26,40,0,12,0,12,0,12,0,12,0,12,0,12,0,12,0,12,0,12,0,12,0,12,0,12,0,12,0,12,0,12,623,258,87,123,623,258,13,20,0,12,13,19,0,12,623,258,0,12,0,12,0,12,482,222,141,124,0,12
"1077","060377028022","Block Group 2, Census Tract 7028.02, Los Angeles County, California",1354,180,0,12,0,12,0,12,0,12,0,12,0,12,0,12,0,12,0,12,0,12,0,12,0,12,0,12,0,12,0,12,0,12,16,18,0,12,0,12,3,4,0,12,0,12,0,12,0,12,1344,187,48,30,1363,183,0,12,0,12,20,23,7,10,1404,186,79,44,0,12,24,20,793,128,470,140,0,12
"1078","060376201021","Block Group 1, Census Tract 6201.02, Los Angeles County, California",752,163,0,12,0,12,0,12,0,12,0,12,0,12,0,12,0,12,0,12,0,12,0,12,0,12,7,12,0,12,0,12,0,12,4,7,0,12,0,12,0,12,0,12,0,12,0,12,0,12,795,169,45,52,788,168,0,12,0,12,30,36,0,12,795,169,89,72,0,12,0,12,545,126,148,111,0,12
"1079","060376201022","Block Group 2, Census Tract 6201.02, Los Angeles County, California",663,137,0,12,8,12,0,12,0,12,0,12,0,12,0,12,0,12,0,12,0,12,0,12,0,12,0,12,0,12,15,22,0,12,0,12,0,12,0,12,0,12,0,12,0,12,0,12,0,12,692,145,59,68,692,145,0,12,27,44,30,34,0,12,692,145,0,12,0,12,27,28,355,107,244,107,0,12
"1080","060376205211","Block Group 1, Census Tract 6205.21, Los Angeles County, California",1190,252,0,12,0,12,0,12,0,12,0,12,0,12,0,12,0,12,0,12,0,12,0,12,0,12,0,12,0,12,0,12,0,12,0,12,0,12,0,12,0,12,0,12,0,12,0,12,0,12,1349,288,107,98,1349,288,25,26,19,29,98,68,0,12,1349,288,66,48,0,12,36,42,957,263,241,159,0,12
"1081","060376205212","Block Group 2, Census Tract 6205.21, Los Angeles County, California",751,232,0,12,0,12,0,12,0,12,0,12,0,12,0,12,0,12,0,12,0,12,0,12,0,12,0,12,0,12,36,58,0,12,0,12,0,12,0,12,0,12,0,12,0,12,0,12,0,12,825,245,91,73,825,245,0,12,0,12,19,20,0,12,825,245,256,206,0,12,22,25,397,165,20,22,0,12
"1082","060376206024","Block Group 4, Census Tract 6206.02, Los Angeles County, California",1234,274,0,12,0,12,0,12,0,12,0,12,0,12,0,12,0,12,0,12,0,12,0,12,17,28,0,12,0,12,0,12,0,12,28,47,0,12,0,12,0,12,12,20,0,12,0,12,0,12,1377,360,18,30,1377,360,0,12,0,12,18,29,0,12,1377,360,147,166,0,12,0,12,690,224,451,268,14,22
"1083","060376206022","Block Group 2, Census Tract 6206.02, Los Angeles County, California",609,212,0,12,0,12,0,12,0,12,0,12,0,12,0,12,0,12,0,12,0,12,0,12,0,12,0,12,0,12,0,12,0,12,0,12,0,12,0,12,0,12,0,12,0,12,0,12,0,12,609,212,0,12,609,212,0,12,0,12,0,12,0,12,609,212,21,34,0,12,0,12,494,194,41,41,0,12
"1084","060376206021","Block Group 1, Census Tract 6206.02, Los Angeles County, California",1252,329,0,12,0,12,0,12,0,12,0,12,0,12,0,12,0,12,0,12,0,12,0,12,0,12,0,12,0,12,0,12,0,12,0,12,0,12,0,12,0,12,0,12,0,12,0,12,0,12,1265,329,70,86,1265,329,0,12,0,12,108,157,0,12,1265,329,148,174,0,12,0,12,848,247,214,151,0,12
"1085","060376507012","Block Group 2, Census Tract 6507.01, Los Angeles County, California",1679,155,0,12,0,12,0,12,0,12,5,7,0,12,0,12,0,12,3,5,0,12,0,12,0,12,23,20,5,8,0,12,0,12,0,12,0,12,0,12,5,7,42,27,0,12,0,12,0,12,1839,163,78,46,1832,162,0,12,11,16,0,12,0,12,1839,163,532,124,0,12,30,29,916,169,351,105,0,12
"1086","060376513024","Block Group 4, Census Tract 6513.02, Los Angeles County, California",670,230,0,12,0,12,0,12,0,12,0,12,0,12,0,12,0,12,0,12,0,12,0,12,0,12,0,12,0,12,0,12,0,12,0,12,0,12,0,12,0,12,0,12,0,12,0,12,0,12,736,280,31,53,736,280,0,12,0,12,21,26,0,12,736,280,80,82,0,12,0,12,448,207,62,59,0,12
"1087","060376513022","Block Group 2, Census Tract 6513.02, Los Angeles County, California",1490,303,0,12,0,12,0,12,0,12,0,12,0,12,0,12,0,12,0,12,0,12,0,12,0,12,20,34,0,12,0,12,0,12,0,12,0,12,0,12,0,12,0,12,0,12,0,12,0,12,1576,333,15,24,1576,333,0,12,22,27,42,42,0,12,1576,333,236,147,0,12,0,12,912,289,296,143,0,12
"1088","060376513025","Block Group 5, Census Tract 6513.02, Los Angeles County, California",620,209,0,12,0,12,0,12,0,12,0,12,0,12,0,12,0,12,0,12,0,12,0,12,0,12,0,12,0,12,0,12,0,12,0,12,0,12,0,12,0,12,0,12,0,12,0,12,0,12,670,224,16,26,670,224,0,12,14,24,13,22,0,12,670,224,50,71,0,12,0,12,563,220,43,51,14,24
"1089","060376513026","Block Group 6, Census Tract 6513.02, Los Angeles County, California",906,257,0,12,0,12,0,12,0,12,0,12,0,12,0,12,0,12,0,12,0,12,0,12,0,12,0,12,24,36,0,12,0,12,0,12,0,12,0,12,0,12,0,12,0,12,0,12,0,12,932,270,29,34,932,270,0,12,0,12,0,12,0,12,932,270,206,170,0,12,0,12,706,218,0,12,0,12
"1090","060376700021","Block Group 1, Census Tract 6700.02, Los Angeles County, California",1356,314,0,12,0,12,0,12,0,12,0,12,0,12,0,12,0,12,6,16,0,12,0,12,0,12,19,21,0,12,0,12,0,12,10,15,0,12,12,18,0,12,69,71,48,58,0,12,0,12,1417,329,261,116,1431,329,86,139,36,55,69,81,0,12,1431,329,421,175,0,12,9,13,354,143,557,269,43,65
"1091","060372738003","Block Group 3, Census Tract 2738, Los Angeles County, California",396,151,0,12,0,12,0,12,0,12,0,12,0,12,0,12,0,12,0,12,0,12,0,12,0,12,0,12,0,12,0,12,0,12,0,12,0,12,0,12,0,12,0,12,0,12,0,12,0,12,416,150,24,28,416,150,0,12,0,12,24,25,0,12,416,150,11,16,0,12,0,12,315,156,74,61,0,12
"1092","060372738001","Block Group 1, Census Tract 2738, Los Angeles County, California",1620,194,0,12,0,12,0,12,0,12,0,12,0,12,0,12,0,12,0,12,0,12,0,12,0,12,0,12,0,12,0,12,0,12,0,12,0,12,0,12,0,12,0,12,0,12,0,12,0,12,1639,197,54,52,1639,197,0,12,81,80,91,93,0,12,1639,197,192,86,0,12,93,65,889,166,425,133,11,17
"1093","060372764002","Block Group 2, Census Tract 2764, Los Angeles County, California",804,139,0,12,0,12,0,12,0,12,0,12,0,12,0,12,0,12,0,12,0,12,0,12,0,12,0,12,0,12,0,12,0,12,0,12,0,12,0,12,0,12,0,12,0,12,0,12,0,12,883,152,79,55,883,152,0,12,6,13,0,12,0,12,883,152,95,46,0,12,87,89,538,117,121,73,0,12
"1094","060372764003","Block Group 3, Census Tract 2764, Los Angeles County, California",988,235,0,12,0,12,0,12,0,12,0,12,0,12,0,12,0,12,0,12,0,12,0,12,0,12,5,8,0,12,0,12,0,12,24,36,0,12,12,19,12,19,0,12,0,12,0,12,0,12,1036,247,34,38,1036,247,0,12,0,12,0,12,0,12,1036,247,81,78,0,12,0,12,635,191,302,238,0,12
"1095","060372764004","Block Group 4, Census Tract 2764, Los Angeles County, California",723,208,0,12,0,12,0,12,0,12,0,12,0,12,0,12,0,12,0,12,0,12,0,12,0,12,0,12,0,12,0,12,0,12,0,12,0,12,0,12,0,12,0,12,0,12,0,12,0,12,794,234,63,50,794,234,0,12,34,43,0,12,0,12,794,234,49,46,0,12,0,12,716,236,29,33,0,12
"1096","060372764005","Block Group 5, Census Tract 2764, Los Angeles County, California",446,133,0,12,0,12,0,12,0,12,0,12,0,12,0,12,0,12,0,12,0,12,0,12,0,12,0,12,0,12,0,12,0,12,0,12,0,12,0,12,0,12,0,12,0,12,0,12,0,12,495,154,88,89,495,154,0,12,0,12,0,12,0,12,495,154,12,16,0,12,12,20,411,156,10,16,0,12
"1097","060372764001","Block Group 1, Census Tract 2764, Los Angeles County, California",825,212,0,12,0,12,0,12,0,12,0,12,0,12,0,12,0,12,0,12,0,12,0,12,0,12,0,12,0,12,0,12,0,12,0,12,0,12,0,12,0,12,0,12,0,12,0,12,0,12,863,219,102,81,863,219,0,12,13,20,0,12,0,12,863,219,79,73,0,12,0,12,586,188,166,126,0,12
"1098","060372765001","Block Group 1, Census Tract 2765, Los Angeles County, California",3566,309,0,12,0,12,0,12,0,12,0,12,0,12,0,12,0,12,0,12,0,12,0,12,0,12,6,9,0,12,0,12,0,12,0,12,0,12,16,17,0,12,0,12,0,12,0,12,0,12,1275,173,340,174,3632,314,25,21,46,30,0,12,0,12,3632,314,547,137,0,12,196,72,2125,264,542,135,0,12
"1099","060372765002","Block Group 2, Census Tract 2765, Los Angeles County, California",2023,224,0,12,0,12,0,12,0,12,0,12,0,12,0,12,0,12,0,12,0,12,0,12,0,12,0,12,0,12,0,12,0,12,0,12,0,12,0,12,0,12,6,9,0,12,0,12,0,12,595,123,109,71,2042,227,0,12,23,24,18,26,0,12,2042,227,327,77,10,18,185,74,962,176,414,113,12,17
"1100","060372771002","Block Group 2, Census Tract 2771, Los Angeles County, California",913,176,0,12,0,12,0,12,0,12,0,12,0,12,0,12,0,12,0,12,0,12,0,12,0,12,23,25,0,12,0,12,0,12,0,12,0,12,16,23,0,12,0,12,0,12,0,12,0,12,942,181,29,42,942,181,0,12,0,12,34,48,0,12,942,181,190,88,0,12,24,36,517,151,159,102,0,12
"1101","060372771001","Block Group 1, Census Tract 2771, Los Angeles County, California",948,223,0,12,0,12,0,12,0,12,12,18,0,12,0,12,0,12,0,12,0,12,0,12,0,12,0,12,0,12,0,12,0,12,7,15,0,12,0,12,21,37,0,12,0,12,0,12,0,12,1002,229,0,12,1002,229,12,18,0,12,17,21,0,12,1002,229,90,89,0,12,0,12,566,141,73,68,0,12
"1102","060372771003","Block Group 3, Census Tract 2771, Los Angeles County, California",1098,232,0,12,0,12,0,12,0,12,0,12,0,12,0,12,0,12,0,12,0,12,0,12,0,12,0,12,0,12,0,12,0,12,0,12,0,12,0,12,0,12,0,12,0,12,0,12,0,12,1156,239,69,63,1156,239,19,31,0,12,10,15,0,12,1156,239,139,64,11,17,32,73,530,224,365,130,0,12
"1103","060371061122","Block Group 2, Census Tract 1061.12, Los Angeles County, California",3279,526,10,16,0,12,0,12,0,12,0,12,0,12,0,12,0,12,36,38,10,15,0,12,0,12,0,12,0,12,0,12,0,12,53,45,37,35,0,12,0,12,0,12,20,30,0,12,0,12,3347,549,333,274,3358,547,13,20,20,32,130,90,38,58,3512,553,432,158,0,12,135,109,763,247,2108,507,0,12
"1104","060371061121","Block Group 1, Census Tract 1061.12, Los Angeles County, California",2011,391,12,18,0,12,0,12,0,12,0,12,0,12,0,12,0,12,31,41,32,37,0,12,0,12,0,12,0,12,0,12,0,12,0,12,37,47,0,12,0,12,0,12,0,12,0,12,0,12,2099,402,330,283,2099,402,0,12,21,25,7,14,0,12,2099,402,0,12,19,30,23,34,267,139,1787,403,0,12
"1105","060371061132","Block Group 2, Census Tract 1061.13, Los Angeles County, California",1472,302,0,12,0,12,0,12,0,12,0,12,0,12,0,12,0,12,136,88,24,30,5,8,0,12,0,12,0,12,0,12,0,12,0,12,49,62,0,12,0,12,0,12,0,12,0,12,0,12,1531,320,0,12,1531,320,44,69,74,47,91,80,0,12,1531,320,42,40,0,12,25,24,166,130,1271,297,27,40
"1106","060371061131","Block Group 1, Census Tract 1061.13, Los Angeles County, California",2060,361,7,10,0,12,0,12,0,12,6,9,0,12,0,12,0,12,17,23,0,12,0,12,0,12,22,24,0,12,0,12,0,12,10,21,24,39,0,12,0,12,6,9,0,12,0,12,0,12,2069,380,287,192,2069,380,0,12,48,46,101,70,0,12,2166,385,267,81,0,12,115,123,405,188,1379,319,0,12
"1107","060371070101","Block Group 1, Census Tract 1070.10, Los Angeles County, California",2948,304,16,26,0,12,0,12,0,12,0,12,0,12,0,12,0,12,395,97,95,62,0,12,0,12,0,12,0,12,0,12,0,12,70,44,52,42,0,12,0,12,5,8,0,12,0,12,0,12,3110,334,311,133,3121,338,18,26,89,43,154,59,0,12,3141,340,20,27,0,12,14,20,88,58,2997,352,8,12
"1108","060376511011","Block Group 1, Census Tract 6511.01, Los Angeles County, California",2458,438,0,12,0,12,0,12,0,12,0,12,0,12,0,12,0,12,10,11,0,12,0,12,0,12,42,40,0,12,0,12,0,12,3,8,12,13,0,12,6,12,22,26,0,12,0,12,0,12,2395,407,79,56,2395,407,0,12,14,22,15,17,0,12,2489,435,960,277,0,12,19,34,1307,305,174,126,0,12
"1109","060376511012","Block Group 2, Census Tract 6511.01, Los Angeles County, California",2269,302,0,12,0,12,0,12,0,12,0,12,0,12,0,12,0,12,0,12,0,12,0,12,0,12,146,112,0,12,9,14,0,12,10,16,0,12,23,33,0,12,42,67,0,12,0,12,0,12,2547,342,73,87,2547,342,0,12,8,14,11,18,0,12,2547,342,1508,299,0,12,28,33,580,150,201,146,111,149
"1110","060376700032","Block Group 2, Census Tract 6700.03, Los Angeles County, California",1509,325,0,12,0,12,0,12,0,12,0,12,0,12,0,12,0,12,0,12,0,12,0,12,0,12,0,12,0,12,0,12,0,12,0,12,0,12,0,12,0,12,0,12,0,12,0,12,0,12,1642,382,41,29,1658,392,30,43,0,12,40,45,12,20,1658,392,525,205,0,12,101,130,595,276,376,189,0,12
"1111","060376700034","Block Group 4, Census Tract 6700.03, Los Angeles County, California",1679,386,0,12,0,12,0,12,0,12,0,12,0,12,0,12,0,12,0,12,0,12,0,12,0,12,11,18,0,12,0,12,0,12,0,12,0,12,0,12,0,12,33,53,0,12,0,12,0,12,1889,460,123,87,1889,460,23,35,99,107,50,54,0,12,1889,460,251,138,0,12,0,12,739,235,857,430,0,12
"1112","060376700031","Block Group 1, Census Tract 6700.03, Los Angeles County, California",814,304,0,12,0,12,0,12,0,12,0,12,0,12,0,12,0,12,0,12,0,12,0,12,0,12,0,12,0,12,0,12,0,12,2,5,0,12,0,12,0,12,0,12,0,12,0,12,0,12,856,325,11,17,856,325,0,12,48,69,0,12,0,12,870,325,0,12,0,12,30,47,507,233,306,173,0,12
"1113","060379106021","Block Group 1, Census Tract 9106.02, Los Angeles County, California",4059,371,0,12,7,13,0,12,0,12,0,12,0,12,0,12,0,12,295,161,109,76,0,12,10,15,0,12,0,12,0,12,0,12,16,23,62,60,0,12,0,12,0,12,0,12,0,12,0,12,4433,312,1125,390,4376,320,4,9,172,84,77,70,0,12,4433,312,142,140,33,48,682,157,735,153,2751,432,78,122
"1114","060379200361","Block Group 1, Census Tract 9200.36, Los Angeles County, California",954,285,0,12,0,12,0,12,0,12,0,12,0,12,0,12,0,12,38,40,10,15,0,12,0,12,0,12,0,12,0,12,0,12,0,12,0,12,0,12,0,12,0,12,0,12,0,12,0,12,984,293,339,243,984,293,58,84,20,28,58,71,0,12,984,293,16,18,0,12,5,6,272,84,668,273,0,12
"1115","060379200362","Block Group 2, Census Tract 9200.36, Los Angeles County, California",688,228,0,12,0,12,0,12,0,12,0,12,0,12,0,12,0,12,54,63,0,12,0,12,0,12,0,12,0,12,0,12,0,12,24,36,0,12,0,12,0,12,0,12,0,12,0,12,0,12,775,283,153,189,775,283,22,29,6,9,63,75,0,12,775,283,0,12,0,12,34,32,110,69,600,274,5,9
"1116","060379200364","Block Group 4, Census Tract 9200.36, Los Angeles County, California",769,219,0,12,0,12,0,12,0,12,0,12,0,12,0,12,0,12,18,20,9,12,0,12,0,12,0,12,0,12,0,12,0,12,29,26,10,15,0,12,0,12,0,12,0,12,0,12,0,12,780,224,65,64,780,224,0,12,34,40,39,32,0,12,780,224,46,41,0,12,0,12,228,123,475,200,0,12
"1117","060379203133","Block Group 3, Census Tract 9203.13, Los Angeles County, California",508,130,0,12,0,12,0,12,0,12,0,12,0,12,0,12,0,12,0,12,0,12,0,12,0,12,0,12,0,12,0,12,0,12,0,12,0,12,0,12,0,12,0,12,0,12,0,12,0,12,494,130,12,19,494,130,0,12,0,12,0,12,0,12,509,130,61,77,0,12,5,5,295,100,147,101,0,12
"1118","060379203131","Block Group 1, Census Tract 9203.13, Los Angeles County, California",1486,435,0,12,0,12,0,12,0,12,0,12,0,12,0,12,0,12,66,70,0,12,0,12,0,12,0,12,9,15,0,12,0,12,0,12,31,44,0,12,0,12,0,12,0,12,0,12,0,12,1626,473,105,85,1626,473,24,38,10,16,59,57,0,12,1626,473,80,87,0,12,0,12,654,215,858,519,0,12
"1119","060379203132","Block Group 2, Census Tract 9203.13, Los Angeles County, California",645,264,0,12,0,12,0,12,0,12,0,12,0,12,0,12,0,12,84,124,0,12,0,12,0,12,0,12,0,12,0,12,0,12,0,12,0,12,0,12,0,12,0,12,0,12,0,12,0,12,685,283,233,257,685,283,0,12,13,18,121,105,0,12,685,283,0,12,0,12,18,29,230,106,414,277,0,12
"1120","060379203344","Block Group 4, Census Tract 9203.34, Los Angeles County, California",1372,344,0,12,0,12,0,12,0,12,0,12,0,12,0,12,0,12,3,7,0,12,0,12,0,12,0,12,0,12,0,12,0,12,0,12,0,12,0,12,0,12,0,12,0,12,0,12,0,12,1430,361,22,26,1430,361,0,12,0,12,0,12,0,12,1430,361,72,100,0,12,14,21,860,230,349,311,0,12
"1121","060379203342","Block Group 2, Census Tract 9203.34, Los Angeles County, California",1311,448,0,12,0,12,0,12,0,12,0,12,0,12,6,13,0,12,0,12,0,12,0,12,0,12,0,12,0,12,0,12,0,12,0,12,0,12,0,12,0,12,0,12,0,12,0,12,0,12,1365,452,213,312,1365,452,0,12,0,12,0,12,0,12,1365,452,39,42,0,12,65,114,973,450,267,163,0,12
"1122","060371031012","Block Group 2, Census Tract 1031.01, Los Angeles County, California",800,136,0,12,0,12,0,12,0,12,0,12,6,8,0,12,0,12,4,8,0,12,13,14,17,25,0,12,0,12,0,12,0,12,0,12,4,9,0,12,0,12,7,10,0,12,0,12,0,12,939,159,21,25,939,159,13,16,0,12,8,11,10,12,939,159,14,14,0,12,8,13,736,156,164,103,0,12
"1123","060371031011","Block Group 1, Census Tract 1031.01, Los Angeles County, California",1370,174,0,12,0,12,6,9,0,12,0,12,0,12,0,12,0,12,24,30,0,12,28,31,0,12,0,12,0,12,0,12,0,12,6,10,0,12,12,14,0,12,0,12,0,12,0,12,0,12,1489,211,94,60,1489,211,4,7,14,16,24,21,0,12,1489,211,150,66,0,12,10,13,1057,202,232,87,0,12
"1124","060376205012","Block Group 2, Census Tract 6205.01, Los Angeles County, California",727,301,0,12,0,12,0,12,0,12,0,12,0,12,0,12,0,12,0,12,0,12,0,12,0,12,0,12,0,12,0,12,0,12,0,12,0,12,0,12,0,12,0,12,0,12,0,12,0,12,779,327,17,25,779,327,0,12,1,3,19,30,0,12,779,327,177,153,0,12,0,12,463,202,48,72,34,51
"1125","060376205014","Block Group 4, Census Tract 6205.01, Los Angeles County, California",864,330,0,12,0,12,0,12,0,12,0,12,0,12,0,12,0,12,0,12,0,12,0,12,0,12,0,12,0,12,0,12,0,12,0,12,0,12,0,12,0,12,0,12,0,12,0,12,0,12,933,346,48,80,933,346,37,43,20,32,35,54,0,12,933,346,98,96,22,34,34,38,534,307,0,12,0,12
"1126","060376205016","Block Group 6, Census Tract 6205.01, Los Angeles County, California",928,226,0,12,0,12,0,12,0,12,0,12,0,12,0,12,0,12,22,36,0,12,0,12,0,12,0,12,0,12,0,12,0,12,17,27,0,12,15,24,0,12,0,12,0,12,0,12,0,12,928,226,30,34,928,226,0,12,0,12,0,12,0,12,928,226,131,93,0,12,0,12,610,214,132,125,22,36
"1127","060376704073","Block Group 3, Census Tract 6704.07, Los Angeles County, California",1539,430,0,12,0,12,19,31,0,12,0,12,0,12,0,12,0,12,0,12,0,12,0,12,0,12,30,36,0,12,0,12,0,12,16,26,0,12,0,12,0,12,0,12,0,12,0,12,0,12,1608,450,81,109,1608,450,0,12,0,12,0,12,0,12,1608,450,959,494,0,12,42,66,475,187,122,102,0,12
"1128","060376704072","Block Group 2, Census Tract 6704.07, Los Angeles County, California",1461,326,0,12,0,12,0,12,0,12,0,12,0,12,0,12,0,12,0,12,0,12,0,12,0,12,80,73,0,12,0,12,0,12,0,12,0,12,0,12,0,12,21,33,29,45,0,12,0,12,1461,326,63,57,1461,326,0,12,0,12,54,58,0,12,1461,326,668,289,19,31,20,32,485,180,253,279,0,12
"1129","060376206011","Block Group 1, Census Tract 6206.01, Los Angeles County, California",807,251,0,12,0,12,0,12,0,12,0,12,0,12,0,12,0,12,0,12,0,12,0,12,0,12,0,12,0,12,0,12,0,12,0,12,0,12,26,38,0,12,0,12,0,12,0,12,0,12,850,258,17,29,850,258,0,12,0,12,0,12,0,12,850,258,196,134,0,12,16,26,300,104,290,233,0,12
"1130","060376206013","Block Group 3, Census Tract 6206.01, Los Angeles County, California",1015,220,0,12,0,12,0,12,0,12,0,12,0,12,0,12,0,12,8,14,0,12,0,12,0,12,0,12,0,12,0,12,0,12,0,12,0,12,0,12,0,12,0,12,0,12,0,12,0,12,1148,278,54,88,1148,278,0,12,17,26,0,12,0,12,1148,278,227,235,0,12,68,76,672,207,162,111,0,12
"1131","060376208001","Block Group 1, Census Tract 6208, Los Angeles County, California",626,187,0,12,0,12,0,12,0,12,0,12,0,12,0,12,0,12,0,12,0,12,0,12,0,12,0,12,0,12,0,12,0,12,0,12,0,12,0,12,0,12,0,12,0,12,0,12,0,12,626,187,79,73,626,187,0,12,0,12,0,12,0,12,626,187,184,183,0,12,0,12,409,138,21,34,0,12
"1132","060376208006","Block Group 6, Census Tract 6208, Los Angeles County, California",687,205,0,12,0,12,0,12,0,12,0,12,0,12,0,12,0,12,0,12,0,12,0,12,0,12,0,12,0,12,0,12,0,12,0,12,0,12,0,12,0,12,0,12,0,12,0,12,0,12,834,309,0,12,834,309,0,12,0,12,0,12,0,12,834,309,271,270,0,12,40,62,388,200,40,49,0,12
"1133","060376208004","Block Group 4, Census Tract 6208, Los Angeles County, California",906,260,0,12,0,12,0,12,0,12,0,12,0,12,0,12,0,12,19,31,0,12,0,12,0,12,0,12,0,12,0,12,0,12,0,12,0,12,0,12,0,12,0,12,0,12,0,12,0,12,932,277,0,12,932,277,29,44,0,12,15,23,0,12,932,277,101,91,0,12,0,12,724,263,78,129,0,12
"1134","060376208005","Block Group 5, Census Tract 6208, Los Angeles County, California",1031,277,0,12,0,12,0,12,0,12,0,12,0,12,0,12,0,12,0,12,0,12,0,12,0,12,0,12,0,12,0,12,0,12,0,12,0,12,0,12,0,12,0,12,0,12,0,12,0,12,1141,309,0,12,1141,309,0,12,0,12,0,12,0,12,1141,309,85,81,18,29,0,12,912,262,96,106,0,12
"1135","060376208007","Block Group 7, Census Tract 6208, Los Angeles County, California",653,229,0,12,0,12,0,12,0,12,0,12,0,12,0,12,0,12,0,12,0,12,0,12,0,12,0,12,0,12,0,12,0,12,0,12,0,12,0,12,0,12,0,12,0,12,0,12,0,12,671,245,0,12,685,250,98,110,0,12,71,86,0,12,685,250,125,171,0,12,0,12,497,220,63,62,0,12
"1136","060376208008","Block Group 8, Census Tract 6208, Los Angeles County, California",1333,427,0,12,0,12,0,12,24,39,0,12,0,12,0,12,0,12,0,12,0,12,23,38,0,12,0,12,0,12,0,12,0,12,0,12,0,12,0,12,0,12,0,12,0,12,0,12,0,12,1390,445,3,7,1390,445,14,23,0,12,43,47,0,12,1390,445,231,202,0,12,0,12,757,400,299,229,0,12
"1137","060371925201","Block Group 1, Census Tract 1925.20, Los Angeles County, California",2820,457,0,12,0,12,0,12,0,12,0,12,0,12,0,12,0,12,357,148,247,153,0,12,0,12,36,47,0,12,0,12,0,12,22,20,163,99,6,10,0,12,12,19,0,12,0,12,0,12,2968,471,565,262,2968,471,19,30,311,205,421,169,91,84,2968,471,260,146,47,74,33,34,201,98,2404,479,0,12
"1138","060371926103","Block Group 3, Census Tract 1926.10, Los Angeles County, California",1428,356,0,12,0,12,0,12,0,12,0,12,0,12,0,12,0,12,117,83,99,107,0,12,0,12,14,17,0,12,0,12,0,12,34,31,0,12,0,12,18,29,0,12,0,12,0,12,0,12,1503,367,407,216,1503,367,13,21,213,120,102,92,29,45,1503,367,178,111,0,12,71,60,419,152,816,389,0,12
"1139","060371926102","Block Group 2, Census Tract 1926.10, Los Angeles County, California",706,268,0,12,0,12,0,12,0,12,0,12,0,12,0,12,0,12,67,55,29,31,0,12,0,12,0,12,0,12,0,12,0,12,65,77,39,45,12,19,0,12,0,12,0,12,0,12,0,12,736,270,82,75,741,270,0,12,69,74,0,12,14,23,741,270,56,64,0,12,42,58,49,38,580,257,0,12
"1140","060371311002","Block Group 2, Census Tract 1311, Los Angeles County, California",546,154,5,12,0,12,0,12,0,12,0,12,0,12,0,12,0,12,7,16,0,12,0,12,0,12,0,12,0,12,0,12,0,12,0,12,0,12,0,12,0,12,7,12,7,12,0,12,0,12,556,155,57,69,556,155,0,12,12,19,0,12,0,12,556,155,81,62,0,12,0,12,381,116,80,108,0,12
"1141","060371311003","Block Group 3, Census Tract 1311, Los Angeles County, California",1111,312,0,12,0,12,0,12,0,12,0,12,0,12,0,12,0,12,64,47,0,12,0,12,0,12,0,12,0,12,0,12,0,12,31,36,0,12,13,21,0,12,0,12,0,12,0,12,0,12,1250,375,77,60,1250,375,0,12,27,32,60,62,0,12,1250,375,5,9,0,12,0,12,442,167,753,360,0,12
"1142","060375424023","Block Group 3, Census Tract 5424.02, Los Angeles County, California",970,270,13,22,0,12,0,12,0,12,0,12,0,12,0,12,0,12,90,63,57,48,0,12,0,12,6,8,5,8,0,12,0,12,10,12,5,9,0,12,0,12,0,12,0,12,0,12,0,12,1056,307,92,65,1056,307,49,79,43,59,16,17,0,12,1056,307,17,25,0,12,365,179,12,18,662,301,0,12
"1143","060375424021","Block Group 1, Census Tract 5424.02, Los Angeles County, California",1167,277,16,18,0,12,0,12,0,12,0,12,0,12,0,12,0,12,103,68,42,44,0,12,0,12,0,12,0,12,0,12,0,12,8,9,19,29,0,12,0,12,0,12,0,12,0,12,0,12,1209,289,234,145,1209,289,18,19,43,38,69,48,0,12,1209,289,2,4,0,12,255,133,6,5,946,296,0,12
"1144","060375402022","Block Group 2, Census Tract 5402.02, Los Angeles County, California",2749,448,0,12,58,68,0,12,0,12,0,12,0,12,0,12,0,12,288,98,135,62,0,12,0,12,54,72,0,12,0,12,0,12,79,53,41,31,0,12,0,12,4,8,0,12,0,12,0,12,2655,500,789,312,2684,493,58,68,232,125,227,114,0,12,2966,500,113,115,0,12,153,110,153,100,2537,478,0,12
"1145","060375403004","Block Group 4, Census Tract 5403, Los Angeles County, California",1721,380,18,30,0,12,0,12,0,12,0,12,0,12,0,12,0,12,94,67,111,73,0,12,0,12,0,12,0,12,0,12,0,12,66,52,51,43,0,12,0,12,0,12,0,12,0,12,0,12,1905,433,223,179,1899,428,0,12,132,93,101,103,0,12,1905,433,0,12,0,12,0,12,0,12,1905,433,0,12
"1146","060375403001","Block Group 1, Census Tract 5403, Los Angeles County, California",973,343,0,12,0,12,0,12,0,12,0,12,0,12,0,12,0,12,54,49,19,27,0,12,0,12,0,12,0,12,0,12,0,12,7,11,97,84,0,12,0,12,0,12,0,12,0,12,0,12,1086,375,65,93,1086,375,7,12,81,63,84,73,33,50,1086,375,79,122,0,12,0,12,0,12,1007,361,0,12
"1147","060375403003","Block Group 3, Census Tract 5403, Los Angeles County, California",479,260,0,12,0,12,0,12,0,12,0,12,0,12,0,12,0,12,81,60,90,102,0,12,0,12,0,12,0,12,0,12,0,12,0,12,11,16,0,12,0,12,0,12,0,12,0,12,0,12,495,262,141,132,495,262,0,12,122,192,11,18,0,12,495,262,0,12,0,12,0,12,0,12,495,262,0,12
"1148","060375403002","Block Group 2, Census Tract 5403, Los Angeles County, California",1168,356,0,12,0,12,0,12,0,12,0,12,0,12,0,12,0,12,106,61,48,39,0,12,0,12,0,12,0,12,0,12,0,12,45,38,26,27,0,12,0,12,0,12,0,12,0,12,0,12,1242,393,155,149,1242,393,16,24,39,47,93,76,16,24,1242,393,0,12,0,12,11,17,47,39,1184,399,0,12
"1149","060375405014","Block Group 4, Census Tract 5405.01, Los Angeles County, California",1383,562,0,12,0,12,0,12,0,12,0,12,0,12,0,12,0,12,264,147,101,87,0,12,0,12,0,12,0,12,0,12,0,12,0,12,0,12,0,12,0,12,0,12,0,12,0,12,0,12,1496,555,202,156,1496,555,13,24,154,142,171,118,0,12,1496,555,0,12,0,12,44,36,0,12,1441,560,11,18
"1150","060375405013","Block Group 3, Census Tract 5405.01, Los Angeles County, California",1607,359,27,34,0,12,0,12,0,12,0,12,0,12,0,12,0,12,175,104,0,12,0,12,0,12,0,12,0,12,0,12,0,12,104,67,14,20,0,12,0,12,0,12,0,12,0,12,0,12,1699,406,159,140,1699,406,26,40,122,90,87,64,0,12,1699,406,0,12,0,12,185,142,0,12,1514,437,0,12
"1151","060375405011","Block Group 1, Census Tract 5405.01, Los Angeles County, California",588,281,0,12,0,12,0,12,0,12,0,12,0,12,0,12,0,12,50,55,30,32,0,12,0,12,0,12,0,12,0,12,0,12,0,12,28,48,0,12,0,12,0,12,0,12,0,12,0,12,612,298,146,136,612,298,0,12,28,44,50,78,0,12,612,298,0,12,0,12,0,12,9,5,603,297,0,12
"1152","060375405012","Block Group 2, Census Tract 5405.01, Los Angeles County, California",2846,520,13,22,24,36,0,12,0,12,0,12,0,12,0,12,0,12,82,67,112,74,0,12,0,12,0,12,0,12,0,12,0,12,0,12,0,12,0,12,0,12,0,12,0,12,0,12,0,12,929,379,154,230,929,379,57,64,47,44,86,88,0,12,2906,536,65,50,0,12,473,139,514,138,1799,433,7,13
"1153","060375410011","Block Group 1, Census Tract 5410.01, Los Angeles County, California",1012,134,0,12,0,12,0,12,0,12,0,12,0,12,0,12,0,12,67,55,38,32,0,12,0,12,21,17,0,12,0,12,0,12,8,12,5,7,0,12,0,12,17,25,14,20,0,12,0,12,1137,144,116,69,1137,144,11,12,10,14,68,35,0,12,1144,146,90,60,0,12,557,168,42,32,455,126,0,12
"1154","060375425024","Block Group 4, Census Tract 5425.02, Los Angeles County, California",2159,541,0,12,0,12,0,12,0,12,0,12,0,12,0,12,0,12,156,113,153,145,0,12,0,12,0,12,0,12,0,12,0,12,0,12,0,12,0,12,0,12,0,12,0,12,0,12,0,12,2255,564,731,400,2255,564,13,22,100,66,98,67,0,12,2255,564,0,12,0,12,723,305,12,29,1467,508,0,12
"1155","060375425022","Block Group 2, Census Tract 5425.02, Los Angeles County, California",591,268,14,21,0,12,0,12,0,12,0,12,0,12,0,12,0,12,92,105,26,30,0,12,0,12,0,12,0,12,0,12,0,12,19,27,0,12,0,12,0,12,0,12,0,12,0,12,0,12,740,350,510,316,740,350,0,12,0,12,49,61,0,12,740,350,0,12,0,12,106,111,0,12,634,336,0,12
"1156","060375426013","Block Group 3, Census Tract 5426.01, Los Angeles County, California",1223,305,0,12,0,12,0,12,0,12,0,12,0,12,0,12,0,12,177,77,139,80,0,12,0,12,0,12,0,12,0,12,0,12,0,12,14,21,0,12,0,12,0,12,0,12,0,12,0,12,1391,348,208,162,1391,348,9,15,67,41,104,63,14,21,1391,348,0,12,0,12,93,82,5,8,1293,349,0,12
"1157","060375426012","Block Group 2, Census Tract 5426.01, Los Angeles County, California",915,213,0,12,0,12,0,12,0,12,0,12,0,12,0,12,0,12,76,47,22,23,0,12,0,12,0,12,0,12,0,12,0,12,40,30,1,4,0,12,0,12,0,12,0,12,0,12,0,12,989,228,527,204,992,229,0,12,8,12,52,40,0,12,992,229,1,3,13,20,263,89,12,18,703,234,0,12
"1158","060375426021","Block Group 1, Census Tract 5426.02, Los Angeles County, California",1756,498,23,38,0,12,0,12,0,12,0,12,0,12,0,12,0,12,155,82,143,104,0,12,0,12,0,12,0,12,0,12,0,12,50,60,0,12,0,12,0,12,0,12,0,12,0,12,0,12,1819,501,366,302,1819,501,42,41,177,117,98,79,0,12,1819,501,0,12,0,12,436,207,45,45,1316,472,0,12
"1159","060375433223","Block Group 3, Census Tract 5433.22, Los Angeles County, California",2724,509,0,12,0,12,0,12,0,12,0,12,0,12,0,12,0,12,44,50,0,12,0,12,0,12,0,12,0,12,0,12,0,12,0,12,0,12,0,12,0,12,0,12,0,12,0,12,0,12,2781,522,241,246,2781,522,0,12,29,48,92,74,0,12,2790,522,15,26,0,12,2234,501,118,140,378,203,0,12
"1160","060375433225","Block Group 5, Census Tract 5433.22, Los Angeles County, California",1892,564,0,12,0,12,0,12,0,12,0,12,0,12,0,12,0,12,0,12,0,12,0,12,0,12,0,12,0,12,0,12,0,12,16,27,0,12,0,12,0,12,0,12,0,12,0,12,84,117,1946,570,29,34,1946,570,0,12,36,56,30,32,0,12,1946,570,137,238,283,300,1361,576,13,30,152,131,0,12
"1161","060375433222","Block Group 2, Census Tract 5433.22, Los Angeles County, California",1643,408,0,12,0,12,0,12,0,12,0,12,0,12,0,12,0,12,40,61,0,12,0,12,0,12,0,12,0,12,0,12,0,12,0,12,0,12,0,12,0,12,0,12,0,12,0,12,0,12,1746,431,0,12,1746,431,0,12,0,12,30,49,0,12,1750,431,223,283,0,12,1058,473,1,5,152,210,96,153
"1162","060374012012","Block Group 2, Census Tract 4012.01, Los Angeles County, California",1823,306,0,12,0,12,0,12,0,12,0,12,0,12,0,12,0,12,0,12,20,23,4,10,0,12,47,58,0,12,0,12,0,12,0,12,0,12,0,12,0,12,0,12,0,12,0,12,0,12,1997,321,135,144,1997,321,0,12,14,21,22,28,0,12,1997,321,118,83,22,27,14,22,995,285,731,133,0,12
"1163","060374016013","Block Group 3, Census Tract 4016.01, Los Angeles County, California",1742,521,0,12,0,12,0,12,0,12,0,12,0,12,0,12,0,12,0,12,0,12,0,12,0,12,0,12,0,12,0,12,0,12,0,12,0,12,0,12,0,12,20,31,0,12,0,12,0,12,1883,550,197,225,1883,550,2,14,7,13,47,58,0,12,1895,550,249,205,0,12,91,145,793,345,720,317,0,12
"1164","060374016011","Block Group 1, Census Tract 4016.01, Los Angeles County, California",842,211,0,12,0,12,0,12,0,12,0,12,0,12,0,12,0,12,20,33,0,12,24,34,0,12,0,12,0,12,0,12,0,12,0,12,0,12,0,12,0,12,0,12,0,12,0,12,0,12,842,211,14,24,842,211,0,12,0,12,0,12,0,12,842,211,135,101,0,12,0,12,514,150,171,112,22,35
"1165","060374021013","Block Group 3, Census Tract 4021.01, Los Angeles County, California",1873,487,0,12,0,12,0,12,0,12,0,12,0,12,0,12,0,12,37,37,53,49,0,12,0,12,12,18,0,12,0,12,0,12,0,12,52,65,0,12,0,12,7,10,0,12,0,12,0,12,1950,518,207,200,1950,518,6,10,26,44,48,65,0,12,1950,518,26,39,0,12,185,123,5,8,1707,484,23,28
"1166","060374021012","Block Group 2, Census Tract 4021.01, Los Angeles County, California",1325,402,0,12,0,12,0,12,0,12,0,12,0,12,0,12,0,12,66,50,58,65,0,12,0,12,0,12,0,12,0,12,0,12,25,32,11,18,0,12,0,12,0,12,0,12,0,12,0,12,1500,512,386,315,1500,512,0,12,20,32,80,73,0,12,1500,512,85,122,0,12,95,116,35,49,1285,508,0,12
"1167","060372095201","Block Group 1, Census Tract 2095.20, Los Angeles County, California",1657,243,0,12,0,12,0,12,0,12,10,15,0,12,0,12,0,12,267,82,123,58,0,12,0,12,28,28,0,12,0,12,0,12,37,25,0,12,0,12,0,12,5,7,0,12,0,12,0,12,1884,282,657,224,1884,282,62,63,273,107,287,92,5,7,1884,282,94,50,0,12,55,34,76,42,1659,272,0,12
"1168","060372114101","Block Group 1, Census Tract 2114.10, Los Angeles County, California",1895,306,20,31,0,12,0,12,0,12,0,12,0,12,0,12,0,12,198,107,92,89,0,12,0,12,105,49,36,48,0,12,0,12,0,12,13,21,0,12,0,12,0,12,3,8,0,12,19,29,1940,329,281,201,1940,329,0,12,219,102,187,119,0,12,1978,319,857,224,0,12,41,45,280,155,757,274,0,12
"1169","060372115002","Block Group 2, Census Tract 2115, Los Angeles County, California",2200,297,10,15,0,12,0,12,0,12,0,12,0,12,0,12,0,12,96,70,129,157,0,12,0,12,163,95,0,12,0,12,0,12,24,38,19,30,0,12,0,12,19,20,63,59,0,12,0,12,2294,306,231,121,2294,306,0,12,68,48,115,75,0,12,2294,306,1120,234,0,12,123,87,395,146,604,265,0,12
"1170","060372115001","Block Group 1, Census Tract 2115, Los Angeles County, California",1014,245,0,12,0,12,0,12,0,12,0,12,0,12,0,12,0,12,22,37,0,12,0,12,0,12,63,66,22,34,0,12,0,12,0,12,0,12,0,12,0,12,14,26,29,43,0,12,0,12,1034,248,86,59,1034,248,6,10,27,43,164,128,0,12,1034,248,523,264,0,12,52,37,325,165,115,72,0,12
"1171","060372124202","Block Group 2, Census Tract 2124.20, Los Angeles County, California",1427,262,81,74,0,12,0,12,0,12,0,12,0,12,0,12,0,12,139,85,178,97,0,12,0,12,109,69,0,12,0,12,0,12,15,24,27,41,0,12,0,12,0,12,10,15,0,12,0,12,1580,304,494,284,1580,304,63,73,149,74,139,76,0,12,1580,304,418,170,0,12,137,94,89,55,897,302,0,12
"1172","060372128002","Block Group 2, Census Tract 2128, Los Angeles County, California",970,338,0,12,0,12,0,12,0,12,0,12,0,12,0,12,0,12,0,12,30,48,0,12,0,12,51,63,0,12,0,12,0,12,0,12,8,14,0,12,0,12,0,12,0,12,0,12,0,12,1020,353,131,90,1020,353,0,12,0,12,91,75,0,12,1020,353,130,94,0,12,196,226,306,165,354,290,0,12
"1173","060372128001","Block Group 1, Census Tract 2128, Los Angeles County, California",1504,308,0,12,0,12,0,12,0,12,0,12,0,12,0,12,0,12,50,54,0,12,0,12,0,12,102,121,0,12,0,12,0,12,0,12,0,12,0,12,0,12,0,12,0,12,0,12,0,12,1638,345,297,234,1650,349,12,19,10,18,31,44,0,12,1650,349,743,222,0,12,194,156,289,202,306,243,12,19
"1174","060376702021","Block Group 1, Census Tract 6702.02, Los Angeles County, California",2477,183,0,12,0,12,0,12,0,12,0,12,0,12,0,12,0,12,26,31,0,12,0,12,0,12,41,34,0,12,0,12,0,12,0,12,0,12,0,12,0,12,15,24,0,12,0,12,0,12,2626,204,52,42,2637,204,6,9,34,33,58,58,0,12,2637,204,534,88,0,12,25,30,1473,153,481,249,0,12
"1175","060379200171","Block Group 1, Census Tract 9200.17, Los Angeles County, California",1231,334,0,12,0,12,0,12,0,12,0,12,0,12,13,20,0,12,5,12,0,12,0,12,0,12,0,12,0,12,0,12,0,12,18,28,13,23,0,12,0,12,0,12,0,12,0,12,0,12,1264,344,71,65,1264,344,0,12,27,29,10,17,9,17,1264,344,65,64,0,12,7,15,785,214,326,221,0,12
"1176","060375437011","Block Group 1, Census Tract 5437.01, Los Angeles County, California",1386,221,0,12,0,12,0,12,0,12,0,12,4,7,0,12,0,12,122,72,0,12,0,12,0,12,30,18,4,7,0,12,0,12,12,13,0,12,0,12,0,12,0,12,0,12,0,12,0,12,1572,240,82,112,1572,240,0,12,40,37,46,61,0,12,1572,240,612,158,96,96,0,12,31,25,825,227,0,12
"1177","060375437023","Block Group 3, Census Tract 5437.02, Los Angeles County, California",787,397,0,12,0,12,0,12,0,12,0,12,0,12,0,12,0,12,18,20,15,18,0,12,0,12,0,12,0,12,0,12,0,12,65,77,0,12,0,12,0,12,0,12,0,12,0,12,0,12,798,398,67,74,798,398,0,12,45,52,16,13,0,12,798,398,149,206,0,12,125,183,78,50,415,330,0,12
"1178","060375437022","Block Group 2, Census Tract 5437.02, Los Angeles County, California",2636,552,30,44,0,12,0,12,0,12,0,12,0,12,0,12,0,12,210,152,135,94,0,12,0,12,23,36,0,12,0,12,0,12,27,25,35,41,0,12,0,12,0,12,0,12,0,12,0,12,2736,559,567,278,2736,559,0,12,184,101,126,93,25,38,2736,559,582,246,0,12,294,262,105,91,1744,513,0,12
"1179","060375438012","Block Group 2, Census Tract 5438.01, Los Angeles County, California",1172,334,0,12,0,12,0,12,0,12,0,12,7,11,0,12,0,12,65,70,0,12,0,12,0,12,25,28,0,12,0,12,0,12,9,13,9,14,0,12,0,12,0,12,0,12,0,12,0,12,1330,394,0,12,1337,397,0,12,9,16,59,51,0,12,1337,397,629,290,0,12,0,12,112,103,587,330,0,12
"1180","060375438011","Block Group 1, Census Tract 5438.01, Los Angeles County, California",2761,428,27,42,0,12,0,12,0,12,0,12,0,12,0,12,0,12,77,81,9,14,0,12,0,12,28,32,0,12,0,12,0,12,0,12,23,24,0,12,8,14,39,27,25,32,0,12,0,12,2946,500,202,81,2946,500,48,53,85,71,163,98,11,17,2951,501,946,352,0,12,317,345,357,112,1163,408,57,70
"1181","060375438013","Block Group 3, Census Tract 5438.01, Los Angeles County, California",807,328,0,12,0,12,0,12,0,12,0,12,0,12,0,12,0,12,0,12,0,12,0,12,0,12,10,17,0,12,0,12,0,12,26,24,12,18,0,12,0,12,0,12,13,20,0,12,0,12,871,348,46,33,871,348,0,12,30,43,0,12,0,12,871,348,267,133,0,12,205,250,164,180,209,182,0,12
"1182","060375513001","Block Group 1, Census Tract 5513, Los Angeles County, California",2133,417,0,12,0,12,0,12,0,12,13,19,0,12,0,12,0,12,176,120,103,72,0,12,0,12,21,41,0,12,0,12,0,12,66,91,0,12,0,12,0,12,25,38,0,12,0,12,0,12,2216,422,217,179,2216,422,0,12,27,28,293,141,0,12,2216,422,157,150,0,12,11,17,202,106,1846,395,0,12
"1183","060372212102","Block Group 2, Census Tract 2212.10, Los Angeles County, California",2014,319,32,29,0,12,0,12,0,12,0,12,0,12,0,12,0,12,312,109,86,66,0,12,0,12,54,45,0,12,0,12,0,12,88,52,16,16,0,12,0,12,35,29,19,23,0,12,0,12,2095,313,499,182,2095,313,24,34,70,45,288,127,24,22,2095,313,224,99,0,12,179,94,100,57,1562,283,0,12
"1184","060374633001","Block Group 1, Census Tract 4633, Los Angeles County, California",1080,155,0,12,0,12,0,12,0,12,15,25,0,12,0,12,0,12,60,65,0,12,0,12,0,12,7,11,0,12,0,12,0,12,0,12,0,12,19,27,0,12,7,12,24,28,0,12,0,12,1140,169,134,72,1140,169,0,12,17,16,5,8,0,12,1140,169,262,91,0,12,87,50,445,97,323,143,0,12
"1185","060374633002","Block Group 2, Census Tract 4633, Los Angeles County, California",764,131,0,12,0,12,0,12,0,12,0,12,0,12,0,12,0,12,0,12,0,12,0,12,0,12,0,12,9,13,0,12,0,12,0,12,0,12,0,12,0,12,33,37,0,12,0,12,0,12,830,139,20,23,830,139,0,12,0,12,9,13,0,12,830,139,258,93,0,12,6,10,470,93,81,57,0,12
"1186","060374308023","Block Group 3, Census Tract 4308.02, Los Angeles County, California",736,226,0,12,0,12,0,12,0,12,20,16,0,12,0,12,0,12,0,12,0,12,0,12,0,12,82,56,0,12,0,12,0,12,0,12,0,12,0,12,0,12,48,38,14,22,0,12,0,12,736,226,101,91,736,226,0,12,10,16,0,12,0,12,736,226,622,218,0,12,0,12,44,38,12,19,31,50
"1187","060374308021","Block Group 1, Census Tract 4308.02, Los Angeles County, California",686,213,0,12,0,12,0,12,0,12,0,12,0,12,0,12,0,12,0,12,0,12,0,12,0,12,70,65,27,42,0,12,0,12,0,12,0,12,0,12,16,24,0,12,0,12,0,12,0,12,700,224,56,71,700,224,0,12,0,12,0,12,0,12,700,224,497,207,0,12,0,12,169,103,34,54,0,12
"1188","060374308024","Block Group 4, Census Tract 4308.02, Los Angeles County, California",1012,298,0,12,0,12,0,12,0,12,0,12,0,12,0,12,0,12,0,12,0,12,0,12,0,12,26,30,25,28,0,12,0,12,0,12,0,12,0,12,0,12,0,12,25,27,0,12,0,12,1044,300,67,71,1044,300,0,12,0,12,24,37,9,15,1044,300,884,321,0,12,0,12,110,62,26,42,0,12
"1189","060374308022","Block Group 2, Census Tract 4308.02, Los Angeles County, California",2022,510,0,12,0,12,0,12,0,12,10,14,0,12,0,12,0,12,0,12,30,47,0,12,0,12,156,134,6,11,0,12,0,12,29,44,0,12,0,12,0,12,69,81,20,30,0,12,0,12,2106,532,631,379,2106,532,17,25,6,11,6,11,0,12,2106,532,1410,505,0,12,15,24,277,145,393,283,0,12
"1190","060374319001","Block Group 1, Census Tract 4319, Los Angeles County, California",1479,326,0,12,0,12,0,12,0,12,6,22,0,12,0,12,0,12,0,12,0,12,0,12,0,12,144,99,58,74,0,12,0,12,0,12,0,12,0,12,0,12,25,31,0,12,0,12,0,12,1603,350,437,262,1603,350,0,12,0,12,55,77,0,12,1603,350,1031,345,40,64,110,168,253,143,150,181,0,12
"1191","060374319003","Block Group 3, Census Tract 4319, Los Angeles County, California",1626,321,0,12,0,12,0,12,0,12,0,12,0,12,0,12,0,12,0,12,0,12,0,12,0,12,184,107,8,13,0,12,0,12,0,12,0,12,0,12,0,12,69,43,8,13,0,12,0,12,1714,334,99,94,1714,334,17,27,45,45,25,20,0,12,1714,334,1088,304,0,12,8,16,327,163,270,164,0,12
"1192","060374319002","Block Group 2, Census Tract 4319, Los Angeles County, California",1034,244,14,22,0,12,0,12,0,12,0,12,0,12,0,12,0,12,29,31,68,110,0,12,0,12,56,55,0,12,0,12,0,12,17,22,0,12,0,12,0,12,34,32,0,12,12,18,0,12,1083,268,212,232,1083,268,0,12,63,73,12,19,0,12,1083,268,405,173,0,12,0,12,215,124,432,158,0,12
"1193","060374607005","Block Group 5, Census Tract 4607, Los Angeles County, California",1498,354,0,12,0,12,28,46,0,12,0,12,0,12,0,12,0,12,0,12,0,12,0,12,0,12,40,40,0,12,0,12,0,12,0,12,0,12,0,12,0,12,7,13,0,12,0,12,0,12,1555,361,8,14,1555,361,0,12,0,12,22,38,0,12,1555,361,290,141,0,12,90,138,1006,337,75,91,0,12
"1194","060374607002","Block Group 2, Census Tract 4607, Los Angeles County, California",591,154,0,12,0,12,0,12,0,12,0,12,0,12,0,12,0,12,0,12,0,12,0,12,0,12,19,31,0,12,0,12,0,12,0,12,0,12,0,12,0,12,0,12,24,40,0,12,0,12,609,156,8,10,609,156,0,12,0,12,0,12,0,12,609,156,242,162,0,12,9,13,282,111,48,72,0,12
"1195","060374607003","Block Group 3, Census Tract 4607, Los Angeles County, California",740,197,0,12,0,12,0,12,0,12,0,12,0,12,0,12,0,12,0,12,0,12,0,12,0,12,0,12,0,12,0,12,0,12,0,12,0,12,0,12,0,12,0,12,0,12,0,12,0,12,740,197,0,12,740,197,0,12,0,12,0,12,0,12,740,197,98,77,0,12,17,26,591,195,12,18,0,12
"1196","060374607001","Block Group 1, Census Tract 4607, Los Angeles County, California",1012,353,0,12,0,12,9,13,0,12,0,12,0,12,0,12,0,12,44,49,0,12,0,12,0,12,8,15,0,12,0,12,0,12,0,12,9,14,0,12,0,12,0,12,0,12,0,12,0,12,1039,363,116,123,1039,363,16,28,112,122,23,34,0,12,1039,363,296,139,0,12,5,11,352,139,382,346,0,12
"1197","060374607004","Block Group 4, Census Tract 4607, Los Angeles County, California",1088,272,0,12,0,12,0,12,0,12,0,12,0,12,0,12,0,12,0,12,0,12,0,12,0,12,0,12,0,12,0,12,0,12,0,12,0,12,0,12,0,12,0,12,0,12,0,12,0,12,1196,280,21,34,1196,280,0,12,0,12,0,12,0,12,1196,280,402,176,0,12,20,31,608,172,98,111,0,12
"1198","060374621001","Block Group 1, Census Tract 4621, Los Angeles County, California",1049,257,0,12,0,12,0,12,0,12,0,12,0,12,0,12,0,12,48,75,0,12,0,12,0,12,0,12,0,12,0,12,0,12,22,25,0,12,0,12,0,12,95,97,11,18,0,12,0,12,1109,289,85,79,1109,289,0,12,9,12,59,77,0,12,1109,289,168,106,0,12,76,62,266,119,573,311,0,12
"1199","060374621002","Block Group 2, Census Tract 4621, Los Angeles County, California",2836,456,11,18,0,12,0,12,0,12,0,12,0,12,0,12,0,12,383,158,69,56,0,12,0,12,10,23,0,12,0,12,0,12,63,53,30,35,0,12,0,12,0,12,0,12,0,12,0,12,3124,519,862,475,3124,519,0,12,257,133,240,157,0,12,3124,519,232,139,0,12,162,120,319,151,2389,557,0,12
"1200","060374624001","Block Group 1, Census Tract 4624, Los Angeles County, California",1030,242,0,12,0,12,0,12,0,12,0,12,0,12,0,12,0,12,3,6,0,12,0,12,0,12,0,12,0,12,0,12,0,12,20,22,0,12,8,12,0,12,0,12,0,12,0,12,0,12,1042,238,148,74,1066,248,0,12,6,13,0,12,0,12,1073,248,59,50,38,57,54,53,686,218,160,105,33,47
"1201","060375730022","Block Group 2, Census Tract 5730.02, Los Angeles County, California",1829,401,11,16,0,12,0,12,0,12,14,15,0,12,0,12,0,12,218,116,25,40,0,12,0,12,43,38,0,12,0,12,0,12,0,12,0,12,0,12,0,12,0,12,0,12,0,12,0,12,1973,442,659,345,1973,442,0,12,211,120,128,117,0,12,1973,442,112,76,0,12,147,97,118,119,1560,455,0,12
"1202","060375742021","Block Group 1, Census Tract 5742.02, Los Angeles County, California",872,176,0,12,0,12,0,12,0,12,0,12,0,12,0,12,0,12,7,10,0,12,0,12,0,12,0,12,0,12,0,12,0,12,0,12,0,12,0,12,0,12,0,12,0,12,0,12,0,12,935,189,94,80,944,191,0,12,0,12,10,11,0,12,944,191,51,52,3,5,40,61,481,152,318,147,0,12
"1203","060375750011","Block Group 1, Census Tract 5750.01, Los Angeles County, California",1296,249,0,12,0,12,0,12,0,12,0,12,0,12,0,12,0,12,0,12,0,12,0,12,0,12,0,12,0,12,0,12,0,12,0,12,0,12,0,12,0,12,38,47,11,17,0,12,0,12,1343,265,64,55,1343,265,0,12,15,24,8,12,0,12,1343,265,324,258,0,12,101,116,647,215,234,158,0,12
"1204","060375758011","Block Group 1, Census Tract 5758.01, Los Angeles County, California",1179,201,0,12,0,12,0,12,0,12,0,12,0,12,0,12,0,12,186,72,86,44,0,12,0,12,0,12,0,12,0,12,0,12,0,12,0,12,0,12,0,12,0,12,0,12,0,12,0,12,1323,229,359,169,1320,231,47,36,137,91,161,85,0,12,1323,229,3,5,0,12,160,110,128,53,1032,220,0,12
"1205","060375774003","Block Group 3, Census Tract 5774, Los Angeles County, California",745,170,0,12,0,12,0,12,0,12,0,12,0,12,0,12,0,12,0,12,0,12,0,12,0,12,0,12,0,12,0,12,0,12,26,43,0,12,0,12,0,12,0,12,0,12,0,12,0,12,791,188,125,92,791,188,0,12,27,40,17,19,0,12,791,188,5,8,0,12,5,8,591,165,177,124,0,12
"1206","060375774002","Block Group 2, Census Tract 5774, Los Angeles County, California",581,176,0,12,0,12,0,12,0,12,0,12,0,12,0,12,0,12,0,12,0,12,0,12,0,12,0,12,0,12,0,12,0,12,0,12,0,12,0,12,0,12,0,12,0,12,0,12,0,12,610,183,25,19,610,183,0,12,0,12,10,16,0,12,610,183,35,32,0,12,0,12,496,182,79,60,0,12
"1207","060375774004","Block Group 4, Census Tract 5774, Los Angeles County, California",862,233,0,12,0,12,0,12,0,12,0,12,0,12,0,12,0,12,0,12,0,12,0,12,0,12,0,12,0,12,0,12,0,12,0,12,0,12,0,12,0,12,0,12,0,12,0,12,0,12,920,262,89,62,920,262,0,12,0,12,27,38,26,40,920,262,30,36,0,12,24,27,676,228,167,111,0,12
"1208","060372932012","Block Group 2, Census Tract 2932.01, Los Angeles County, California",2690,594,1,3,0,12,0,12,0,12,0,12,0,12,0,12,0,12,159,182,0,12,0,12,0,12,16,25,0,12,0,12,0,12,0,12,0,12,0,12,0,12,0,12,47,72,0,12,0,12,2800,578,453,296,2800,578,0,12,102,101,62,68,0,12,2805,578,692,311,0,12,110,119,503,215,1462,601,0,12
"1209","060372932011","Block Group 1, Census Tract 2932.01, Los Angeles County, California",1231,414,36,56,0,12,0,12,0,12,0,12,0,12,0,12,0,12,107,81,23,40,0,12,0,12,36,45,0,12,0,12,0,12,0,12,44,67,0,12,0,12,23,35,0,12,0,12,0,12,1246,420,341,255,1246,420,0,12,18,28,50,59,0,12,1246,420,388,230,0,12,0,12,33,37,774,337,0,12
"1210","060372948101","Block Group 1, Census Tract 2948.10, Los Angeles County, California",2009,354,31,26,0,12,0,12,0,12,0,12,0,12,0,12,0,12,198,98,200,82,0,12,0,12,0,12,0,12,0,12,0,12,4,6,49,39,0,12,0,12,0,12,0,12,0,12,0,12,2178,390,599,245,2178,390,94,88,153,75,267,101,0,12,2178,390,74,84,0,12,0,12,62,49,2042,398,0,12
"1211","060372948102","Block Group 2, Census Tract 2948.10, Los Angeles County, California",1936,317,0,12,0,12,0,12,0,12,0,12,0,12,0,12,0,12,350,113,195,95,0,12,0,12,0,12,0,12,0,12,0,12,28,22,14,23,0,12,0,12,0,12,0,12,0,12,0,12,2095,345,539,233,2100,345,45,52,178,90,293,109,0,12,2100,345,14,22,57,71,108,94,43,40,1842,349,0,12
"1212","060373007012","Block Group 2, Census Tract 3007.01, Los Angeles County, California",784,314,0,12,0,12,0,12,0,12,0,12,0,12,0,12,0,12,0,12,0,12,0,12,0,12,0,12,0,12,0,12,0,12,0,12,0,12,45,73,0,12,0,12,0,12,0,12,0,12,872,358,45,73,872,358,0,12,0,12,0,12,0,12,872,358,47,52,0,12,0,12,558,306,78,79,0,12
"1213","060373007011","Block Group 1, Census Tract 3007.01, Los Angeles County, California",831,333,0,12,0,12,0,12,0,12,0,12,0,12,0,12,0,12,0,12,0,12,38,56,0,12,0,12,0,12,0,12,0,12,0,12,0,12,0,12,0,12,0,12,0,12,0,12,0,12,831,333,15,26,831,333,0,12,58,88,13,23,0,12,831,333,98,83,0,12,58,88,541,311,134,130,0,12
"1214","060373015023","Block Group 3, Census Tract 3015.02, Los Angeles County, California",2439,550,0,12,0,12,0,12,0,12,0,12,0,12,0,12,0,12,0,12,0,12,268,125,75,85,13,22,0,12,0,12,0,12,0,12,0,12,223,136,91,100,0,12,34,58,0,12,0,12,2439,550,652,359,2439,550,0,12,97,89,189,129,16,28,2439,550,85,92,0,12,0,12,2198,546,156,114,0,12
"1215","060373016011","Block Group 1, Census Tract 3016.01, Los Angeles County, California",1428,434,0,12,0,12,0,12,0,12,0,12,0,12,0,12,0,12,81,81,0,12,0,12,33,53,0,12,0,12,0,12,0,12,0,12,0,12,87,98,186,117,0,12,0,12,0,12,65,103,1428,434,253,154,1428,434,0,12,91,132,68,69,0,12,1428,434,84,90,0,12,19,30,808,263,517,339,0,12
"1216","060374017041","Block Group 1, Census Tract 4017.04, Los Angeles County, California",2653,694,0,12,0,12,0,12,0,12,0,12,0,12,0,12,0,12,205,102,198,136,0,12,0,12,18,30,0,12,5,9,0,12,27,34,0,12,0,12,0,12,13,20,0,12,0,12,0,12,2932,702,1218,423,3000,709,122,127,65,76,179,90,0,12,3000,709,205,170,0,12,123,95,333,163,2267,619,0,12
"1217","060374018002","Block Group 2, Census Tract 4018, Los Angeles County, California",2522,476,0,12,0,12,0,12,0,12,0,12,0,12,0,12,0,12,0,12,0,12,0,12,0,12,22,24,0,12,0,12,0,12,0,12,0,12,0,12,0,12,32,64,0,12,0,12,0,12,2725,493,120,87,2725,493,0,12,0,12,73,66,0,12,2725,493,298,190,0,12,137,146,1080,297,797,323,0,12
"1218","060374018003","Block Group 3, Census Tract 4018, Los Angeles County, California",3030,461,0,12,0,12,0,12,0,12,0,12,0,12,0,12,0,12,45,62,59,80,0,12,0,12,0,12,0,12,0,12,0,12,0,12,0,12,0,12,0,12,0,12,0,12,0,12,0,12,2681,456,319,345,3085,468,67,76,48,62,59,80,0,12,3085,468,257,120,4,8,96,87,1619,347,761,333,17,26
"1219","060374033172","Block Group 2, Census Tract 4033.17, Los Angeles County, California",1251,271,0,12,0,12,0,12,0,12,0,12,0,12,0,12,0,12,0,12,0,12,0,12,0,12,44,38,118,161,0,12,0,12,35,32,0,12,0,12,0,12,39,52,0,12,0,12,0,12,1264,271,72,96,1264,271,0,12,0,12,85,93,0,12,1264,271,735,260,0,12,62,84,140,92,327,181,0,12
"1220","060374033181","Block Group 1, Census Tract 4033.18, Los Angeles County, California",1528,351,0,12,0,12,0,12,0,12,6,10,0,12,0,12,0,12,0,12,0,12,35,37,0,12,7,13,68,104,0,12,0,12,0,12,0,12,0,12,0,12,0,12,0,12,0,12,0,12,1576,355,123,168,1576,355,0,12,24,27,71,64,0,12,1576,355,404,255,0,12,253,168,157,93,557,271,0,12
"1221","060374033184","Block Group 4, Census Tract 4033.18, Los Angeles County, California",900,260,0,12,0,12,0,12,0,12,0,12,0,12,0,12,0,12,9,15,0,12,0,12,0,12,8,13,0,12,0,12,0,12,0,12,0,12,0,12,0,12,0,12,13,14,0,12,0,12,931,265,47,46,931,265,14,21,52,56,72,67,6,12,931,265,188,88,0,12,101,78,314,166,304,200,0,12
"1222","060374033182","Block Group 2, Census Tract 4033.18, Los Angeles County, California",1955,374,0,12,0,12,0,12,0,12,17,21,8,14,0,12,0,12,0,12,0,12,0,12,0,12,31,31,0,12,0,12,0,12,0,12,0,12,0,12,0,12,5,9,0,12,0,12,0,12,2122,411,413,258,2122,411,6,9,56,49,30,25,0,12,2122,411,888,336,0,12,104,80,442,199,610,266,0,12
"1223","060374033241","Block Group 1, Census Tract 4033.24, Los Angeles County, California",745,251,0,12,0,12,0,12,0,12,0,12,0,12,0,12,0,12,0,12,0,12,0,12,0,12,38,47,19,31,0,12,0,12,0,12,0,12,0,12,0,12,0,12,0,12,0,12,0,12,745,251,38,63,745,251,0,12,0,12,0,12,0,12,745,251,672,242,0,12,0,12,48,57,0,12,25,41
"1224","060374033243","Block Group 3, Census Tract 4033.24, Los Angeles County, California",2980,492,0,12,0,12,0,12,0,12,0,12,0,12,0,12,0,12,33,38,0,12,18,30,0,12,113,83,8,18,0,12,0,12,13,21,0,12,0,12,0,12,26,44,98,87,0,12,0,12,3315,582,161,163,3315,582,34,41,17,29,11,22,0,12,3315,582,2059,635,0,12,273,298,426,307,557,328,0,12
"1225","060374034051","Block Group 1, Census Tract 4034.05, Los Angeles County, California",1667,97,0,12,0,12,0,12,0,12,22,31,0,12,0,12,0,12,0,12,9,13,0,12,0,12,63,31,25,28,0,12,0,12,0,12,0,12,0,12,0,12,36,22,29,33,0,12,0,12,1691,101,210,143,1698,101,4,7,18,17,38,30,0,12,1698,101,1073,200,0,12,3,5,251,135,351,134,0,12
"1226","060374037032","Block Group 2, Census Tract 4037.03, Los Angeles County, California",1885,410,0,12,0,12,0,12,0,12,0,12,0,12,0,12,0,12,0,12,43,49,0,12,0,12,24,28,8,17,0,12,0,12,12,20,59,81,0,12,0,12,7,13,24,33,0,12,0,12,1846,434,316,179,1846,434,0,12,0,12,45,57,42,53,1887,414,264,142,0,12,123,113,823,255,639,310,0,12
"1227","060374642003","Block Group 3, Census Tract 4642, Los Angeles County, California",1064,256,0,12,0,12,0,12,0,12,0,12,0,12,0,12,0,12,0,12,0,12,0,12,0,12,42,31,0,12,0,12,0,12,0,12,0,12,0,12,0,12,9,14,0,12,0,12,0,12,1240,323,63,63,1240,323,21,32,0,12,10,16,0,12,1240,323,738,268,0,12,150,236,324,157,0,12,0,12
"1228","060372971201","Block Group 1, Census Tract 2971.20, Los Angeles County, California",1397,380,0,12,0,12,0,12,0,12,0,12,0,12,0,12,0,12,94,75,0,12,0,12,0,12,0,12,0,12,0,12,0,12,19,32,0,12,13,19,0,12,0,12,0,12,0,12,0,12,1519,413,324,212,1547,414,109,135,87,64,56,63,0,12,1547,414,261,328,0,12,0,12,181,131,1105,307,0,12
"1229","060372974001","Block Group 1, Census Tract 2974, Los Angeles County, California",553,176,0,12,0,12,0,12,0,12,0,12,0,12,0,12,0,12,0,12,0,12,0,12,0,12,0,12,0,12,0,12,0,12,0,12,0,12,0,12,0,12,0,12,0,12,0,12,0,12,572,190,0,12,572,190,0,12,0,12,0,12,0,12,572,190,46,56,0,12,0,12,347,126,179,116,0,12
"1230","060372974003","Block Group 3, Census Tract 2974, Los Angeles County, California",545,140,0,12,0,12,0,12,0,12,0,12,0,12,0,12,0,12,0,12,0,12,0,12,0,12,0,12,0,12,0,12,0,12,0,12,0,12,0,12,0,12,0,12,0,12,0,12,0,12,558,143,44,42,558,143,0,12,46,53,10,14,0,12,558,143,10,16,0,12,38,45,356,98,119,63,0,12
"1231","060373005011","Block Group 1, Census Tract 3005.01, Los Angeles County, California",1457,189,0,12,0,12,11,16,0,12,0,12,9,13,0,12,0,12,0,12,0,12,0,12,5,8,34,25,7,10,0,12,0,12,7,12,0,12,0,12,0,12,7,10,0,12,0,12,0,12,1583,220,42,41,1608,218,0,12,18,20,44,50,7,10,1608,218,353,124,0,12,0,12,786,193,313,113,0,12
"1232","060373005013","Block Group 3, Census Tract 3005.01, Los Angeles County, California",1150,363,0,12,0,12,0,12,0,12,0,12,0,12,0,12,0,12,0,12,0,12,10,17,0,12,13,20,0,12,0,12,0,12,0,12,0,12,0,12,0,12,14,20,0,12,0,12,0,12,1157,363,24,29,1164,362,0,12,0,12,0,12,0,12,1164,362,225,122,0,12,0,12,549,247,146,115,0,12
"1233","060376013033","Block Group 3, Census Tract 6013.03, Los Angeles County, California",2353,398,0,12,0,12,0,12,0,12,21,33,0,12,0,12,0,12,93,76,0,12,7,11,0,12,8,13,0,12,0,12,0,12,32,30,0,12,0,12,0,12,0,12,0,12,0,12,0,12,2503,425,412,317,2514,428,183,158,161,138,86,97,16,27,2514,428,169,142,10,15,1221,326,180,123,768,343,24,39
"1234","060376021042","Block Group 2, Census Tract 6021.04, Los Angeles County, California",2478,586,0,12,0,12,0,12,0,12,0,12,0,12,0,12,0,12,195,92,44,55,21,24,0,12,0,12,0,12,43,63,0,12,39,47,13,23,0,12,0,12,18,21,0,12,0,12,0,12,2706,641,253,194,2706,641,183,156,116,69,400,174,22,36,2706,641,91,94,0,12,264,149,102,81,2246,665,0,12
"1235","060371895002","Block Group 2, Census Tract 1895, Los Angeles County, California",2187,454,0,12,0,12,0,12,0,12,0,12,0,12,0,12,0,12,19,31,0,12,0,12,0,12,0,12,0,12,0,12,0,12,20,31,0,12,17,27,0,12,0,12,0,12,0,12,0,12,2187,454,480,251,2187,454,0,12,109,84,91,56,0,12,2187,454,203,128,11,19,66,63,1430,339,360,203,0,12
"1236","060371279101","Block Group 1, Census Tract 1279.10, Los Angeles County, California",1787,509,11,16,0,12,0,12,0,12,0,12,0,12,0,12,0,12,287,137,113,104,0,12,0,12,7,13,0,12,0,12,0,12,98,63,7,17,4,9,0,12,13,21,0,12,0,12,0,12,1777,504,231,170,1777,504,33,38,105,89,246,181,0,12,1831,521,117,134,0,12,147,224,238,109,1326,430,0,12
"1237","060371279102","Block Group 2, Census Tract 1279.10, Los Angeles County, California",3053,540,29,45,0,12,0,12,0,12,0,12,0,12,0,12,0,12,597,213,123,104,0,12,0,12,9,16,0,12,0,12,0,12,43,52,72,117,0,12,0,12,12,21,0,12,0,12,0,12,3164,542,716,252,3266,586,0,12,360,198,322,156,0,12,3266,586,240,211,0,12,85,76,428,154,2513,564,0,12
"1238","060371279202","Block Group 2, Census Tract 1279.20, Los Angeles County, California",1853,418,0,12,0,12,0,12,0,12,0,12,0,12,0,12,0,12,182,126,115,80,12,19,0,12,0,12,0,12,0,12,0,12,20,30,22,31,68,67,11,18,0,12,0,12,0,12,0,12,2008,428,571,310,2008,428,22,25,55,57,190,93,0,12,2008,428,87,131,0,12,38,51,421,145,1309,374,0,12
"1239","060371279201","Block Group 1, Census Tract 1279.20, Los Angeles County, California",2554,553,32,42,0,12,14,21,0,12,0,12,0,12,0,12,0,12,313,153,48,54,144,86,0,12,0,12,0,12,0,12,0,12,55,72,0,12,0,12,0,12,0,12,0,12,0,12,0,12,2708,583,645,381,2708,583,22,27,77,63,123,74,0,12,2708,583,113,84,0,12,10,14,1094,304,1480,560,0,12
"1240","060375766013","Block Group 3, Census Tract 5766.01, Los Angeles County, California",1255,393,0,12,0,12,0,12,0,12,0,12,0,12,0,12,0,12,55,81,0,12,0,12,0,12,0,12,0,12,0,12,0,12,0,12,0,12,0,12,0,12,0,12,0,12,0,12,0,12,1255,393,264,231,1218,376,0,12,46,74,168,152,0,12,1255,393,39,31,0,12,103,105,546,248,510,335,0,12
"1241","060372060102","Block Group 2, Census Tract 2060.10, Los Angeles County, California",1335,359,0,12,0,12,0,12,0,12,0,12,0,12,0,12,0,12,264,145,0,12,0,12,0,12,30,42,0,12,0,12,0,12,25,29,0,12,0,12,0,12,37,37,0,12,0,12,0,12,1461,404,522,469,1461,404,0,12,70,69,65,68,0,12,1461,404,113,84,0,12,37,54,0,12,1311,392,0,12
"1242","060372079001","Block Group 1, Census Tract 2079, Los Angeles County, California",3083,564,0,12,0,12,0,12,0,12,0,12,0,12,0,12,0,12,12,26,0,12,0,12,0,12,48,61,0,12,0,12,0,12,0,12,0,12,0,12,0,12,0,12,0,12,0,12,0,12,3119,577,780,341,3119,577,14,31,222,142,36,41,0,12,3119,577,764,282,0,12,294,193,769,228,1022,345,0,12
"1243","060372079002","Block Group 2, Census Tract 2079, Los Angeles County, California",4021,574,0,12,0,12,0,12,0,12,0,12,0,12,0,12,0,12,111,114,0,12,0,12,0,12,116,76,0,12,0,12,0,12,0,12,0,12,0,12,0,12,163,72,50,81,0,12,0,12,4043,570,778,304,4043,570,0,12,188,109,127,95,0,12,4043,570,1595,299,0,12,254,147,1025,283,1053,378,0,12
"1244","060379006052","Block Group 2, Census Tract 9006.05, Los Angeles County, California",1467,525,21,40,0,12,0,12,0,12,0,12,0,12,0,12,0,12,55,105,0,12,0,12,0,12,0,12,0,12,0,12,0,12,0,12,0,12,0,12,0,12,0,12,0,12,0,12,0,12,1547,549,329,317,1614,571,0,12,0,12,18,32,0,12,1614,571,0,12,0,12,361,272,419,226,817,485,0,12
"1245","060379007011","Block Group 1, Census Tract 9007.01, Los Angeles County, California",1561,447,0,12,0,12,0,12,0,12,0,12,0,12,0,12,0,12,18,28,18,26,0,12,0,12,0,12,0,12,0,12,0,12,0,12,0,12,11,18,0,12,0,12,0,12,0,12,0,12,1716,483,993,486,1716,483,0,12,55,57,48,38,9,13,1716,483,42,63,0,12,862,478,296,131,480,235,25,39
"1246","060379007014","Block Group 4, Census Tract 9007.01, Los Angeles County, California",1202,324,0,12,0,12,0,12,0,12,0,12,0,12,0,12,0,12,37,59,0,12,0,12,0,12,0,12,0,12,0,12,0,12,0,12,0,12,0,12,0,12,0,12,0,12,0,12,0,12,1323,396,146,118,1323,396,18,27,0,12,38,34,0,12,1323,396,12,20,0,12,247,220,402,171,580,315,0,12
"1247","060379007013","Block Group 3, Census Tract 9007.01, Los Angeles County, California",905,258,0,12,0,12,0,12,0,12,0,12,0,12,0,12,0,12,0,12,0,12,0,12,0,12,0,12,0,12,0,12,0,12,27,30,0,12,0,12,0,12,0,12,0,12,0,12,0,12,969,280,249,178,969,280,43,54,0,12,38,49,8,12,969,280,38,56,0,12,137,141,565,259,221,125,0,12
"1248","060379010071","Block Group 1, Census Tract 9010.07, Los Angeles County, California",1136,214,0,12,0,12,0,12,0,12,0,12,0,12,0,12,0,12,0,12,0,12,24,39,0,12,4,6,0,12,0,12,0,12,0,12,0,12,0,12,0,12,0,12,0,12,0,12,0,12,1296,266,82,63,1361,288,10,13,0,12,0,12,0,12,1361,288,68,88,0,12,38,45,600,188,525,172,13,18
"1249","060376037021","Block Group 1, Census Tract 6037.02, Los Angeles County, California",948,264,0,12,0,12,0,12,0,12,0,12,0,12,0,12,0,12,0,12,0,12,0,12,0,12,8,14,0,12,0,12,0,12,26,31,0,12,0,12,0,12,16,26,4,16,0,12,0,12,958,268,45,59,958,268,8,12,0,12,17,27,0,12,958,268,232,95,0,12,0,12,331,135,391,264,0,12
"1250","060379008052","Block Group 2, Census Tract 9008.05, Los Angeles County, California",2481,489,0,12,0,12,0,12,0,12,0,12,0,12,0,12,0,12,115,104,23,35,0,12,0,12,0,12,0,12,0,12,0,12,9,15,141,143,6,12,5,10,15,15,4,11,0,12,0,12,2238,506,393,234,2295,525,0,12,31,38,14,21,0,12,2656,538,44,40,0,12,356,257,625,206,1544,464,0,12
"1251","060379009001","Block Group 1, Census Tract 9009, Los Angeles County, California",2371,421,0,12,0,12,0,12,0,12,0,12,0,12,0,12,0,12,0,12,0,12,0,12,0,12,0,12,0,12,0,12,0,12,18,27,0,12,0,12,0,12,0,12,0,12,0,12,0,12,2604,502,166,76,2604,502,0,12,34,34,66,48,0,12,2604,502,25,28,9,15,27,31,1931,401,477,262,15,22
"1252","060379009002","Block Group 2, Census Tract 9009, Los Angeles County, California",1341,376,0,12,0,12,0,12,0,12,0,12,0,12,0,12,0,12,0,12,0,12,0,12,0,12,0,12,0,12,0,12,0,12,0,12,18,25,0,12,0,12,0,12,0,12,0,12,0,12,1414,407,322,235,1414,407,75,101,0,12,114,129,0,12,1414,407,38,26,0,12,365,289,647,229,364,235,0,12
"1253","060379103011","Block Group 1, Census Tract 9103.01, Los Angeles County, California",2022,305,15,24,0,12,0,12,0,12,0,12,0,12,0,12,0,12,0,12,0,12,0,12,0,12,0,12,0,12,0,12,0,12,0,12,0,12,0,12,0,12,0,12,0,12,0,12,0,12,2119,333,54,58,2138,342,9,16,0,12,0,12,0,12,2138,342,38,31,0,12,169,168,1206,280,635,280,0,12
"1254","060372131001","Block Group 1, Census Tract 2131, Los Angeles County, California",1689,273,53,59,0,12,0,12,0,12,0,12,0,12,0,12,0,12,231,100,81,61,0,12,0,12,184,83,12,18,0,12,0,12,26,41,0,12,0,12,0,12,56,34,45,34,0,12,0,12,1794,287,465,193,1794,287,79,77,112,57,225,93,0,12,1794,287,774,212,0,12,115,69,50,28,855,225,0,12
"1255","060372163004","Block Group 4, Census Tract 2163, Los Angeles County, California",714,263,0,12,0,12,0,12,0,12,0,12,0,12,0,12,0,12,0,12,0,12,0,12,0,12,0,12,0,12,0,12,0,12,0,12,0,12,0,12,0,12,0,12,0,12,0,12,0,12,793,263,0,12,793,263,0,12,0,12,0,12,0,12,793,263,43,67,0,12,28,46,602,185,62,123,0,12
"1256","060372163002","Block Group 2, Census Tract 2163, Los Angeles County, California",1350,415,0,12,0,12,0,12,0,12,0,12,0,12,0,12,0,12,0,12,0,12,19,31,0,12,0,12,0,12,0,12,0,12,0,12,0,12,34,56,21,37,44,69,0,12,0,12,0,12,1362,416,63,74,1362,416,0,12,0,12,17,27,0,12,1362,416,218,193,29,45,18,30,974,354,17,31,0,12
"1257","060372163003","Block Group 3, Census Tract 2163, Los Angeles County, California",738,269,0,12,0,12,0,12,0,12,0,12,0,12,0,12,0,12,0,12,0,12,0,12,0,12,20,31,0,12,0,12,0,12,0,12,0,12,0,12,0,12,0,12,0,12,0,12,0,12,752,273,27,45,752,273,0,12,132,178,27,36,0,12,752,273,122,91,0,12,90,160,399,162,129,102,0,12
"1258","060372198003","Block Group 3, Census Tract 2198, Los Angeles County, California",751,160,5,9,0,12,0,12,0,12,0,12,0,12,0,12,0,12,70,47,68,47,0,12,0,12,0,12,0,12,0,12,0,12,30,24,0,12,0,12,0,12,0,12,0,12,0,12,0,12,780,169,112,84,785,170,0,12,59,39,108,68,0,12,785,170,72,85,0,12,118,70,44,47,544,138,0,12
"1259","060372198001","Block Group 1, Census Tract 2198, Los Angeles County, California",1014,217,0,12,0,12,0,12,0,12,0,12,0,12,0,12,0,12,101,47,105,121,0,12,0,12,0,12,0,12,0,12,0,12,0,12,42,36,0,12,0,12,0,12,0,12,0,12,0,12,1032,230,205,164,1032,230,0,12,78,63,109,71,0,12,1032,230,6,8,0,12,159,72,49,41,809,229,0,12
"1260","060373020023","Block Group 3, Census Tract 3020.02, Los Angeles County, California",472,166,0,12,0,12,0,12,0,12,0,12,0,12,0,12,0,12,0,12,0,12,0,12,0,12,8,13,0,12,0,12,0,12,0,12,0,12,10,15,32,42,0,12,0,12,0,12,0,12,525,198,124,114,525,198,0,12,26,46,8,13,0,12,525,198,75,73,0,12,40,47,307,144,103,111,0,12
"1261","060372113102","Block Group 2, Census Tract 2113.10, Los Angeles County, California",2053,475,23,37,0,12,0,12,0,12,0,12,0,12,0,12,0,12,395,176,188,89,0,12,0,12,26,39,0,12,0,12,0,12,1,3,64,52,0,12,1,3,1,4,1,3,0,12,0,12,2164,501,539,250,2186,505,17,26,120,72,262,145,16,25,2198,505,389,202,0,12,30,41,180,93,1582,469,0,12
"1262","060372113101","Block Group 1, Census Tract 2113.10, Los Angeles County, California",1621,404,28,42,0,12,0,12,0,12,0,12,0,12,0,12,0,12,335,220,112,85,0,12,0,12,12,19,0,12,0,12,0,12,23,39,36,56,0,12,13,20,20,32,0,12,0,12,0,12,1675,429,284,169,1675,429,58,55,146,90,275,189,43,48,1675,429,225,97,22,32,66,43,72,41,1290,410,0,12
"1263","060372129001","Block Group 1, Census Tract 2129, Los Angeles County, California",1335,297,0,12,0,12,0,12,0,12,0,12,0,12,0,12,0,12,74,72,8,12,0,12,0,12,135,103,34,53,0,12,0,12,23,35,0,12,0,12,0,12,60,59,0,12,0,12,0,12,1328,298,155,97,1328,298,0,12,127,88,173,111,0,12,1335,297,555,260,0,12,107,82,275,130,379,249,0,12
"1264","060372129002","Block Group 2, Census Tract 2129, Los Angeles County, California",2528,327,10,17,0,12,0,12,0,12,0,12,0,12,0,12,0,12,377,143,204,111,0,12,0,12,16,19,6,11,0,12,0,12,20,21,19,23,0,12,0,12,76,60,24,29,0,12,0,12,2732,374,699,298,2732,374,114,143,157,126,439,194,0,12,2732,374,484,187,0,12,352,228,115,80,1709,327,19,30
"1265","060372141002","Block Group 2, Census Tract 2141, Los Angeles County, California",948,254,0,12,0,12,0,12,0,12,0,12,0,12,0,12,0,12,0,12,0,12,0,12,0,12,0,12,0,12,0,12,0,12,0,12,0,12,0,12,0,12,0,12,0,12,0,12,0,12,959,256,66,97,959,256,0,12,12,19,0,12,0,12,959,256,52,59,0,12,49,61,689,169,169,161,0,12
"1266","060372141003","Block Group 3, Census Tract 2141, Los Angeles County, California",478,137,0,12,0,12,0,12,0,12,0,12,0,12,0,12,0,12,0,12,0,12,0,12,0,12,0,12,0,12,0,12,0,12,0,12,0,12,0,12,0,12,0,12,0,12,0,12,0,12,487,137,40,26,487,137,0,12,0,12,0,12,0,12,487,137,16,18,0,12,0,12,413,140,50,45,0,12
"1267","060372141001","Block Group 1, Census Tract 2141, Los Angeles County, California",654,156,0,12,0,12,0,12,0,12,0,12,0,12,0,12,0,12,0,12,0,12,0,12,0,12,0,12,0,12,0,12,0,12,0,12,0,12,0,12,0,12,0,12,0,12,0,12,0,12,703,168,36,58,703,168,0,12,22,27,18,30,0,12,703,168,28,28,0,12,0,12,604,155,33,33,0,12
"1268","060372141004","Block Group 4, Census Tract 2141, Los Angeles County, California",1366,286,0,12,0,12,0,12,0,12,0,12,0,12,0,12,0,12,0,12,0,12,0,12,0,12,0,12,0,12,0,12,0,12,0,12,0,12,0,12,0,12,0,12,0,12,0,12,0,12,1519,380,22,17,1519,380,0,12,0,12,33,51,0,12,1519,380,41,40,4,11,10,16,1392,393,72,51,0,12
"1269","060372171002","Block Group 2, Census Tract 2171, Los Angeles County, California",1974,636,0,12,0,12,0,12,0,12,0,12,0,12,0,12,0,12,359,236,108,133,0,12,0,12,0,12,0,12,0,12,0,12,0,12,217,185,0,12,0,12,0,12,0,12,0,12,0,12,2100,707,409,364,2100,707,0,12,69,95,249,228,0,12,2100,707,20,87,0,12,170,105,65,65,1834,720,0,12
"1270","060372171005","Block Group 5, Census Tract 2171, Los Angeles County, California",1028,314,0,12,0,12,0,12,0,12,0,12,0,12,0,12,0,12,0,12,0,12,0,12,0,12,0,12,0,12,0,12,0,12,0,12,0,12,0,12,0,12,0,12,0,12,0,12,0,12,1125,334,107,92,1125,334,0,12,0,12,77,84,0,12,1125,334,198,197,0,12,133,173,615,328,39,47,0,12
"1271","060372171001","Block Group 1, Census Tract 2171, Los Angeles County, California",1304,573,0,12,0,12,0,12,0,12,0,12,0,12,0,12,0,12,0,12,0,12,0,12,0,12,0,12,0,12,0,12,0,12,0,12,21,34,0,12,13,23,0,12,0,12,0,12,0,12,1358,581,85,87,1358,581,0,12,0,12,0,12,0,12,1358,581,19,30,0,12,783,496,425,244,131,150,0,12
"1272","060372171004","Block Group 4, Census Tract 2171, Los Angeles County, California",1082,462,0,12,0,12,0,12,0,12,0,12,0,12,0,12,0,12,42,69,0,12,0,12,0,12,0,12,0,12,0,12,0,12,0,12,43,69,0,12,0,12,0,12,0,12,0,12,0,12,1180,518,172,210,1180,518,0,12,15,24,42,69,0,12,1180,518,0,12,0,12,115,99,459,234,171,224,0,12
"1273","060372171003","Block Group 3, Census Tract 2171, Los Angeles County, California",443,217,0,12,0,12,0,12,0,12,0,12,0,12,0,12,0,12,21,34,0,12,0,12,0,12,0,12,0,12,0,12,0,12,0,12,0,12,0,12,0,12,0,12,0,12,0,12,0,12,456,221,13,21,456,221,0,12,0,12,25,39,0,12,456,221,16,25,0,12,116,91,170,121,154,164,0,12
"1274","060372183001","Block Group 1, Census Tract 2183, Los Angeles County, California",1322,392,0,12,0,12,0,12,0,12,0,12,0,12,0,12,0,12,79,76,0,12,0,12,0,12,0,12,0,12,0,12,0,12,0,12,19,33,0,12,0,12,0,12,0,12,0,12,0,12,1494,494,624,542,1494,494,30,48,54,62,92,71,0,12,1494,494,54,83,0,12,227,136,27,32,764,428,0,12
"1275","060371251002","Block Group 2, Census Tract 1251, Los Angeles County, California",2807,493,0,12,0,12,0,12,0,12,0,12,0,12,0,12,0,12,32,57,0,12,9,17,0,12,0,12,0,12,0,12,0,12,67,102,0,12,0,12,0,12,0,12,0,12,0,12,0,12,3230,638,325,161,3230,638,0,12,35,41,169,133,0,12,3230,638,97,71,0,12,447,430,1810,537,806,346,0,12
"1276","060371272202","Block Group 2, Census Tract 1272.20, Los Angeles County, California",3629,419,24,38,0,12,22,34,0,12,0,12,0,12,0,12,0,12,350,146,123,77,44,49,20,33,2,6,0,12,0,12,0,12,51,47,51,50,128,102,38,65,51,45,20,31,0,12,0,12,3882,456,864,439,3882,456,52,82,224,111,346,158,0,12,3882,456,292,122,0,12,249,161,974,248,2337,444,0,12
"1277","060375545182","Block Group 2, Census Tract 5545.18, Los Angeles County, California",2447,340,48,73,0,12,0,12,0,12,10,15,0,12,0,12,0,12,0,12,0,12,5,8,0,12,78,54,0,12,0,12,0,12,1,4,1,4,20,20,15,23,127,86,1,3,14,21,0,12,2520,349,42,42,2520,349,0,12,26,32,9,15,0,12,2532,349,1478,297,0,12,210,137,313,123,431,173,0,12
"1278","060375545181","Block Group 1, Census Tract 5545.18, Los Angeles County, California",1107,219,0,12,0,12,9,15,0,12,19,30,0,12,0,12,0,12,0,12,0,12,0,12,0,12,56,52,9,15,0,12,0,12,0,12,0,12,8,13,0,12,14,22,14,21,0,12,0,12,1190,259,0,12,1190,259,0,12,15,21,18,28,0,12,1190,259,796,224,0,12,33,57,179,81,182,148,0,12
"1279","060372643021","Block Group 1, Census Tract 2643.02, Los Angeles County, California",1998,456,0,12,0,12,0,12,0,12,0,12,0,12,0,12,0,12,0,12,0,12,0,12,0,12,0,12,0,12,0,12,0,12,0,12,0,12,0,12,0,12,0,12,0,12,0,12,0,12,2113,487,112,95,2113,487,0,12,0,12,15,26,0,12,2113,487,88,70,0,12,25,40,1868,420,69,56,0,12
"1280","060372653051","Block Group 1, Census Tract 2653.05, Los Angeles County, California",3954,472,0,12,0,12,0,12,0,12,0,12,0,12,0,12,0,12,14,23,0,12,0,12,0,12,24,40,0,12,0,12,0,12,0,12,0,12,0,12,0,12,0,12,0,12,0,12,0,12,3543,465,2270,448,3990,478,0,12,62,62,40,63,0,12,3990,478,1509,330,0,12,10,12,1393,295,755,260,1,2
"1281","060376707023","Block Group 3, Census Tract 6707.02, Los Angeles County, California",980,296,0,12,0,12,0,12,0,12,0,12,0,12,0,12,0,12,0,12,0,12,0,12,0,12,0,12,0,12,0,12,0,12,0,12,0,12,0,12,0,12,16,28,0,12,0,12,0,12,997,310,52,75,997,310,0,12,0,12,13,29,0,12,997,310,65,93,13,29,52,75,659,190,97,133,24,37
"1282","060376707021","Block Group 1, Census Tract 6707.02, Los Angeles County, California",2173,353,0,12,0,12,0,12,0,12,12,20,0,12,0,12,0,12,0,12,0,12,0,12,0,12,62,69,0,12,0,12,0,12,0,12,0,12,0,12,0,12,0,12,0,12,0,12,0,12,2250,392,27,26,2250,392,0,12,0,12,27,41,0,12,2250,392,204,123,0,12,11,13,1757,332,188,127,0,12
"1283","060377006003","Block Group 3, Census Tract 7006, Los Angeles County, California",675,391,0,12,0,12,0,12,0,12,0,12,0,12,0,12,0,12,0,12,0,12,0,12,0,12,0,12,0,12,0,12,0,12,0,12,0,12,0,12,0,12,0,12,0,12,0,12,0,12,687,394,68,89,687,394,0,12,0,12,0,12,0,12,687,394,0,12,0,12,0,12,526,369,0,12,0,12
"1284","060377006001","Block Group 1, Census Tract 7006, Los Angeles County, California",1162,337,0,12,0,12,23,35,0,12,0,12,0,12,0,12,0,12,0,12,0,12,0,12,0,12,0,12,0,12,0,12,0,12,0,12,0,12,0,12,0,12,0,12,0,12,0,12,0,12,1177,343,28,45,1177,343,0,12,0,12,0,12,0,12,1177,343,17,27,0,12,0,12,1126,329,0,12,0,12
"1285","060377006005","Block Group 5, Census Tract 7006, Los Angeles County, California",547,236,0,12,0,12,0,12,0,12,0,12,0,12,0,12,0,12,0,12,0,12,0,12,0,12,0,12,0,12,0,12,0,12,0,12,0,12,30,48,0,12,0,12,0,12,0,12,0,12,560,237,12,18,560,237,0,12,0,12,0,12,0,12,560,237,0,12,0,12,0,12,560,237,0,12,0,12
"1286","060377006002","Block Group 2, Census Tract 7006, Los Angeles County, California",1324,298,8,13,0,12,0,12,0,12,0,12,0,12,0,12,0,12,0,12,0,12,0,12,0,12,0,12,0,12,0,12,0,12,0,12,0,12,0,12,0,12,0,12,0,12,0,12,0,12,1388,313,32,39,1388,313,0,12,0,12,8,15,0,12,1388,313,0,12,0,12,0,12,1298,318,90,68,0,12
"1287","060374006023","Block Group 3, Census Tract 4006.02, Los Angeles County, California",1342,412,0,12,0,12,0,12,0,12,0,12,0,12,0,12,0,12,23,31,25,30,0,12,0,12,0,12,0,12,9,16,0,12,0,12,9,13,0,12,0,12,36,50,0,12,0,12,0,12,1380,418,159,144,1371,417,0,12,68,61,33,37,21,32,1380,418,170,127,0,12,0,12,389,139,806,380,15,22
"1288","060374006022","Block Group 2, Census Tract 4006.02, Los Angeles County, California",1633,419,0,12,0,12,0,12,0,12,0,12,0,12,0,12,0,12,14,19,8,13,0,12,0,12,0,12,0,12,0,12,0,12,94,64,34,44,0,12,0,12,0,12,0,12,9,14,0,12,1849,490,51,53,1849,490,30,45,224,105,79,54,9,14,1849,490,80,102,0,12,53,71,194,90,1513,477,0,12
"1289","060374009001","Block Group 1, Census Tract 4009, Los Angeles County, California",738,225,0,12,0,12,0,12,0,12,0,12,0,12,0,12,0,12,0,12,0,12,0,12,0,12,0,12,0,12,0,12,0,12,6,11,0,12,0,12,8,12,0,12,0,12,0,12,0,12,794,233,63,73,794,233,0,12,0,12,2,5,0,12,794,233,107,100,0,12,2,5,373,131,312,209,0,12
"1290","060374009003","Block Group 3, Census Tract 4009, Los Angeles County, California",1530,307,24,38,0,12,0,12,0,12,0,12,0,12,0,12,0,12,0,12,0,12,0,12,0,12,0,12,31,50,0,12,0,12,0,12,0,12,0,12,0,12,0,12,0,12,0,12,0,12,1653,312,72,44,1653,312,0,12,0,12,10,16,0,12,1653,312,285,193,0,12,33,37,642,357,652,299,0,12
"1291","060375991001","Block Group 1, Census Tract 5991, Los Angeles County, California",188,203,0,12,0,12,0,12,0,12,0,12,0,12,0,12,0,12,0,12,0,12,0,12,0,12,0,12,0,12,0,12,0,12,0,12,0,12,0,12,0,12,0,12,0,12,0,12,0,12,0,12,0,12,0,12,0,12,0,12,0,12,0,12,188,203,0,12,51,109,14,29,91,113,32,50,0,12
"1292","060376009022","Block Group 2, Census Tract 6009.02, Los Angeles County, California",1522,427,18,30,0,12,0,12,0,12,0,12,0,12,0,12,0,12,24,41,0,12,0,12,0,12,0,12,0,12,0,12,0,12,23,38,38,54,0,12,0,12,0,12,4,9,0,12,0,12,1551,438,390,249,1551,438,0,12,26,39,145,109,0,12,1613,453,4,9,0,12,697,346,51,57,783,428,0,12
"1293","060376009023","Block Group 3, Census Tract 6009.02, Los Angeles County, California",1447,507,0,12,0,12,0,12,0,12,0,12,0,12,0,12,0,12,34,54,29,48,0,12,0,12,19,28,0,12,0,12,0,12,0,12,0,12,0,12,0,12,0,12,30,41,0,12,0,12,1425,540,653,398,1425,540,0,12,49,54,152,106,0,12,1507,541,66,94,0,12,348,218,76,48,841,455,0,12
"1294","060371914102","Block Group 2, Census Tract 1914.10, Los Angeles County, California",2681,448,9,14,0,12,0,12,0,12,0,12,0,12,0,12,0,12,313,146,141,100,0,12,0,12,0,12,0,12,0,12,0,12,19,20,0,12,0,12,0,12,47,39,0,12,0,12,0,12,2878,483,794,367,2878,483,75,98,133,91,290,110,0,12,2878,483,448,241,0,12,238,176,469,151,1696,389,0,12
"1295","060371954004","Block Group 4, Census Tract 1954, Los Angeles County, California",1037,224,0,12,0,12,0,12,0,12,0,12,0,12,0,12,0,12,48,75,0,12,0,12,0,12,0,12,0,12,0,12,0,12,0,12,0,12,0,12,0,12,0,12,0,12,0,12,0,12,1073,229,67,42,1073,229,0,12,0,12,101,93,0,12,1073,229,78,74,0,12,0,12,826,192,142,173,0,12
"1296","060374308035","Block Group 5, Census Tract 4308.03, Los Angeles County, California",509,189,0,12,0,12,0,12,0,12,9,14,0,12,0,12,0,12,0,12,0,12,0,12,0,12,67,77,0,12,0,12,0,12,0,12,0,12,0,12,0,12,31,35,0,12,0,12,0,12,520,194,0,12,520,194,0,12,0,12,0,12,0,12,520,194,380,201,0,12,0,12,99,62,41,37,0,12
"1297","060374308033","Block Group 3, Census Tract 4308.03, Los Angeles County, California",1158,272,0,12,0,12,0,12,0,12,8,12,0,12,0,12,0,12,0,12,0,12,0,12,0,12,47,54,30,49,0,12,0,12,0,12,0,12,0,12,0,12,33,33,0,12,0,12,0,12,1223,307,99,102,1223,307,0,12,10,17,61,97,0,12,1223,307,636,240,0,12,0,12,248,187,339,138,0,12
"1298","060374310021","Block Group 1, Census Tract 4310.02, Los Angeles County, California",1551,237,0,12,0,12,0,12,0,12,0,12,0,12,0,12,0,12,20,32,0,12,0,12,0,12,11,16,0,12,0,12,0,12,0,12,0,12,0,12,0,12,0,12,0,12,0,12,0,12,1607,249,203,91,1607,249,12,20,42,42,111,89,0,12,1607,249,292,144,0,12,88,58,694,159,451,176,0,12
"1299","060374326013","Block Group 3, Census Tract 4326.01, Los Angeles County, California",1349,367,23,36,0,12,0,12,0,12,0,12,0,12,0,12,0,12,107,62,96,119,0,12,0,12,113,71,84,88,0,12,0,12,27,23,20,22,0,12,0,12,24,21,32,36,0,12,0,12,1340,346,222,156,1395,382,0,12,75,67,120,88,0,12,1395,382,553,204,0,12,12,20,56,35,714,336,0,12
"1300","060374326012","Block Group 2, Census Tract 4326.01, Los Angeles County, California",2555,454,0,12,0,12,0,12,0,12,23,26,0,12,0,12,0,12,238,162,219,160,0,12,0,12,88,67,78,47,0,12,0,12,30,36,37,47,0,12,0,12,19,22,67,76,0,12,0,12,2659,472,343,279,2659,472,47,53,171,154,143,115,0,12,2659,472,643,237,0,12,88,138,58,68,1845,475,0,12
"1301","060374333021","Block Group 1, Census Tract 4333.02, Los Angeles County, California",1429,193,0,12,13,19,0,12,0,12,0,12,0,12,0,12,0,12,156,75,147,66,0,12,0,12,44,25,15,15,0,12,0,12,16,20,53,41,0,12,0,12,6,9,32,32,0,12,0,12,1520,207,417,194,1530,208,13,19,85,53,206,79,0,12,1530,208,229,125,0,12,59,86,31,17,1205,237,0,12
"1302","060374335011","Block Group 1, Census Tract 4335.01, Los Angeles County, California",1813,251,0,12,0,12,0,12,0,12,0,12,0,12,0,12,0,12,212,101,137,58,0,12,0,12,34,37,0,12,0,12,0,12,67,40,136,81,0,12,0,12,0,12,18,23,0,12,0,12,1945,277,491,223,1949,275,20,32,154,114,158,83,0,12,1949,275,105,82,0,12,0,12,14,21,1830,304,0,12
"1303","060371153021","Block Group 1, Census Tract 1153.02, Los Angeles County, California",3690,248,10,15,0,12,0,12,0,12,0,12,0,12,0,12,0,12,601,99,158,70,9,9,18,26,21,21,0,12,7,12,0,12,67,37,120,71,6,9,0,12,12,13,0,12,13,20,0,12,3957,261,1075,267,3957,261,26,25,261,75,265,111,46,60,3957,261,388,68,0,12,224,80,524,152,2791,318,0,12
"1304","060371173023","Block Group 3, Census Tract 1173.02, Los Angeles County, California",994,204,0,12,0,12,0,12,0,12,0,12,0,12,0,12,0,12,0,12,0,12,0,12,0,12,32,48,0,12,0,12,0,12,14,23,0,12,0,12,0,12,0,12,0,12,0,12,0,12,1014,210,17,24,1014,210,0,12,0,12,25,38,0,12,1014,210,214,166,0,12,25,38,563,181,203,128,0,12
"1305","060371173024","Block Group 4, Census Tract 1173.02, Los Angeles County, California",1763,338,0,12,0,12,0,12,0,12,0,12,0,12,0,12,0,12,104,109,0,12,10,15,0,12,3,8,0,12,0,12,0,12,0,12,0,12,0,12,0,12,43,62,0,12,0,12,0,12,1953,396,350,205,1953,396,0,12,9,14,142,80,0,12,1953,396,211,127,113,164,501,293,642,188,337,176,13,21
"1306","060371173021","Block Group 1, Census Tract 1173.02, Los Angeles County, California",827,224,0,12,0,12,0,12,0,12,0,12,0,12,0,12,0,12,11,18,0,12,0,12,0,12,16,19,0,12,0,12,0,12,0,12,0,12,0,12,0,12,0,12,0,12,0,12,0,12,840,228,35,38,840,228,0,12,14,17,41,43,17,25,846,228,183,120,0,12,12,17,412,170,218,118,0,12
"1307","060375741004","Block Group 4, Census Tract 5741, Los Angeles County, California",951,209,0,12,0,12,0,12,0,12,0,12,0,12,0,12,0,12,0,12,0,12,0,12,0,12,0,12,0,12,0,12,0,12,0,12,0,12,0,12,0,12,26,38,0,12,0,12,0,12,984,215,44,43,973,211,0,12,20,24,0,12,0,12,984,215,219,182,0,12,10,16,620,140,101,58,0,12
"1308","060375741001","Block Group 1, Census Tract 5741, Los Angeles County, California",872,187,0,12,0,12,0,12,0,12,0,12,0,12,0,12,0,12,0,12,0,12,0,12,0,12,0,12,0,12,0,12,0,12,2,4,2,5,0,12,0,12,13,22,0,12,0,12,0,12,911,195,9,14,911,195,19,31,7,14,8,14,0,12,924,199,23,27,0,12,89,123,497,152,313,141,0,12
"1309","060375741005","Block Group 5, Census Tract 5741, Los Angeles County, California",979,186,0,12,0,12,0,12,0,12,0,12,0,12,0,12,0,12,0,12,0,12,0,12,0,12,10,20,0,12,0,12,0,12,14,20,0,12,0,12,0,12,0,12,0,12,0,12,0,12,1085,206,69,77,1085,206,0,12,27,37,35,32,0,12,1085,206,114,68,0,12,18,20,688,195,196,116,0,12
"1310","060375741002","Block Group 2, Census Tract 5741, Los Angeles County, California",1058,209,0,12,0,12,0,12,0,12,0,12,0,12,0,12,0,12,0,12,0,12,0,12,0,12,19,21,0,12,0,12,0,12,0,12,0,12,0,12,0,12,0,12,0,12,0,12,0,12,1128,229,44,62,1118,228,0,12,0,12,7,11,0,12,1128,229,105,81,0,12,10,16,713,221,235,158,17,19
"1311","060375741003","Block Group 3, Census Tract 5741, Los Angeles County, California",837,161,0,12,0,12,0,12,0,12,0,12,0,12,0,12,0,12,0,12,0,12,0,12,0,12,0,12,0,12,0,12,0,12,0,12,0,12,0,12,0,12,0,12,0,12,0,12,0,12,893,178,51,67,893,178,0,12,0,12,36,40,0,12,893,178,59,51,0,12,3,7,568,134,224,122,0,12
"1312","060375744003","Block Group 3, Census Tract 5744, Los Angeles County, California",750,198,0,12,0,12,0,12,0,12,0,12,0,12,0,12,0,12,0,12,0,12,0,12,0,12,0,12,0,12,0,12,0,12,0,12,0,12,0,12,0,12,0,12,0,12,0,12,0,12,829,256,28,32,829,256,0,12,0,12,7,12,0,12,829,256,28,38,0,12,0,12,653,240,141,75,0,12
"1313","060375744005","Block Group 5, Census Tract 5744, Los Angeles County, California",852,209,0,12,0,12,0,12,0,12,0,12,0,12,0,12,0,12,8,13,0,12,0,12,0,12,0,12,0,12,0,12,0,12,0,12,0,12,0,12,0,12,0,12,0,12,0,12,0,12,918,217,13,20,918,217,0,12,0,12,0,12,0,12,918,217,20,23,0,12,0,12,650,200,191,156,0,12
"1314","060375744006","Block Group 6, Census Tract 5744, Los Angeles County, California",720,164,0,12,0,12,0,12,0,12,0,12,0,12,0,12,0,12,0,12,0,12,0,12,0,12,0,12,0,12,0,12,0,12,0,12,0,12,0,12,0,12,0,12,0,12,0,12,0,12,771,182,8,13,771,182,11,19,0,12,10,15,0,12,771,182,33,55,0,12,15,24,563,150,130,100,0,12
"1315","060375744002","Block Group 2, Census Tract 5744, Los Angeles County, California",751,224,0,12,0,12,0,12,0,12,0,12,0,12,0,12,0,12,0,12,0,12,0,12,0,12,0,12,0,12,0,12,0,12,0,12,0,12,0,12,0,12,0,12,0,12,0,12,0,12,774,227,32,38,774,227,0,12,0,12,9,14,0,12,774,227,110,65,0,12,13,20,412,105,187,172,0,12
"1316","060375744001","Block Group 1, Census Tract 5744, Los Angeles County, California",590,146,0,12,0,12,0,12,0,12,0,12,0,12,0,12,0,12,0,12,0,12,0,12,0,12,0,12,0,12,13,21,0,12,0,12,0,12,0,12,0,12,0,12,0,12,0,12,0,12,618,152,30,36,618,152,0,12,0,12,8,12,0,12,618,152,126,91,0,12,45,73,380,113,67,72,0,12
"1317","060375744004","Block Group 4, Census Tract 5744, Los Angeles County, California",1421,355,0,12,0,12,0,12,0,12,0,12,0,12,0,12,0,12,61,66,0,12,0,12,0,12,0,12,0,12,0,12,0,12,0,12,0,12,0,12,0,12,0,12,0,12,0,12,0,12,1561,374,86,81,1564,374,0,12,12,18,0,12,0,12,1564,374,104,88,12,19,172,260,641,198,556,250,0,12
"1318","060374824012","Block Group 2, Census Tract 4824.01, Los Angeles County, California",1110,253,0,12,0,12,0,12,0,12,0,12,0,12,0,12,0,12,17,17,0,12,0,12,0,12,161,74,57,50,0,12,0,12,61,63,16,25,0,12,0,12,32,24,14,15,0,12,0,12,1221,317,117,90,1221,317,0,12,11,17,47,35,16,25,1221,317,630,300,0,12,0,12,59,72,532,186,0,12
"1319","060374826003","Block Group 3, Census Tract 4826, Los Angeles County, California",1839,551,0,12,0,12,0,12,0,12,0,12,0,12,0,12,0,12,0,12,0,12,0,12,0,12,139,147,0,12,0,12,0,12,0,12,0,12,0,12,0,12,0,12,0,12,0,12,0,12,1859,553,54,72,1859,553,0,12,144,182,262,229,0,12,1859,553,682,303,0,12,0,12,53,46,979,488,119,160
"1320","060374826004","Block Group 4, Census Tract 4826, Los Angeles County, California",1208,321,0,12,0,12,0,12,0,12,0,12,0,12,0,12,0,12,0,12,14,22,0,12,0,12,22,27,0,12,0,12,0,12,0,12,0,12,0,12,0,12,46,60,35,50,0,12,0,12,1208,321,218,206,1208,321,0,12,0,12,8,15,0,12,1208,321,849,250,0,12,0,12,55,47,259,222,30,50
"1321","060374826001","Block Group 1, Census Tract 4826, Los Angeles County, California",1248,297,0,12,0,12,0,12,0,12,0,12,0,12,0,12,0,12,0,12,0,12,0,12,0,12,36,36,0,12,0,12,0,12,0,12,0,12,0,12,0,12,28,24,16,25,0,12,0,12,1248,297,0,12,1248,297,0,12,0,12,0,12,0,12,1248,297,1164,304,0,12,0,12,19,31,55,87,0,12
"1322","060374827022","Block Group 2, Census Tract 4827.02, Los Angeles County, California",985,195,10,14,0,12,0,12,0,12,0,12,0,12,0,12,0,12,4,13,5,8,0,12,0,12,51,41,24,18,0,12,0,12,0,12,0,12,0,12,0,12,19,16,20,18,0,12,0,12,1008,195,103,75,1008,195,0,12,12,15,10,14,0,12,1008,195,375,170,0,12,0,12,35,25,564,178,4,7
"1323","060374827021","Block Group 1, Census Tract 4827.02, Los Angeles County, California",1289,199,0,12,0,12,0,12,0,12,0,12,0,12,0,12,0,12,13,18,0,12,0,12,0,12,30,21,27,25,0,12,0,12,33,34,0,12,0,12,0,12,83,39,41,32,0,12,0,12,1355,211,28,24,1355,211,0,12,15,23,0,12,0,12,1365,211,716,151,0,12,27,34,143,101,445,134,0,12
"1324","060375002013","Block Group 3, Census Tract 5002.01, Los Angeles County, California",2203,449,0,12,0,12,0,12,0,12,0,12,0,12,0,12,0,12,0,12,0,12,0,12,0,12,15,24,0,12,0,12,0,12,19,29,9,20,0,12,0,12,0,12,0,12,0,12,0,12,2153,474,84,68,2153,474,0,12,28,39,41,47,20,32,2295,477,120,136,0,12,28,45,1329,346,702,366,0,12
"1325","060375002011","Block Group 1, Census Tract 5002.01, Los Angeles County, California",2064,393,15,28,0,12,0,12,0,12,0,12,0,12,0,12,0,12,33,40,0,12,0,12,0,12,23,36,0,12,0,12,0,12,12,18,11,19,0,12,0,12,0,12,0,12,0,12,0,12,2184,428,285,228,2184,428,17,30,59,59,80,75,0,12,2191,429,219,209,0,12,0,12,1412,404,560,261,0,12
"1326","060375002023","Block Group 3, Census Tract 5002.02, Los Angeles County, California",921,360,0,12,0,12,0,12,0,12,0,12,0,12,0,12,0,12,0,12,0,12,0,12,0,12,15,20,26,37,0,12,0,12,15,22,15,23,0,12,0,12,0,12,0,12,0,12,0,12,945,362,8,12,926,367,21,31,25,39,20,31,19,29,945,362,293,336,0,12,0,12,269,137,383,165,0,12
"1327","060375002022","Block Group 2, Census Tract 5002.02, Los Angeles County, California",914,281,0,12,0,12,0,12,0,12,0,12,0,12,0,12,0,12,0,12,51,80,0,12,0,12,0,12,0,12,0,12,0,12,11,14,0,12,9,14,0,12,0,12,14,22,0,12,0,12,896,281,6,10,896,281,0,12,10,17,26,41,0,12,914,281,86,73,0,12,0,12,181,80,647,252,0,12
"1328","060375724001","Block Group 1, Census Tract 5724, Los Angeles County, California",1302,430,0,12,0,12,0,12,0,12,5,7,0,12,0,12,0,12,54,79,0,12,0,12,0,12,27,20,0,12,0,12,0,12,0,12,7,10,0,12,0,12,6,8,0,12,0,12,0,12,1425,449,246,280,1425,449,5,7,76,80,47,48,0,12,1425,449,234,114,17,27,396,254,45,51,578,258,0,12
"1329","060375728001","Block Group 1, Census Tract 5728, Los Angeles County, California",960,343,5,7,0,12,0,12,0,12,0,12,0,12,0,12,0,12,0,12,21,37,5,7,0,12,0,12,0,12,0,12,0,12,0,12,0,12,0,12,0,12,0,12,0,12,0,12,0,12,927,345,579,321,986,349,11,11,54,50,13,18,0,12,986,349,71,58,4,10,324,137,187,101,304,171,0,12
"1330","060375732012","Block Group 2, Census Tract 5732.01, Los Angeles County, California",2115,354,0,12,0,12,0,12,0,12,0,12,0,12,0,12,0,12,101,101,4,12,0,12,0,12,37,41,14,20,0,12,0,12,29,26,43,48,0,12,0,12,31,33,9,15,0,12,0,12,2207,377,748,254,2244,387,6,15,138,68,126,98,0,12,2244,387,304,148,0,12,270,135,118,61,1518,385,0,12
"1331","060375732011","Block Group 1, Census Tract 5732.01, Los Angeles County, California",2192,402,19,30,0,12,9,14,0,12,17,19,0,12,0,12,0,12,105,79,8,13,0,12,0,12,69,45,0,12,8,13,0,12,12,18,0,12,0,12,0,12,22,35,0,12,0,12,0,12,2352,419,648,324,2353,419,16,18,140,72,92,60,0,12,2353,419,740,278,0,12,110,73,124,91,1372,370,0,12
"1332","060375733002","Block Group 2, Census Tract 5733, Los Angeles County, California",994,259,0,12,0,12,0,12,0,12,0,12,0,12,0,12,0,12,44,41,30,36,0,12,0,12,82,48,12,22,0,12,0,12,23,35,0,12,0,12,0,12,11,17,22,35,0,12,0,12,1039,282,88,113,1039,282,0,12,30,38,98,72,0,12,1039,282,475,213,0,12,229,135,30,47,305,195,0,12
"1333","060375742012","Block Group 2, Census Tract 5742.01, Los Angeles County, California",758,266,0,12,0,12,0,12,0,12,0,12,0,12,0,12,0,12,18,27,0,12,0,12,0,12,2,9,0,12,0,12,0,12,0,12,0,12,0,12,0,12,0,12,0,12,0,12,0,12,885,309,9,16,885,309,0,12,0,12,15,23,0,12,885,309,61,68,0,12,51,41,448,129,308,223,0,12
"1334","060375742014","Block Group 4, Census Tract 5742.01, Los Angeles County, California",387,94,0,12,0,12,0,12,0,12,0,12,0,12,0,12,0,12,0,12,0,12,0,12,0,12,0,12,0,12,0,12,0,12,0,12,0,12,0,12,0,12,0,12,0,12,10,17,0,12,411,104,14,19,411,104,0,12,7,12,1,11,0,12,411,104,43,38,0,12,10,17,332,98,13,17,0,12
"1335","060375742013","Block Group 3, Census Tract 5742.01, Los Angeles County, California",670,220,0,12,0,12,0,12,0,12,0,12,0,12,0,12,0,12,0,12,0,12,0,12,0,12,33,49,0,12,0,12,0,12,0,12,0,12,0,12,0,12,0,12,0,12,0,12,0,12,692,226,0,12,692,226,0,12,0,12,13,20,0,12,692,226,81,51,0,12,9,14,311,91,260,208,0,12
"1336","060375750021","Block Group 1, Census Tract 5750.02, Los Angeles County, California",2160,394,0,12,0,12,0,12,0,12,0,12,0,12,0,12,0,12,0,12,0,12,0,12,0,12,5,10,0,12,0,12,0,12,0,12,8,16,0,12,0,12,5,10,14,23,0,12,0,12,2168,410,167,98,2168,410,0,12,71,68,24,20,0,12,2328,428,566,252,0,12,235,154,816,238,591,276,0,12
"1337","060375750022","Block Group 2, Census Tract 5750.02, Los Angeles County, California",1240,258,0,12,0,12,0,12,0,12,0,12,0,12,0,12,0,12,17,27,22,34,0,12,0,12,0,12,0,12,0,12,0,12,0,12,3,7,0,12,0,12,3,6,0,12,0,12,0,12,1302,309,257,155,1302,309,0,12,49,77,13,20,0,12,1395,330,92,74,0,12,95,71,449,155,715,298,0,12
"1338","060375752023","Block Group 3, Census Tract 5752.02, Los Angeles County, California",860,256,33,54,0,12,0,12,0,12,0,12,0,12,0,12,0,12,57,48,138,94,0,12,0,12,28,28,0,12,0,12,0,12,0,12,40,45,0,12,0,12,7,11,24,27,0,12,0,12,907,274,428,215,907,274,50,81,56,62,113,80,0,12,907,274,238,117,0,12,89,90,28,28,552,261,0,12
"1339","060375766011","Block Group 1, Census Tract 5766.01, Los Angeles County, California",2328,361,0,12,0,12,0,12,0,12,0,12,0,12,0,12,0,12,0,12,0,12,0,12,0,12,0,12,0,12,0,12,0,12,0,12,0,12,0,12,0,12,0,12,0,12,0,12,0,12,2358,355,256,150,2358,355,0,12,79,77,0,12,0,12,2358,355,65,56,41,72,139,90,1428,335,666,298,0,12
"1340","060375766012","Block Group 2, Census Tract 5766.01, Los Angeles County, California",626,202,0,12,0,12,0,12,0,12,0,12,0,12,0,12,0,12,12,21,0,12,15,26,0,12,0,12,0,12,0,12,0,12,0,12,0,12,0,12,0,12,0,12,0,12,0,12,0,12,680,231,47,42,680,231,0,12,0,12,27,27,0,12,680,231,0,12,0,12,203,184,337,152,140,112,0,12
"1341","060372213021","Block Group 1, Census Tract 2213.02, Los Angeles County, California",2506,474,0,12,0,12,0,12,0,12,0,12,0,12,0,12,0,12,375,152,290,236,0,12,0,12,47,44,0,12,0,12,0,12,0,12,52,56,0,12,0,12,16,21,28,33,0,12,0,12,2688,530,317,155,2700,531,0,12,234,110,327,203,0,12,2700,531,204,127,0,12,284,115,94,95,2062,541,0,12
"1342","060372242002","Block Group 2, Census Tract 2242, Los Angeles County, California",553,162,0,12,6,11,0,12,0,12,0,12,0,12,0,12,0,12,38,40,16,23,0,12,0,12,0,12,0,12,0,12,0,12,0,12,52,37,0,12,0,12,0,12,0,12,0,12,0,12,556,176,80,55,556,176,0,12,39,35,47,44,0,12,573,176,16,24,0,12,62,33,60,78,409,185,0,12
"1343","060374612004","Block Group 4, Census Tract 4612, Los Angeles County, California",1538,433,11,17,0,12,0,12,0,12,0,12,0,12,0,12,0,12,47,64,32,50,0,12,0,12,0,12,0,12,0,12,0,12,0,12,41,64,0,12,0,12,0,12,0,12,0,12,0,12,1593,477,61,44,1604,480,0,12,37,33,154,106,0,12,1611,483,92,65,0,12,338,187,671,227,482,407,0,12
"1344","060374612001","Block Group 1, Census Tract 4612, Los Angeles County, California",891,206,0,12,0,12,0,12,0,12,0,12,0,12,0,12,0,12,0,12,0,12,23,24,0,12,0,12,0,12,0,12,0,12,0,12,0,12,23,24,0,12,0,12,0,12,0,12,0,12,918,210,0,12,918,210,0,12,0,12,0,12,0,12,918,210,39,41,0,12,33,40,765,208,40,47,8,12
"1345","060374627001","Block Group 1, Census Tract 4627, Los Angeles County, California",622,202,0,12,0,12,0,12,0,12,0,12,0,12,0,12,0,12,0,12,0,12,0,12,0,12,0,12,0,12,0,12,0,12,0,12,0,12,0,12,0,12,0,12,0,12,0,12,0,12,657,231,61,47,657,231,0,12,0,12,20,31,0,12,657,231,134,99,0,12,27,35,261,121,217,168,0,12
"1346","060374627005","Block Group 5, Census Tract 4627, Los Angeles County, California",1329,292,0,12,0,12,0,12,0,12,0,12,0,12,0,12,0,12,117,115,0,12,0,12,0,12,38,61,0,12,0,12,0,12,0,12,0,12,0,12,0,12,0,12,0,12,0,12,0,12,1639,447,294,247,1639,447,0,12,158,120,22,35,0,12,1648,448,386,175,0,12,104,103,354,139,738,396,0,12
"1347","060374627004","Block Group 4, Census Tract 4627, Los Angeles County, California",1097,330,0,12,0,12,0,12,0,12,0,12,0,12,0,12,0,12,30,36,15,25,13,22,0,12,0,12,0,12,0,12,0,12,13,23,0,12,0,12,0,12,0,12,0,12,0,12,0,12,1202,355,235,155,1202,355,0,12,40,65,60,44,0,12,1202,355,265,203,0,12,106,167,273,134,460,239,0,12
"1348","060374632003","Block Group 3, Census Tract 4632, Los Angeles County, California",663,203,0,12,0,12,0,12,0,12,0,12,0,12,0,12,0,12,9,15,0,12,0,12,0,12,12,19,0,12,0,12,0,12,0,12,0,12,0,12,0,12,0,12,0,12,0,12,0,12,663,203,8,13,663,203,0,12,29,28,0,12,0,12,663,203,315,225,18,21,63,44,119,40,120,74,0,12
"1349","060374632001","Block Group 1, Census Tract 4632, Los Angeles County, California",1401,289,0,12,0,12,0,12,0,12,0,12,0,12,0,12,0,12,1,2,0,12,0,12,0,12,0,12,0,12,0,12,0,12,84,76,0,12,0,12,0,12,0,12,0,12,0,12,0,12,1498,313,168,134,1498,313,0,12,20,30,73,78,0,12,1498,313,142,75,0,12,127,175,687,232,452,158,0,12
"1350","060374638004","Block Group 4, Census Tract 4638, Los Angeles County, California",1152,234,0,12,0,12,0,12,0,12,0,12,0,12,0,12,0,12,0,12,0,12,0,12,0,12,0,12,0,12,0,12,0,12,0,12,0,12,0,12,0,12,0,12,0,12,0,12,0,12,1252,270,27,32,1252,270,0,12,0,12,0,12,0,12,1252,270,300,139,0,12,0,12,636,130,91,57,0,12
"1351","060374638002","Block Group 2, Census Tract 4638, Los Angeles County, California",900,219,0,12,0,12,0,12,0,12,0,12,0,12,0,12,0,12,12,21,0,12,0,12,0,12,0,12,0,12,0,12,0,12,0,12,0,12,0,12,0,12,0,12,0,12,0,12,0,12,953,226,58,54,953,226,0,12,0,12,0,12,0,12,953,226,211,155,0,12,24,26,546,178,161,77,0,12
"1352","060374640005","Block Group 5, Census Tract 4640, Los Angeles County, California",1434,360,0,12,0,12,0,12,0,12,0,12,0,12,0,12,0,12,0,12,0,12,0,12,0,12,0,12,0,12,0,12,0,12,0,12,0,12,0,12,0,12,0,12,0,12,0,12,0,12,1466,365,57,92,1466,365,0,12,62,77,0,12,0,12,1498,366,263,130,0,12,321,306,424,128,437,204,0,12
"1353","060374640002","Block Group 2, Census Tract 4640, Los Angeles County, California",636,176,0,12,0,12,0,12,0,12,0,12,0,12,0,12,0,12,0,12,0,12,0,12,0,12,0,12,0,12,0,12,0,12,0,12,0,12,0,12,0,12,0,12,0,12,0,12,0,12,663,184,44,74,663,184,0,12,0,12,0,12,0,12,663,184,123,109,0,12,47,74,469,147,24,36,0,12
"1354","060374640004","Block Group 4, Census Tract 4640, Los Angeles County, California",911,229,0,12,0,12,0,12,0,12,0,12,0,12,0,12,0,12,0,12,0,12,0,12,0,12,0,12,0,12,0,12,0,12,25,41,0,12,0,12,0,12,0,12,0,12,0,12,0,12,977,253,104,104,977,253,0,12,0,12,0,12,0,12,977,253,150,131,0,12,0,12,575,163,252,140,0,12
"1355","060374305012","Block Group 2, Census Tract 4305.01, Los Angeles County, California",1114,254,0,12,0,12,0,12,0,12,0,12,0,12,0,12,0,12,7,11,1,2,0,12,0,12,0,12,0,12,0,12,0,12,0,12,0,12,0,12,0,12,11,17,0,12,0,12,0,12,1176,278,31,42,1176,278,0,12,0,12,0,12,0,12,1176,278,55,40,0,12,47,42,973,264,24,35,0,12
"1356","060374305014","Block Group 4, Census Tract 4305.01, Los Angeles County, California",1217,193,0,12,0,12,0,12,0,12,6,10,0,12,0,12,0,12,0,12,0,12,0,12,0,12,20,32,0,12,0,12,0,12,0,12,0,12,0,12,0,12,0,12,0,12,0,12,0,12,1258,213,50,65,1258,213,0,12,0,12,12,18,0,12,1258,213,407,234,0,12,0,12,643,171,115,106,0,12
"1357","060374305011","Block Group 1, Census Tract 4305.01, Los Angeles County, California",869,200,0,12,0,12,0,12,0,12,0,12,0,12,0,12,0,12,0,12,0,12,0,12,0,12,0,12,0,12,0,12,0,12,0,12,0,12,0,12,0,12,0,12,0,12,0,12,0,12,957,234,53,83,957,234,0,12,0,12,0,12,0,12,957,234,152,82,0,12,0,12,653,195,73,112,8,14
"1358","060374308013","Block Group 3, Census Tract 4308.01, Los Angeles County, California",1832,610,0,12,0,12,0,12,0,12,0,12,0,12,0,12,0,12,0,12,0,12,23,39,0,12,208,212,0,12,0,12,0,12,0,12,0,12,34,57,0,12,40,51,0,12,0,12,0,12,1953,680,174,281,2004,715,0,12,0,12,162,127,0,12,2004,715,1180,592,0,12,52,80,423,268,269,328,0,12
"1359","060375526021","Block Group 1, Census Tract 5526.02, Los Angeles County, California",1560,307,0,12,0,12,0,12,0,12,0,12,0,12,0,12,0,12,31,32,0,12,0,12,0,12,0,12,0,12,0,12,0,12,0,12,0,12,0,12,0,12,53,39,0,12,0,12,0,12,1683,357,293,173,1717,378,0,12,98,77,109,65,0,12,1717,378,497,166,0,12,79,123,188,101,888,377,19,28
"1360","060375526023","Block Group 3, Census Tract 5526.02, Los Angeles County, California",1703,365,0,12,0,12,0,12,0,12,0,12,0,12,0,12,0,12,63,50,9,16,0,12,0,12,67,61,0,12,0,12,0,12,53,33,0,12,0,12,0,12,8,14,0,12,0,12,0,12,1758,384,618,343,1758,384,69,77,180,126,165,115,12,18,1758,384,439,203,0,12,125,109,159,121,1035,373,0,12
"1361","060375526022","Block Group 2, Census Tract 5526.02, Los Angeles County, California",863,295,11,17,0,12,0,12,0,12,0,12,0,12,0,12,0,12,53,41,70,56,0,12,0,12,11,17,0,12,0,12,0,12,9,16,0,12,0,12,0,12,12,20,0,12,0,12,0,12,941,314,62,114,941,314,0,12,33,40,23,33,0,12,941,314,416,211,0,12,26,43,23,26,476,227,0,12
"1362","060375527004","Block Group 4, Census Tract 5527, Los Angeles County, California",1053,327,0,12,0,12,18,31,0,12,0,12,0,12,0,12,0,12,21,34,11,18,0,12,0,12,8,13,0,12,0,12,0,12,0,12,13,20,0,12,0,12,18,28,0,12,0,12,0,12,1134,349,107,86,1134,349,27,47,11,16,57,54,0,12,1134,349,157,132,0,12,0,12,63,53,903,341,0,12
"1363","060371134011","Block Group 1, Census Tract 1134.01, Los Angeles County, California",2289,528,0,12,0,12,0,12,0,12,0,12,0,12,0,12,0,12,39,44,0,12,0,12,0,12,10,18,0,12,0,12,0,12,12,19,0,12,50,45,11,19,72,63,10,16,0,12,0,12,2344,566,340,180,2344,566,42,65,147,153,59,72,0,12,2383,568,432,195,5,11,28,65,868,173,844,491,0,12
"1364","060371134013","Block Group 3, Census Tract 1134.01, Los Angeles County, California",1982,537,0,12,0,12,0,12,0,12,0,12,0,12,0,12,0,12,175,149,38,46,0,12,0,12,7,13,0,12,0,12,0,12,0,12,0,12,9,15,0,12,16,23,0,12,0,12,0,12,2158,561,428,440,2158,561,13,20,111,88,155,101,0,12,2158,561,346,217,0,12,104,77,498,162,1011,584,0,12
"1365","060374328023","Block Group 3, Census Tract 4328.02, Los Angeles County, California",1757,356,0,12,0,12,0,12,0,12,0,12,0,12,0,12,0,12,196,97,153,90,0,12,0,12,87,55,33,38,0,12,0,12,59,39,39,38,0,12,0,12,0,12,42,38,0,12,0,12,1975,439,588,368,1975,439,0,12,44,43,98,67,0,12,1975,439,320,155,29,46,0,12,10,15,1608,413,0,12
"1366","060374328021","Block Group 1, Census Tract 4328.02, Los Angeles County, California",1761,454,0,12,30,48,0,12,0,12,0,12,0,12,0,12,0,12,258,135,152,105,0,12,0,12,88,79,54,59,0,12,0,12,0,12,9,14,0,12,0,12,12,28,19,20,0,12,0,12,1965,542,832,436,1965,542,0,12,248,155,252,129,0,12,1965,542,430,224,0,12,0,12,47,45,1452,516,0,12
"1367","060374328022","Block Group 2, Census Tract 4328.02, Los Angeles County, California",1089,305,0,12,0,12,0,12,0,12,0,12,0,12,0,12,0,12,34,34,57,79,0,12,0,12,147,95,23,31,0,12,0,12,7,11,27,32,0,12,0,12,22,33,57,41,0,12,0,12,1137,315,200,143,1137,315,33,39,46,77,72,56,0,12,1137,315,484,206,0,12,0,12,31,39,622,233,0,12
"1368","060374336011","Block Group 1, Census Tract 4336.01, Los Angeles County, California",1303,420,0,12,0,12,0,12,0,12,0,12,0,12,0,12,0,12,0,12,0,12,0,12,0,12,188,106,120,132,0,12,0,12,0,12,0,12,0,12,0,12,136,73,133,98,0,12,0,12,1362,399,102,101,1362,399,0,12,0,12,11,24,0,12,1362,399,1195,386,0,12,0,12,6,10,161,134,0,12
"1369","060374336012","Block Group 2, Census Tract 4336.01, Los Angeles County, California",3371,491,0,12,9,14,0,12,0,12,20,23,7,11,0,12,0,12,129,87,53,61,0,12,0,12,285,102,146,93,0,12,0,12,56,41,11,18,0,12,0,12,215,86,110,78,0,12,0,12,3704,576,483,268,3704,576,23,28,79,48,116,61,11,18,3704,576,2117,450,0,12,0,12,116,83,1471,402,0,12
"1370","060374061011","Block Group 1, Census Tract 4061.01, Los Angeles County, California",761,210,0,12,0,12,0,12,0,12,0,12,0,12,0,12,0,12,0,12,0,12,0,12,0,12,0,12,0,12,0,12,0,12,0,12,15,24,0,12,0,12,19,28,0,12,0,12,0,12,868,306,19,19,868,306,0,12,0,12,15,22,0,12,868,306,90,88,0,12,101,93,149,86,459,284,47,53
"1371","060374061012","Block Group 2, Census Tract 4061.01, Los Angeles County, California",1317,258,0,12,0,12,0,12,0,12,14,24,0,12,0,12,0,12,24,36,0,12,0,12,0,12,9,15,0,12,4,9,0,12,19,21,11,16,0,12,0,12,0,12,5,11,0,12,0,12,1349,247,142,79,1349,247,0,12,25,40,3,7,24,27,1443,276,184,105,0,12,11,24,305,114,869,242,0,12
"1372","060374061013","Block Group 3, Census Tract 4061.01, Los Angeles County, California",769,223,24,36,0,12,0,12,0,12,0,12,0,12,0,12,0,12,4,10,0,12,0,12,0,12,0,12,0,12,0,12,0,12,0,12,0,12,0,12,0,12,0,12,0,12,0,12,0,12,794,230,47,43,794,230,0,12,35,41,29,28,0,12,794,230,31,22,0,12,0,12,202,107,548,207,13,20
"1373","060374072003","Block Group 3, Census Tract 4072, Los Angeles County, California",1287,355,13,20,0,12,0,12,0,12,0,12,0,12,0,12,0,12,186,115,32,49,0,12,0,12,36,64,0,12,0,12,0,12,99,84,31,36,0,12,0,12,0,12,0,12,0,12,0,12,1325,392,134,143,1347,397,42,46,12,20,63,71,0,12,1347,397,73,104,0,12,0,12,146,81,1128,375,0,12
"1374","060374072001","Block Group 1, Census Tract 4072, Los Angeles County, California",1654,445,16,21,0,12,0,12,0,12,10,15,0,12,0,12,0,12,130,94,50,56,0,12,0,12,20,30,0,12,0,12,0,12,33,32,62,64,0,12,0,12,0,12,23,43,0,12,0,12,1713,447,166,209,1713,447,73,71,109,84,135,113,0,12,1713,447,119,127,0,12,2,5,96,113,1496,471,0,12
"1375","060374072002","Block Group 2, Census Tract 4072, Los Angeles County, California",1435,447,0,12,0,12,0,12,0,12,0,12,0,12,0,12,0,12,301,141,56,54,0,12,0,12,14,25,0,12,0,12,0,12,0,12,34,48,0,12,0,12,0,12,0,12,0,12,0,12,1477,452,275,220,1477,452,83,93,77,79,294,176,0,12,1477,452,43,74,0,12,0,12,0,12,1434,465,0,12
"1376","060374082022","Block Group 2, Census Tract 4082.02, Los Angeles County, California",947,223,16,26,0,12,0,12,0,12,0,12,0,12,0,12,0,12,63,42,49,47,0,12,0,12,0,12,0,12,0,12,0,12,0,12,0,12,0,12,0,12,6,9,19,20,0,12,0,12,1001,261,214,190,1001,261,31,46,77,85,124,62,0,12,1013,260,50,43,0,12,0,12,28,15,892,266,0,12
"1377","060374087061","Block Group 1, Census Tract 4087.06, Los Angeles County, California",1734,311,0,12,0,12,0,12,0,12,17,17,0,12,0,12,0,12,0,12,0,12,0,12,0,12,92,41,23,25,0,12,0,12,16,26,0,12,4,7,0,12,85,61,14,15,0,12,0,12,1835,321,84,71,1835,321,0,12,8,9,55,37,0,12,1835,321,1111,232,4,8,7,10,222,84,308,131,136,212
"1378","060374303011","Block Group 1, Census Tract 4303.01, Los Angeles County, California",1005,253,0,12,0,12,0,12,0,12,0,12,0,12,0,12,0,12,0,12,0,12,0,12,0,12,0,12,0,12,0,12,0,12,0,12,0,12,0,12,0,12,0,12,0,12,0,12,0,12,1048,273,33,40,1048,273,0,12,16,26,0,12,0,12,1048,273,66,62,0,12,0,12,717,247,228,105,0,12
"1379","060374303013","Block Group 3, Census Tract 4303.01, Los Angeles County, California",1164,224,0,12,0,12,0,12,0,12,0,12,0,12,0,12,0,12,0,12,0,12,0,12,0,12,10,15,0,12,0,12,0,12,0,12,0,12,0,12,0,12,37,54,0,12,0,12,0,12,1210,234,70,60,1219,237,0,12,9,13,0,12,0,12,1219,237,202,129,0,12,12,17,812,175,193,82,0,12
"1380","060374303024","Block Group 4, Census Tract 4303.02, Los Angeles County, California",975,248,52,80,0,12,0,12,0,12,0,12,0,12,0,12,0,12,0,12,0,12,0,12,0,12,0,12,0,12,0,12,0,12,0,12,0,12,0,12,0,12,0,12,0,12,0,12,0,12,994,250,24,24,994,250,0,12,0,12,39,58,0,12,994,250,59,44,14,23,39,62,526,218,272,146,0,12
"1381","060374303022","Block Group 2, Census Tract 4303.02, Los Angeles County, California",986,259,0,12,0,12,0,12,0,12,0,12,0,12,0,12,0,12,0,12,0,12,0,12,0,12,17,26,0,12,0,12,0,12,0,12,0,12,0,12,0,12,0,12,0,12,0,12,0,12,990,242,56,92,1015,256,0,12,13,21,0,12,0,12,1015,256,169,135,0,12,9,17,585,184,129,115,0,12
"1382","060374320005","Block Group 5, Census Tract 4320, Los Angeles County, California",1033,340,0,12,0,12,0,12,0,12,0,12,0,12,0,12,0,12,38,61,0,12,0,12,0,12,160,177,0,12,0,12,0,12,0,12,51,80,0,12,0,12,16,25,0,12,0,12,0,12,1138,380,207,196,1138,380,0,12,40,64,15,25,51,80,1138,380,533,283,0,12,0,12,216,162,389,305,0,12
"1383","060374320004","Block Group 4, Census Tract 4320, Los Angeles County, California",740,342,0,12,0,12,0,12,0,12,0,12,0,12,0,12,0,12,49,78,37,59,0,12,0,12,12,20,23,36,0,12,0,12,0,12,0,12,0,12,0,12,0,12,0,12,0,12,0,12,785,395,69,106,785,395,0,12,49,78,0,12,0,12,785,395,412,390,0,12,0,12,232,164,131,152,0,12
"1384","060371910001","Block Group 1, Census Tract 1910, Los Angeles County, California",1359,486,0,12,0,12,0,12,0,12,0,12,0,12,0,12,0,12,0,12,0,12,0,12,0,12,0,12,0,12,0,12,0,12,0,12,0,12,76,100,0,12,0,12,0,12,0,12,0,12,1359,486,213,182,1359,486,0,12,33,38,80,98,0,12,1359,486,23,103,0,12,345,309,717,297,258,194,0,12
"1385","060371910002","Block Group 2, Census Tract 1910, Los Angeles County, California",1782,507,0,12,0,12,0,12,0,12,0,12,0,12,0,12,0,12,148,111,63,70,31,59,0,12,0,12,0,12,0,12,0,12,0,12,0,12,0,12,0,12,0,12,0,12,0,12,0,12,1909,531,385,282,1909,531,0,12,63,58,284,211,0,12,1909,531,102,119,0,12,111,128,506,215,1139,388,0,12
"1386","060371912012","Block Group 2, Census Tract 1912.01, Los Angeles County, California",2492,594,0,12,0,12,0,12,0,12,0,12,0,12,0,12,0,12,25,37,25,42,23,31,16,25,0,12,0,12,0,12,0,12,13,16,0,12,76,50,70,51,16,25,12,20,0,12,0,12,2207,571,464,198,2509,591,11,27,87,117,178,137,0,12,2509,591,452,210,0,12,49,70,1417,487,509,276,0,12
"1387","060371917101","Block Group 1, Census Tract 1917.10, Los Angeles County, California",906,202,19,30,0,12,0,12,0,12,0,12,0,12,0,12,0,12,82,87,39,63,61,47,20,31,0,12,0,12,0,12,0,12,43,48,33,38,7,14,23,34,0,12,0,12,0,12,0,12,906,202,343,207,906,202,19,30,42,36,63,55,0,12,906,202,31,35,0,12,39,36,338,121,468,215,0,12
"1388","060371927001","Block Group 1, Census Tract 1927, Los Angeles County, California",2763,443,124,139,0,12,0,12,0,12,0,12,0,12,0,12,0,12,286,142,8,13,0,12,0,12,14,16,19,29,0,12,0,12,56,48,0,12,0,12,0,12,14,20,8,13,0,12,0,12,2792,443,251,185,2792,443,0,12,316,201,244,160,9,13,2792,443,586,226,0,12,0,12,220,125,1881,430,0,12
"1389","060371927002","Block Group 2, Census Tract 1927, Los Angeles County, California",657,275,0,12,0,12,0,12,0,12,0,12,0,12,0,12,0,12,74,74,0,12,0,12,0,12,0,12,0,12,0,12,0,12,0,12,0,12,0,12,0,12,0,12,0,12,0,12,0,12,657,275,464,225,657,275,0,12,53,49,49,44,0,12,657,275,50,39,0,12,66,73,191,125,265,145,0,12
"1390","060371942002","Block Group 2, Census Tract 1942, Los Angeles County, California",1242,288,0,12,0,12,0,12,0,12,0,12,0,12,0,12,0,12,0,12,0,12,0,12,0,12,0,12,0,12,0,12,0,12,0,12,0,12,0,12,0,12,0,12,0,12,0,12,0,12,1209,268,20,25,1271,291,0,12,40,57,13,19,0,12,1271,291,0,12,0,12,0,12,1006,227,78,56,19,24
"1391","060374030003","Block Group 3, Census Tract 4030, Los Angeles County, California",1638,556,1,5,0,12,0,12,0,12,0,12,0,12,0,12,0,12,115,88,41,53,0,12,0,12,86,68,12,20,0,12,0,12,44,53,18,27,0,12,0,12,10,17,0,12,0,12,0,12,1671,564,169,158,1671,564,11,20,30,50,22,37,0,12,1671,564,295,151,0,12,36,57,64,51,1243,558,0,12
"1392","060374030002","Block Group 2, Census Tract 4030, Los Angeles County, California",1320,470,0,12,0,12,0,12,0,12,0,12,0,12,0,12,0,12,193,119,92,86,0,12,0,12,0,12,0,12,0,12,0,12,58,55,26,40,0,12,0,12,0,12,0,12,0,12,0,12,1487,546,364,219,1541,574,13,20,75,80,70,74,0,12,1541,574,0,12,0,12,215,236,35,57,1291,461,0,12
"1393","060374033222","Block Group 2, Census Tract 4033.22, Los Angeles County, California",1587,247,0,12,0,12,0,12,0,12,28,35,10,16,0,12,0,12,0,12,0,12,0,12,0,12,92,53,50,48,0,12,0,12,0,12,0,12,0,12,0,12,6,12,54,56,0,12,0,12,1677,268,159,121,1677,268,62,90,14,22,106,91,0,12,1677,268,1253,281,0,12,0,12,237,105,151,103,0,12
"1394","060374033221","Block Group 1, Census Tract 4033.22, Los Angeles County, California",1970,248,0,12,0,12,0,12,0,12,12,18,0,12,0,12,0,12,0,12,0,12,0,12,0,12,86,55,12,18,0,12,0,12,1,4,0,12,0,12,0,12,49,39,20,32,0,12,0,12,2026,261,32,36,2026,261,0,12,20,31,1,3,0,12,2026,261,773,226,0,12,67,82,641,181,471,145,0,12
"1395","060374033252","Block Group 2, Census Tract 4033.25, Los Angeles County, California",1473,340,0,12,0,12,0,12,0,12,22,34,0,12,0,12,0,12,0,12,0,12,0,12,0,12,93,61,0,12,0,12,0,12,0,12,0,12,12,19,0,12,0,12,39,45,0,12,0,12,1526,349,21,33,1526,349,0,12,41,48,38,38,0,12,1526,349,636,213,0,12,120,188,387,189,383,244,0,12
"1396","060374011023","Block Group 3, Census Tract 4011.02, Los Angeles County, California",799,187,0,12,0,12,0,12,0,12,0,12,0,12,0,12,0,12,0,12,0,12,0,12,0,12,0,12,0,12,0,12,0,12,0,12,0,12,0,12,0,12,0,12,0,12,0,12,0,12,955,242,50,51,955,242,44,69,104,117,8,12,0,12,1020,244,299,150,0,12,21,32,437,244,256,177,0,12
"1397","060374022003","Block Group 3, Census Tract 4022, Los Angeles County, California",1946,551,0,12,0,12,20,34,0,12,0,12,0,12,0,12,0,12,45,76,0,12,0,12,0,12,28,45,0,12,0,12,0,12,20,32,0,12,0,12,0,12,0,12,19,31,0,12,0,12,2024,605,124,105,2069,649,0,12,18,29,65,77,0,12,2074,649,149,133,0,12,192,128,380,202,1344,615,0,12
"1398","060374022001","Block Group 1, Census Tract 4022, Los Angeles County, California",1955,381,0,12,0,12,0,12,0,12,0,12,0,12,0,12,0,12,0,12,15,25,0,12,0,12,6,12,0,12,0,12,14,25,51,54,0,12,0,12,0,12,39,54,0,12,0,12,0,12,2144,450,266,207,2144,450,0,12,0,12,17,28,0,12,2144,450,424,375,0,12,216,183,410,180,1076,333,0,12
"1399","060374033122","Block Group 2, Census Tract 4033.12, Los Angeles County, California",2232,357,0,12,0,12,0,12,0,12,0,12,0,12,0,12,0,12,73,80,10,15,43,51,0,12,64,42,37,44,0,12,0,12,10,17,38,49,0,12,0,12,43,46,50,43,0,12,0,12,2371,365,103,90,2371,365,0,12,78,63,120,76,15,23,2371,365,1000,264,0,12,0,12,392,179,951,281,0,12
"1400","060374033123","Block Group 3, Census Tract 4033.12, Los Angeles County, California",974,201,0,12,0,12,0,12,0,12,9,17,0,12,0,12,0,12,0,12,0,12,0,12,0,12,0,12,0,12,0,12,0,12,0,12,41,59,0,12,0,12,0,12,0,12,0,12,0,12,1026,205,43,50,1026,205,0,12,19,30,0,12,0,12,1026,205,429,182,0,12,11,18,274,132,312,190,0,12
"1401","060376200012","Block Group 2, Census Tract 6200.01, Los Angeles County, California",1197,254,0,12,0,12,0,12,0,12,0,12,0,12,0,12,0,12,0,12,0,12,0,12,0,12,0,12,0,12,0,12,0,12,0,12,0,12,0,12,0,12,0,12,0,12,0,12,0,12,1240,260,46,50,1240,260,0,12,9,14,11,17,0,12,1247,262,196,143,0,12,17,26,678,167,298,166,0,12
"1402","060376200013","Block Group 3, Census Tract 6200.01, Los Angeles County, California",1724,352,0,12,0,12,0,12,0,12,0,12,0,12,0,12,0,12,0,12,0,12,0,12,0,12,0,12,0,12,0,12,0,12,19,21,0,12,0,12,0,12,0,12,16,24,0,12,0,12,1858,361,90,108,1858,361,0,12,12,17,11,18,0,12,1858,361,52,49,0,12,168,243,1328,367,179,126,0,12
"1403","060376200023","Block Group 3, Census Tract 6200.02, Los Angeles County, California",939,150,0,12,0,12,0,12,0,12,0,12,0,12,0,12,0,12,0,12,0,12,0,12,0,12,0,12,0,12,0,12,0,12,0,12,0,12,0,12,0,12,0,12,0,12,0,12,0,12,978,156,37,60,978,156,20,32,0,12,9,15,0,12,978,156,65,39,0,12,0,12,776,150,74,53,0,12
"1404","060376200022","Block Group 2, Census Tract 6200.02, Los Angeles County, California",1284,237,0,12,0,12,0,12,0,12,0,12,0,12,0,12,0,12,10,17,0,12,0,12,0,12,9,14,0,12,0,12,0,12,0,12,0,12,0,12,0,12,0,12,0,12,0,12,0,12,1393,262,70,50,1393,262,0,12,14,24,0,12,0,12,1393,262,370,213,0,12,0,12,786,234,177,117,0,12
"1405","060376021062","Block Group 2, Census Tract 6021.06, Los Angeles County, California",1487,410,0,12,39,64,0,12,0,12,0,12,0,12,0,12,0,12,146,114,137,132,0,12,0,12,0,12,0,12,0,12,0,12,15,25,10,19,0,12,0,12,0,12,0,12,0,12,0,12,1599,473,364,280,1599,473,0,12,37,59,117,98,10,19,1599,473,270,213,0,12,74,53,146,76,1096,430,0,12
"1406","060376021063","Block Group 3, Census Tract 6021.06, Los Angeles County, California",632,274,0,12,0,12,0,12,0,12,0,12,0,12,0,12,0,12,76,72,0,12,0,12,0,12,0,12,0,12,0,12,0,12,11,20,0,12,0,12,0,12,0,12,0,12,0,12,0,12,685,302,56,56,685,302,9,17,17,27,12,20,0,12,685,302,21,35,0,12,0,12,117,69,494,271,0,12
"1407","060376021061","Block Group 1, Census Tract 6021.06, Los Angeles County, California",2770,570,20,33,0,12,0,12,0,12,0,12,0,12,0,12,0,12,121,100,24,28,0,12,0,12,0,12,0,12,0,12,0,12,19,31,0,12,0,12,0,12,0,12,0,12,0,12,0,12,3119,632,617,357,3119,632,94,144,207,175,123,87,0,12,3119,632,435,281,0,12,769,369,433,194,1473,490,0,12
"1408","060376026003","Block Group 3, Census Tract 6026, Los Angeles County, California",832,286,0,12,0,12,0,12,0,12,0,12,0,12,0,12,0,12,26,43,0,12,0,12,0,12,0,12,0,12,0,12,0,12,0,12,0,12,0,12,0,12,0,12,0,12,0,12,0,12,853,292,78,119,909,301,0,12,0,12,0,12,0,12,909,301,0,12,18,28,522,240,24,57,278,224,0,12
"1409","060376026004","Block Group 4, Census Tract 6026, Los Angeles County, California",655,339,0,12,0,12,0,12,0,12,0,12,0,12,0,12,0,12,0,12,0,12,0,12,0,12,0,12,0,12,22,37,0,12,0,12,0,12,0,12,0,12,0,12,0,12,0,12,0,12,616,296,14,32,655,339,0,12,22,37,47,54,0,12,655,339,0,12,0,12,450,323,142,122,63,96,0,12
"1410","060376026005","Block Group 5, Census Tract 6026, Los Angeles County, California",947,341,0,12,0,12,0,12,0,12,0,12,0,12,0,12,0,12,0,12,0,12,0,12,0,12,0,12,0,12,0,12,0,12,0,12,0,12,26,41,0,12,0,12,0,12,0,12,0,12,973,348,254,286,973,348,0,12,37,59,130,122,0,12,973,348,74,115,0,12,807,312,66,67,0,12,0,12
"1411","060376026002","Block Group 2, Census Tract 6026, Los Angeles County, California",1528,589,0,12,0,12,0,12,0,12,0,12,0,12,0,12,0,12,0,12,0,12,0,12,0,12,0,12,0,12,26,36,0,12,0,12,0,12,0,12,0,12,0,12,0,12,0,12,0,12,1771,735,30,48,1771,735,6,13,0,12,80,79,0,12,1771,735,0,12,411,566,1071,544,114,117,117,127,0,12
"1412","060376027002","Block Group 2, Census Tract 6027, Los Angeles County, California",833,227,0,12,0,12,0,12,0,12,0,12,0,12,0,12,0,12,0,12,0,12,0,12,0,12,0,12,0,12,0,12,0,12,7,12,0,12,0,12,0,12,0,12,0,12,0,12,0,12,833,227,27,35,833,227,0,12,0,12,0,12,0,12,833,227,0,12,0,12,644,187,19,22,103,131,0,12
"1413","060376027004","Block Group 4, Census Tract 6027, Los Angeles County, California",695,319,0,12,0,12,0,12,0,12,0,12,0,12,0,12,0,12,0,12,5,12,0,12,0,12,0,12,0,12,0,12,0,12,4,9,0,12,0,12,0,12,0,12,0,12,0,12,0,12,767,350,98,56,749,345,0,12,0,12,0,12,0,12,767,350,27,39,64,95,342,256,176,157,114,140,0,12
"1414","060376027003","Block Group 3, Census Tract 6027, Los Angeles County, California",901,257,0,12,0,12,0,12,0,12,0,12,0,12,0,12,0,12,30,47,0,12,0,12,0,12,0,12,0,12,0,12,0,12,0,12,4,11,0,12,0,12,0,12,0,12,0,12,0,12,895,257,114,136,895,257,12,20,15,24,46,43,0,12,901,257,9,16,0,12,507,181,0,12,384,233,1,4
"1415","060376029001","Block Group 1, Census Tract 6029, Los Angeles County, California",1760,372,18,28,0,12,0,12,0,12,0,12,0,12,0,12,0,12,293,144,137,119,0,12,0,12,0,12,0,12,0,12,0,12,40,41,58,49,0,12,0,12,0,12,0,12,0,12,0,12,1861,352,173,124,1870,354,40,45,66,41,157,111,36,41,1870,354,8,12,0,12,125,96,42,43,1666,376,0,12
"1416","060376201011","Block Group 1, Census Tract 6201.01, Los Angeles County, California",1506,413,0,12,0,12,0,12,0,12,0,12,0,12,0,12,0,12,0,12,0,12,0,12,0,12,0,12,0,12,0,12,0,12,0,12,0,12,0,12,0,12,0,12,0,12,0,12,0,12,1601,420,37,41,1601,420,0,12,0,12,0,12,0,12,1601,420,118,94,0,12,348,381,753,277,346,218,0,12
"1417","060376201012","Block Group 2, Census Tract 6201.01, Los Angeles County, California",1592,357,0,12,0,12,0,12,0,12,0,12,0,12,0,12,0,12,0,12,0,12,0,12,0,12,0,12,0,12,0,12,0,12,0,12,0,12,0,12,0,12,0,12,0,12,0,12,0,12,1694,396,201,146,1694,396,0,12,0,12,75,106,0,12,1694,396,119,109,0,12,20,34,1429,371,77,129,0,12
"1418","060376501021","Block Group 1, Census Tract 6501.02, Los Angeles County, California",632,169,0,12,0,12,0,12,0,12,0,12,0,12,0,12,0,12,0,12,0,12,0,12,0,12,12,13,0,12,0,12,0,12,0,12,0,12,0,12,0,12,6,10,15,18,0,12,0,12,666,171,0,12,666,171,0,12,0,12,39,43,0,12,666,171,239,82,0,12,30,33,199,112,167,114,0,12
"1419","060375323042","Block Group 2, Census Tract 5323.04, Los Angeles County, California",1088,484,0,12,0,12,0,12,0,12,0,12,0,12,0,12,0,12,32,38,30,44,0,12,0,12,0,12,0,12,0,12,0,12,35,28,0,12,0,12,0,12,0,12,0,12,0,12,0,12,1101,486,594,459,1101,486,4,5,33,33,131,103,0,12,1101,486,3,6,0,12,268,224,109,82,700,279,21,48
"1420","060375326063","Block Group 3, Census Tract 5326.06, Los Angeles County, California",1080,307,69,70,0,12,0,12,0,12,0,12,0,12,0,12,0,12,373,108,178,179,0,12,0,12,0,12,0,12,0,12,0,12,32,30,19,31,0,12,0,12,9,18,0,12,0,12,0,12,1088,317,288,156,1088,317,0,12,124,73,214,154,0,12,1170,324,9,18,0,12,0,12,52,49,1109,319,0,12
"1421","060375005001","Block Group 1, Census Tract 5005, Los Angeles County, California",2636,346,16,22,0,12,0,12,0,12,0,12,0,12,0,12,0,12,229,100,75,64,0,12,0,12,19,29,0,12,0,12,0,12,42,32,51,41,0,12,0,12,0,12,58,68,0,12,0,12,2697,357,236,121,2703,358,11,19,118,98,165,88,32,50,2703,358,226,105,0,12,10,15,140,45,2327,326,0,12
"1422","060375009001","Block Group 1, Census Tract 5009, Los Angeles County, California",939,308,0,12,19,28,0,12,0,12,0,12,0,12,0,12,0,12,0,12,14,22,0,12,0,12,0,12,0,12,0,12,0,12,50,42,0,12,0,12,0,12,0,12,0,12,0,12,0,12,1005,319,43,36,1005,319,0,12,42,55,23,38,0,12,1005,319,36,40,0,12,0,12,31,37,923,315,0,12
"1423","060375009003","Block Group 3, Census Tract 5009, Los Angeles County, California",2317,523,48,57,0,12,0,12,0,12,0,12,0,12,0,12,0,12,66,61,64,101,0,12,0,12,0,12,0,12,0,12,0,12,23,36,23,30,0,12,0,12,0,12,0,12,0,12,0,12,2374,548,368,280,2374,548,125,174,137,107,112,96,0,12,2374,548,14,17,0,12,20,30,120,65,2220,548,0,12
"1424","060376009024","Block Group 4, Census Tract 6009.02, Los Angeles County, California",1914,486,36,58,0,12,0,12,0,12,0,12,0,12,0,12,0,12,91,74,20,33,0,12,0,12,0,12,0,12,0,12,0,12,37,53,5,20,0,12,0,12,0,12,0,12,0,12,0,12,2054,546,429,268,2054,546,31,34,68,67,59,57,0,12,2054,546,0,12,0,12,974,394,45,55,974,575,0,12
"1425","060376011001","Block Group 1, Census Tract 6011, Los Angeles County, California",2143,605,0,12,0,12,0,12,0,12,0,12,0,12,0,12,0,12,210,165,93,106,0,12,0,12,0,12,0,12,0,12,0,12,41,66,51,74,0,12,0,12,0,12,0,12,0,12,0,12,2243,596,503,369,2243,596,12,22,225,166,214,166,0,12,2261,597,0,12,0,12,569,231,42,51,1540,581,0,12
"1426","060372611011","Block Group 1, Census Tract 2611.01, Los Angeles County, California",1747,249,0,12,0,12,0,12,0,12,0,12,0,12,0,12,0,12,0,12,0,12,0,12,0,12,0,12,0,12,0,12,0,12,0,12,0,12,0,12,0,12,0,12,0,12,0,12,0,12,1771,250,112,83,1746,259,21,33,14,21,13,20,0,12,1792,254,52,56,0,12,17,26,1528,251,153,91,0,12
"1427","060372611012","Block Group 2, Census Tract 2611.01, Los Angeles County, California",1517,331,0,12,0,12,0,12,0,12,0,12,0,12,0,12,0,12,8,14,0,12,6,9,0,12,35,39,0,12,0,12,0,12,0,12,0,12,14,21,0,12,0,12,0,12,0,12,0,12,1597,339,93,96,1597,339,0,12,0,12,47,43,0,12,1597,339,115,86,0,12,25,43,1375,322,72,74,0,12
"1428","060371972001","Block Group 1, Census Tract 1972, Los Angeles County, California",1584,383,14,22,0,12,0,12,0,12,0,12,0,12,0,12,0,12,96,77,0,12,0,12,0,12,68,62,0,12,0,12,0,12,9,16,10,15,0,12,0,12,53,45,10,15,0,12,0,12,1636,407,220,159,1636,407,0,12,118,134,138,79,0,12,1636,407,602,268,0,12,19,29,154,127,846,359,15,23
"1429","060371972003","Block Group 3, Census Tract 1972, Los Angeles County, California",1094,463,0,12,0,12,0,12,0,12,0,12,0,12,0,12,0,12,118,129,0,12,0,12,0,12,7,11,0,12,0,12,0,12,0,12,0,12,0,12,0,12,7,11,6,10,0,12,0,12,1226,508,141,129,1226,508,0,12,70,75,85,118,0,12,1226,508,291,208,0,12,0,12,68,67,867,509,0,12
"1430","060371999001","Block Group 1, Census Tract 1999, Los Angeles County, California",1373,267,0,12,0,12,0,12,0,12,0,12,0,12,0,12,0,12,230,96,50,35,0,12,0,12,8,14,9,14,0,12,0,12,64,44,47,37,0,12,0,12,28,37,0,12,0,12,0,12,1482,304,310,116,1482,304,26,42,55,30,111,60,0,12,1482,304,127,102,0,12,34,53,33,21,1288,288,0,12
"1431","060372011201","Block Group 1, Census Tract 2011.20, Los Angeles County, California",1565,397,0,12,0,12,0,12,0,12,0,12,0,12,0,12,0,12,125,150,0,12,0,12,0,12,0,12,0,12,0,12,0,12,37,61,0,12,0,12,0,12,8,12,0,12,0,12,0,12,1697,403,355,165,1697,403,0,12,99,99,17,28,0,12,1697,403,60,46,0,12,54,46,107,89,1425,405,0,12
"1432","060372011202","Block Group 2, Census Tract 2011.20, Los Angeles County, California",1432,326,0,12,0,12,0,12,0,12,0,12,0,12,0,12,0,12,49,49,8,14,0,12,0,12,0,12,0,12,0,12,0,12,45,53,45,43,0,12,0,12,11,15,0,12,0,12,0,12,1640,412,113,91,1640,412,93,149,125,108,37,38,0,12,1640,412,227,147,0,12,0,12,176,123,1218,444,0,12
"1433","060372015012","Block Group 2, Census Tract 2015.01, Los Angeles County, California",1165,273,0,12,0,12,0,12,0,12,0,12,0,12,0,12,0,12,64,80,0,12,10,16,0,12,0,12,0,12,0,12,0,12,39,37,0,12,0,12,0,12,5,9,14,16,0,12,0,12,1289,287,150,116,1302,295,33,49,65,52,80,62,0,12,1302,295,45,37,0,12,40,52,272,150,917,242,0,12
"1434","060372015013","Block Group 3, Census Tract 2015.01, Los Angeles County, California",2662,452,17,26,0,12,0,12,0,12,0,12,0,12,0,12,0,12,207,144,49,65,0,12,0,12,37,27,27,29,0,12,0,12,112,62,126,76,0,12,0,12,31,24,19,23,0,12,0,12,2843,493,499,317,2843,493,61,70,63,49,151,98,14,25,2843,493,263,116,0,12,3,8,128,88,2449,480,0,12
"1435","060372017003","Block Group 3, Census Tract 2017, Los Angeles County, California",1107,290,0,12,0,12,0,12,0,12,0,12,0,12,0,12,0,12,9,14,0,12,0,12,0,12,19,23,0,12,0,12,0,12,40,54,0,12,0,12,0,12,13,20,0,12,0,12,0,12,1145,326,229,109,1168,327,87,102,102,97,89,61,0,12,1168,327,310,154,0,12,56,57,159,87,608,316,0,12
"1436","060372017002","Block Group 2, Census Tract 2017, Los Angeles County, California",1958,400,0,12,0,12,0,12,0,12,0,12,0,12,0,12,0,12,136,78,0,12,0,12,0,12,47,50,0,12,0,12,0,12,34,39,0,12,0,12,0,12,11,19,0,12,0,12,0,12,2037,417,411,250,2047,416,5,11,51,60,74,57,0,12,2047,416,80,75,0,12,43,49,150,84,1729,399,0,12
"1437","060372033001","Block Group 1, Census Tract 2033, Los Angeles County, California",1893,329,9,21,18,34,0,12,0,12,0,12,0,12,0,12,0,12,177,79,66,45,0,12,0,12,0,12,0,12,0,12,0,12,44,42,38,35,0,12,0,12,0,12,0,12,0,12,0,12,1325,226,575,153,1438,226,54,46,41,37,56,33,0,12,2000,327,134,57,5,11,209,99,57,40,1511,257,0,12
"1438","060375351021","Block Group 1, Census Tract 5351.02, Los Angeles County, California",789,305,40,49,0,12,0,12,0,12,0,12,0,12,0,12,0,12,144,91,25,42,0,12,0,12,0,12,0,12,0,12,0,12,10,16,0,12,0,12,0,12,0,12,0,12,0,12,0,12,883,347,296,266,883,347,0,12,44,41,40,64,0,12,883,347,6,8,0,12,132,120,15,18,718,342,0,12
"1439","060375351022","Block Group 2, Census Tract 5351.02, Los Angeles County, California",2077,476,13,21,0,12,0,12,0,12,0,12,0,12,0,12,0,12,284,165,160,99,0,12,0,12,0,12,0,12,0,12,0,12,42,53,90,60,0,12,0,12,0,12,0,12,0,12,0,12,2205,563,355,233,2206,563,19,31,114,76,247,118,62,66,2206,563,0,12,0,12,53,50,23,31,2107,562,0,12
"1440","060372691002","Block Group 2, Census Tract 2691, Los Angeles County, California",492,120,0,12,0,12,0,12,0,12,0,12,0,12,0,12,0,12,0,12,0,12,0,12,13,21,0,12,0,12,0,12,0,12,0,12,0,12,0,12,10,16,0,12,0,12,0,12,0,12,537,143,84,52,527,140,0,12,24,27,11,18,0,12,537,143,26,41,0,12,0,12,465,135,23,25,0,12
"1441","060371153011","Block Group 1, Census Tract 1153.01, Los Angeles County, California",1570,348,0,12,0,12,0,12,0,12,0,12,0,12,0,12,0,12,0,12,0,12,0,12,0,12,0,12,0,12,0,12,0,12,15,19,2,5,0,12,0,12,45,62,0,12,0,12,0,12,1638,351,151,227,1638,351,0,12,0,12,75,97,1,12,1658,352,720,209,0,12,64,95,582,228,249,158,1,4
"1442","060371153012","Block Group 2, Census Tract 1153.01, Los Angeles County, California",2795,411,0,12,0,12,0,12,0,12,18,28,0,12,0,12,0,12,0,12,0,12,34,53,0,12,9,14,0,12,0,12,0,12,53,72,0,12,64,60,0,12,0,12,0,12,0,12,0,12,2837,427,313,127,2866,427,0,12,43,35,103,85,0,12,2866,427,376,212,0,12,86,55,1714,432,632,337,0,12
"1443","060371174051","Block Group 1, Census Tract 1174.05, Los Angeles County, California",3260,253,21,23,37,54,0,12,0,12,0,12,0,12,0,12,0,12,577,138,313,86,0,12,0,12,16,23,0,12,0,12,0,12,17,17,37,32,0,12,0,12,4,6,4,7,0,12,0,12,3519,260,1412,262,3574,266,52,56,254,91,306,95,0,12,3574,266,99,104,0,12,110,80,50,36,3315,284,0,12
"1444","060377009023","Block Group 3, Census Tract 7009.02, Los Angeles County, California",1743,421,0,12,0,12,0,12,0,12,0,12,0,12,0,12,0,12,0,12,0,12,58,89,0,12,0,12,0,12,0,12,0,12,0,12,0,12,0,12,0,12,0,12,0,12,0,12,0,12,1826,445,366,248,1826,445,36,57,0,12,37,58,0,12,1826,445,261,163,0,12,16,25,1393,451,60,62,0,12
"1445","060377009021","Block Group 1, Census Tract 7009.02, Los Angeles County, California",2036,606,0,12,0,12,0,12,0,12,0,12,0,12,0,12,0,12,0,12,0,12,49,76,0,12,0,12,50,80,0,12,0,12,0,12,0,12,12,21,0,12,0,12,0,12,0,12,0,12,2128,640,254,249,2128,640,186,234,102,96,105,144,0,12,2128,640,576,430,0,12,0,12,1382,507,170,238,0,12
"1446","060377009024","Block Group 4, Census Tract 7009.02, Los Angeles County, California",1599,490,0,12,0,12,0,12,0,12,0,12,0,12,0,12,0,12,0,12,0,12,0,12,0,12,0,12,0,12,0,12,0,12,0,12,0,12,15,25,0,12,0,12,0,12,0,12,0,12,1613,491,174,229,1613,491,0,12,49,79,0,12,0,12,1613,491,75,60,0,12,0,12,1342,468,106,98,0,12
"1447","060377009022","Block Group 2, Census Tract 7009.02, Los Angeles County, California",1692,318,0,12,0,12,0,12,0,12,0,12,0,12,0,12,0,12,15,21,0,12,0,12,0,12,0,12,0,12,0,12,0,12,0,12,0,12,0,12,0,12,0,12,0,12,0,12,0,12,1785,373,52,64,1785,373,5,17,15,25,31,33,0,12,1785,373,24,37,0,12,111,93,1353,364,168,80,0,12
"1448","060377016012","Block Group 2, Census Tract 7016.01, Los Angeles County, California",1764,265,0,12,0,12,0,12,0,12,0,12,0,12,0,12,0,12,0,12,0,12,6,10,0,12,0,12,0,12,0,12,0,12,0,12,0,12,0,12,0,12,0,12,0,12,0,12,0,12,1803,265,76,71,1803,265,0,12,12,16,15,22,0,12,1803,265,119,105,0,12,15,25,1387,240,159,130,0,12
"1449","060377016014","Block Group 4, Census Tract 7016.01, Los Angeles County, California",944,232,0,12,0,12,0,12,0,12,0,12,0,12,0,12,0,12,19,29,0,12,0,12,0,12,0,12,0,12,0,12,0,12,0,12,0,12,0,12,0,12,0,12,0,12,0,12,0,12,1007,243,0,12,1007,243,0,12,38,45,19,29,0,12,1007,243,44,34,0,12,0,12,762,205,96,70,0,12
"1450","060377016013","Block Group 3, Census Tract 7016.01, Los Angeles County, California",815,216,0,12,0,12,0,12,0,12,0,12,0,12,0,12,0,12,0,12,0,12,0,12,0,12,20,28,0,12,0,12,0,12,0,12,0,12,0,12,0,12,0,12,0,12,0,12,0,12,877,229,24,26,877,229,8,18,0,12,25,34,0,12,877,229,309,157,0,12,13,19,467,195,12,18,0,12
"1451","060375025001","Block Group 1, Census Tract 5025, Los Angeles County, California",1517,393,0,12,0,12,0,12,0,12,0,12,0,12,0,12,0,12,105,75,10,16,0,12,0,12,0,12,0,12,0,12,0,12,62,100,48,34,0,12,0,12,6,13,0,12,0,12,0,12,1412,373,145,168,1412,373,0,12,70,77,85,86,11,25,1553,400,17,32,0,12,0,12,121,71,1415,402,0,12
"1452","060375026014","Block Group 4, Census Tract 5026.01, Los Angeles County, California",1033,283,30,46,0,12,0,12,0,12,0,12,0,12,0,12,0,12,29,32,32,37,0,12,0,12,0,12,0,12,0,12,0,12,7,12,19,32,0,12,0,12,4,16,0,12,0,12,0,12,1076,301,0,12,1076,301,0,12,0,12,22,27,19,32,1076,301,28,44,0,12,0,12,84,86,957,299,7,11
"1453","060375026011","Block Group 1, Census Tract 5026.01, Los Angeles County, California",2143,475,0,12,0,12,0,12,0,12,0,12,0,12,0,12,0,12,11,18,13,22,0,12,0,12,0,12,0,12,0,12,0,12,57,49,47,57,0,12,0,12,0,12,0,12,0,12,0,12,2296,538,72,53,2296,538,44,51,48,71,27,43,0,12,2296,538,31,37,0,12,154,124,116,81,1995,540,0,12
"1454","060375026021","Block Group 1, Census Tract 5026.02, Los Angeles County, California",1655,370,0,12,0,12,0,12,0,12,0,12,0,12,0,12,0,12,17,28,32,32,0,12,0,12,0,12,0,12,0,12,0,12,18,20,0,12,0,12,0,12,14,19,0,12,0,12,0,12,1729,383,420,274,1740,385,17,29,51,54,94,82,0,12,1740,385,50,42,0,12,55,58,147,107,1459,362,0,12
"1455","060375026022","Block Group 2, Census Tract 5026.02, Los Angeles County, California",1179,342,0,12,0,12,0,12,0,12,0,12,0,12,0,12,0,12,132,136,30,46,0,12,0,12,0,12,0,12,0,12,0,12,63,52,0,12,0,12,0,12,0,12,0,12,0,12,0,12,1190,342,118,76,1190,342,0,12,49,68,17,22,0,12,1190,342,10,15,0,12,0,12,138,90,1031,337,0,12
"1456","060375029023","Block Group 3, Census Tract 5029.02, Los Angeles County, California",1678,329,0,12,0,12,0,12,0,12,0,12,0,12,0,12,0,12,138,99,59,37,0,12,0,12,0,12,0,12,0,12,0,12,19,21,16,19,0,12,0,12,0,12,0,12,0,12,0,12,1701,318,652,257,1773,345,28,33,59,43,130,74,0,12,1773,345,9,13,0,12,6,9,36,34,1698,348,0,12
"1457","060375029021","Block Group 1, Census Tract 5029.02, Los Angeles County, California",1562,274,0,12,0,12,0,12,0,12,0,12,0,12,0,12,0,12,114,67,25,25,0,12,0,12,31,32,0,12,0,12,0,12,28,26,51,40,8,12,0,12,19,21,0,12,0,12,0,12,1655,292,137,124,1655,292,0,12,5,8,35,47,18,33,1655,292,142,115,0,12,7,11,96,64,1324,278,0,12
"1458","060372380003","Block Group 3, Census Tract 2380, Los Angeles County, California",662,324,0,12,0,12,0,12,0,12,0,12,0,12,0,12,0,12,0,12,0,12,0,12,0,12,0,12,0,12,0,12,0,12,0,12,0,12,0,12,0,12,0,12,0,12,0,12,0,12,657,324,10,23,657,324,0,12,0,12,0,12,0,12,662,324,1,3,0,12,521,301,35,40,75,126,0,12
"1459","060372380004","Block Group 4, Census Tract 2380, Los Angeles County, California",898,416,0,12,0,12,0,12,0,12,0,12,0,12,0,12,0,12,0,12,0,12,0,12,0,12,0,12,0,12,0,12,0,12,0,12,0,12,0,12,0,12,0,12,0,12,0,12,0,12,946,474,106,97,946,474,0,12,0,12,52,84,0,12,946,474,0,12,0,12,724,508,11,19,152,199,0,12
"1460","060372380006","Block Group 6, Census Tract 2380, Los Angeles County, California",1250,505,0,12,0,12,0,12,0,12,0,12,0,12,0,12,0,12,0,12,0,12,0,12,0,12,0,12,0,12,0,12,0,12,0,12,0,12,0,12,0,12,0,12,1,2,0,12,0,12,1425,585,42,58,1425,585,0,12,0,12,35,60,0,12,1430,586,1,2,0,12,734,385,23,47,672,555,0,12
"1461","060372380001","Block Group 1, Census Tract 2380, Los Angeles County, California",680,492,0,12,0,12,0,12,0,12,0,12,0,12,0,12,0,12,0,12,0,12,0,12,0,12,0,12,0,12,0,12,0,12,0,12,0,12,0,12,0,12,0,12,0,12,0,12,0,12,680,492,0,12,680,492,0,12,62,98,0,12,0,12,680,492,0,12,0,12,680,492,0,12,0,12,0,12
"1462","060372383201","Block Group 1, Census Tract 2383.20, Los Angeles County, California",1365,323,0,12,0,12,0,12,0,12,0,12,0,12,0,12,0,12,164,86,27,30,0,12,0,12,0,12,0,12,19,32,0,12,41,39,7,21,0,12,0,12,0,12,0,12,0,12,0,12,1648,400,887,359,1648,400,49,55,29,37,72,65,0,12,1691,396,0,12,0,12,471,202,31,22,1189,398,0,12
"1463","060372383202","Block Group 2, Census Tract 2383.20, Los Angeles County, California",1159,340,9,14,0,12,0,12,0,12,0,12,0,12,0,12,0,12,135,68,66,91,0,12,0,12,9,15,0,12,0,12,0,12,0,12,0,12,0,12,0,12,0,12,0,12,0,12,0,12,1208,350,413,276,1208,350,0,12,140,109,89,65,0,12,1208,350,52,95,0,12,490,216,0,12,666,305,0,12
"1464","060372384003","Block Group 3, Census Tract 2384, Los Angeles County, California",1046,330,0,12,0,12,0,12,0,12,0,12,0,12,0,12,0,12,0,12,0,12,0,12,0,12,0,12,0,12,0,12,0,12,0,12,9,14,0,12,0,12,0,12,0,12,0,12,0,12,1111,359,312,250,1111,359,6,11,78,81,0,12,0,12,1111,359,0,12,16,24,899,343,10,17,86,86,47,73
"1465","060372384001","Block Group 1, Census Tract 2384, Los Angeles County, California",650,220,0,12,0,12,0,12,0,12,0,12,0,12,0,12,0,12,35,38,0,12,0,12,0,12,0,12,0,12,0,12,0,12,0,12,0,12,0,12,0,12,0,12,0,12,0,12,0,12,683,245,41,34,683,245,0,12,7,16,13,20,0,12,683,245,0,12,0,12,470,204,22,27,185,164,0,12
"1466","060372426001","Block Group 1, Census Tract 2426, Los Angeles County, California",1662,389,0,12,0,12,0,12,0,12,0,12,0,12,0,12,0,12,187,82,118,102,0,12,0,12,0,12,0,12,0,12,0,12,32,38,28,34,0,12,0,12,0,12,0,12,0,12,0,12,1834,440,451,356,1834,440,11,18,19,33,84,68,0,12,1834,440,0,12,0,12,395,316,0,12,1439,411,0,12
"1467","060372426002","Block Group 2, Census Tract 2426, Los Angeles County, California",1583,380,12,19,0,12,0,12,0,12,0,12,0,12,0,12,0,12,175,111,0,12,0,12,0,12,0,12,0,12,0,12,0,12,0,12,0,12,0,12,0,12,0,12,0,12,0,12,0,12,1816,481,1105,405,1816,481,0,12,25,38,78,72,0,12,1816,481,0,12,0,12,825,322,3,4,903,454,0,12
"1468","060372431002","Block Group 2, Census Tract 2431, Los Angeles County, California",2090,499,0,12,0,12,0,12,0,12,0,12,0,12,0,12,0,12,230,89,96,70,0,12,0,12,0,12,0,12,15,23,0,12,0,12,80,77,0,12,0,12,0,12,0,12,0,12,0,12,2360,565,1498,434,2360,565,0,12,79,57,98,106,0,12,2360,565,0,12,0,12,602,383,0,12,1758,505,0,12
"1469","060372431003","Block Group 3, Census Tract 2431, Los Angeles County, California",1056,351,0,12,0,12,0,12,0,12,0,12,0,12,0,12,0,12,58,70,46,61,0,12,0,12,0,12,0,12,0,12,0,12,13,20,8,18,0,12,0,12,0,12,0,12,0,12,0,12,1242,432,623,361,1242,432,0,12,0,12,103,79,0,12,1242,432,0,12,0,12,552,340,0,12,690,350,0,12
"1470","060375527001","Block Group 1, Census Tract 5527, Los Angeles County, California",1302,289,37,42,0,12,0,12,0,12,0,12,0,12,0,12,0,12,36,35,26,24,0,12,0,12,0,12,15,24,0,12,0,12,0,12,28,37,9,15,0,12,9,15,0,12,0,12,0,12,1311,308,166,140,1311,308,55,61,111,90,77,51,0,12,1369,310,246,150,0,12,0,12,240,125,883,307,0,12
"1471","060375527002","Block Group 2, Census Tract 5527, Los Angeles County, California",938,482,22,36,0,12,0,12,0,12,0,12,0,12,0,12,0,12,83,84,0,12,0,12,0,12,0,12,0,12,0,12,0,12,0,12,0,12,0,12,0,12,0,12,0,12,0,12,0,12,980,487,20,30,980,487,0,12,125,110,6,10,0,12,980,487,141,113,0,12,0,12,65,56,774,468,0,12
"1472","060375527003","Block Group 3, Census Tract 5527, Los Angeles County, California",1399,383,67,72,0,12,0,12,0,12,0,12,0,12,0,12,0,12,122,68,10,17,0,12,0,12,10,15,0,12,0,12,0,12,24,35,11,16,0,12,0,12,0,12,0,12,0,12,0,12,1477,396,36,36,1477,396,0,12,57,47,76,55,0,12,1477,396,147,101,9,15,0,12,252,123,1045,340,0,12
"1473","060375313024","Block Group 4, Census Tract 5313.02, Los Angeles County, California",1249,442,18,29,0,12,0,12,0,12,0,12,0,12,0,12,0,12,128,102,94,65,0,12,0,12,0,12,0,12,0,12,0,12,83,73,8,12,0,12,0,12,0,12,0,12,0,12,0,12,1386,483,391,301,1406,484,0,12,50,64,92,74,0,12,1406,484,0,12,0,12,0,12,8,13,1398,486,0,12
"1474","060375323022","Block Group 2, Census Tract 5323.02, Los Angeles County, California",785,269,0,12,0,12,0,12,0,12,0,12,0,12,0,12,0,12,113,73,0,12,0,12,0,12,0,12,0,12,0,12,0,12,37,33,0,12,0,12,0,12,0,12,0,12,0,12,0,12,867,321,197,136,867,321,0,12,39,45,125,63,22,36,867,321,0,12,0,12,0,12,0,12,867,321,0,12
"1475","060374036004","Block Group 4, Census Tract 4036, Los Angeles County, California",1985,816,0,12,0,12,0,12,0,12,0,12,0,12,0,12,0,12,0,12,0,12,0,12,0,12,3,14,0,12,0,12,0,12,22,36,0,12,0,12,0,12,0,12,0,12,0,12,0,12,2121,848,25,56,2121,848,14,23,43,52,92,72,0,12,2121,848,414,219,0,12,130,192,616,430,961,725,0,12
"1476","060374036001","Block Group 1, Census Tract 4036, Los Angeles County, California",2326,802,0,12,0,12,0,12,0,12,0,12,0,12,0,12,0,12,89,97,0,12,0,12,0,12,0,12,0,12,0,12,0,12,0,12,17,27,0,12,0,12,14,22,0,12,0,12,0,12,2420,866,478,381,2420,866,0,12,0,12,58,62,0,12,2420,866,262,220,0,12,159,173,190,150,1789,707,0,12
"1477","060374036002","Block Group 2, Census Tract 4036, Los Angeles County, California",664,362,0,12,0,12,13,21,0,12,0,12,0,12,0,12,0,12,50,87,0,12,0,12,0,12,0,12,0,12,0,12,0,12,0,12,0,12,13,21,0,12,0,12,0,12,0,12,0,12,681,363,24,34,681,363,0,12,13,21,10,17,0,12,681,363,209,250,0,12,0,12,175,112,280,268,0,12
"1478","060374314004","Block Group 4, Census Tract 4314, Los Angeles County, California",1019,277,0,12,0,12,0,12,0,12,0,12,0,12,0,12,0,12,0,12,0,12,0,12,0,12,22,25,0,12,0,12,0,12,0,12,0,12,0,12,0,12,36,33,0,12,0,12,0,12,1032,278,84,61,1032,278,0,12,0,12,15,25,0,12,1032,278,533,271,0,12,12,19,277,113,199,133,0,12
"1479","060374314002","Block Group 2, Census Tract 4314, Los Angeles County, California",677,238,0,12,0,12,0,12,0,12,0,12,0,12,0,12,0,12,35,37,0,12,0,12,0,12,51,48,4,12,0,12,0,12,24,31,15,25,0,12,0,12,6,11,4,12,0,12,0,12,781,313,212,259,781,313,0,12,12,20,24,39,0,12,781,313,421,165,0,12,0,12,71,63,273,283,16,25
"1480","060372289001","Block Group 1, Census Tract 2289, Los Angeles County, California",1825,316,16,17,0,12,0,12,0,12,0,12,0,12,0,12,0,12,312,96,119,88,0,12,0,12,0,12,0,12,0,12,0,12,38,25,23,25,0,12,0,12,0,12,0,12,0,12,0,12,1987,363,734,260,1987,363,0,12,65,40,111,65,0,12,1987,363,0,12,0,12,254,101,5,7,1728,356,0,12
"1481","060372289002","Block Group 2, Census Tract 2289, Los Angeles County, California",866,253,0,12,0,12,0,12,0,12,0,12,0,12,0,12,0,12,150,73,61,39,0,12,0,12,0,12,0,12,0,12,0,12,14,22,25,28,0,12,0,12,0,12,0,12,0,12,0,12,931,282,554,217,931,282,0,12,26,21,22,19,0,12,931,282,0,12,0,12,112,114,0,12,819,258,0,12
"1482","060372294202","Block Group 2, Census Tract 2294.20, Los Angeles County, California",2221,337,27,26,0,12,0,12,0,12,0,12,0,12,0,12,0,12,304,109,257,82,0,12,0,12,0,12,0,12,0,12,0,12,9,13,72,48,0,12,0,12,0,12,0,12,0,12,0,12,2521,382,855,292,2521,382,5,9,110,60,230,88,0,12,2521,382,0,12,0,12,154,81,18,20,2337,386,0,12
"1483","060372294201","Block Group 1, Census Tract 2294.20, Los Angeles County, California",1993,329,35,40,0,12,0,12,0,12,0,12,0,12,0,12,0,12,210,79,138,64,0,12,0,12,0,12,0,12,0,12,0,12,39,33,20,28,0,12,0,12,9,13,0,12,0,12,0,12,2238,378,443,203,2238,378,81,67,94,51,155,77,0,12,2238,378,14,15,0,12,229,93,0,12,1995,393,0,12
"1484","060372312201","Block Group 1, Census Tract 2312.20, Los Angeles County, California",2427,426,16,15,0,12,0,12,0,12,0,12,0,12,0,12,0,12,285,116,204,109,0,12,0,12,0,12,0,12,0,12,0,12,42,39,53,58,0,12,0,12,35,40,114,111,0,12,0,12,2640,498,939,419,2640,498,49,57,288,142,300,155,0,12,2640,498,193,109,0,12,806,359,42,45,1550,380,0,12
"1485","060372312202","Block Group 2, Census Tract 2312.20, Los Angeles County, California",1810,421,26,41,0,12,0,12,0,12,0,12,0,12,0,12,0,12,200,92,156,88,0,12,0,12,0,12,0,12,0,12,0,12,38,32,16,23,0,12,0,12,0,12,0,12,0,12,0,12,1978,492,222,155,2013,474,0,12,69,60,174,96,0,12,2013,474,84,105,0,12,252,268,38,39,1639,448,0,12
"1486","060372315002","Block Group 2, Census Tract 2315, Los Angeles County, California",1572,436,5,8,0,12,0,12,0,12,0,12,0,12,0,12,0,12,131,80,104,116,0,12,0,12,0,12,0,12,0,12,0,12,5,8,0,12,0,12,0,12,0,12,0,12,0,12,0,12,1852,585,361,198,1852,585,0,12,160,119,127,98,0,12,1858,585,27,35,0,12,703,304,0,12,1128,499,0,12
"1487","060372315003","Block Group 3, Census Tract 2315, Los Angeles County, California",1357,337,0,12,0,12,0,12,0,12,0,12,0,12,0,12,0,12,265,144,0,12,0,12,0,12,0,12,0,12,15,24,0,12,29,36,0,12,0,12,0,12,37,48,0,12,0,12,0,12,1434,389,112,93,1434,389,48,71,102,65,81,79,0,12,1434,389,80,60,0,12,285,146,18,15,993,379,0,12
"1488","060372315001","Block Group 1, Census Tract 2315, Los Angeles County, California",2065,457,7,12,0,12,0,12,0,12,0,12,0,12,0,12,0,12,157,95,56,34,0,12,0,12,0,12,0,12,0,12,0,12,51,52,94,77,0,12,0,12,30,47,0,12,0,12,0,12,2104,470,459,290,2104,470,26,33,64,51,248,118,0,12,2104,470,133,178,0,12,740,347,20,26,1190,441,0,12
"1489","060372342003","Block Group 3, Census Tract 2342, Los Angeles County, California",650,156,0,12,0,12,0,12,0,12,0,12,0,12,0,12,0,12,0,12,0,12,0,12,0,12,0,12,0,12,0,12,0,12,9,14,0,12,0,12,0,12,0,12,0,12,0,12,0,12,650,156,63,45,650,156,0,12,0,12,30,40,0,12,650,156,114,77,0,12,274,144,148,71,91,66,0,12
"1490","060372342002","Block Group 2, Census Tract 2342, Los Angeles County, California",820,255,0,12,0,12,0,12,0,12,0,12,0,12,0,12,0,12,0,12,0,12,0,12,0,12,0,12,0,12,0,12,0,12,0,12,0,12,0,12,0,12,0,12,0,12,0,12,0,12,878,279,21,33,878,279,0,12,0,12,10,19,0,12,878,279,12,18,10,17,708,279,98,68,0,12,0,12
"1491","060372342001","Block Group 1, Census Tract 2342, Los Angeles County, California",896,240,0,12,0,12,0,12,0,12,0,12,0,12,0,12,0,12,13,18,0,12,0,12,0,12,0,12,0,12,0,12,0,12,0,12,0,12,0,12,0,12,10,16,0,12,0,12,0,12,896,240,36,37,896,240,0,12,0,12,0,12,0,12,896,240,58,56,0,12,712,216,45,35,72,78,0,12
"1492","060371439012","Block Group 2, Census Tract 1439.01, Los Angeles County, California",1044,235,0,12,0,12,0,12,0,12,0,12,0,12,0,12,0,12,0,12,0,12,0,12,0,12,0,12,0,12,0,12,0,12,0,12,0,12,0,12,0,12,0,12,0,12,0,12,0,12,1118,270,53,44,1134,271,1,3,0,12,22,28,0,12,1134,271,83,89,0,12,0,12,841,213,112,115,0,12
"1493","060371832202","Block Group 2, Census Tract 1832.20, Los Angeles County, California",1690,412,10,16,0,12,0,12,0,12,0,12,0,12,0,12,0,12,113,64,17,21,0,12,0,12,18,23,0,12,0,12,0,12,40,51,34,37,0,12,0,12,26,29,14,19,0,12,0,12,1603,404,298,178,1625,397,32,36,61,48,59,43,0,12,1722,405,267,170,0,12,8,12,274,129,1036,349,4,8
"1494","060371832203","Block Group 3, Census Tract 1832.20, Los Angeles County, California",1518,334,9,13,0,12,0,12,0,12,0,12,0,12,0,12,0,12,121,114,57,66,0,12,0,12,16,24,0,12,0,12,0,12,108,94,9,15,0,12,0,12,0,12,0,12,0,12,0,12,1600,357,194,109,1600,357,0,12,78,71,47,54,0,12,1600,357,242,182,0,12,0,12,235,119,1065,336,0,12
"1495","060373016012","Block Group 2, Census Tract 3016.01, Los Angeles County, California",1141,381,0,12,0,12,0,12,0,12,0,12,0,12,0,12,0,12,0,12,0,12,21,35,0,12,0,12,0,12,0,12,0,12,4,8,23,33,0,12,0,12,0,12,0,12,0,12,0,12,1195,391,128,161,1195,391,12,22,49,52,88,84,20,32,1245,397,106,74,0,12,7,15,748,327,373,218,0,12
"1496","060373021025","Block Group 5, Census Tract 3021.02, Los Angeles County, California",990,339,0,12,0,12,0,12,0,12,0,12,0,12,0,12,0,12,0,12,0,12,0,12,0,12,14,25,0,12,0,12,0,12,8,15,0,12,8,14,0,12,0,12,0,12,0,12,0,12,1003,331,48,50,1003,331,0,12,0,12,23,27,0,12,1003,331,480,397,0,12,0,12,443,193,61,42,0,12
"1497","060373021023","Block Group 3, Census Tract 3021.02, Los Angeles County, California",1121,420,0,12,0,12,0,12,0,12,0,12,0,12,0,12,0,12,14,23,0,12,17,29,18,30,0,12,0,12,0,12,0,12,19,29,0,12,13,23,0,12,0,12,0,12,0,12,0,12,1137,418,32,52,1137,418,0,12,47,77,20,31,0,12,1137,418,36,34,16,26,0,12,915,420,150,128,0,12
"1498","060373021022","Block Group 2, Census Tract 3021.02, Los Angeles County, California",1237,415,0,12,0,12,31,49,0,12,0,12,0,12,0,12,0,12,10,19,0,12,0,12,61,96,0,12,0,12,0,12,0,12,48,72,50,69,21,33,14,28,0,12,0,12,0,12,0,12,1388,483,181,212,1388,483,0,12,0,12,0,12,0,12,1414,483,208,192,0,12,57,75,744,353,405,353,0,12
"1499","060371439021","Block Group 1, Census Tract 1439.02, Los Angeles County, California",1732,246,0,12,0,12,0,12,0,12,0,12,0,12,0,12,0,12,0,12,8,13,0,12,0,12,0,12,0,12,0,12,0,12,0,12,0,12,0,12,0,12,0,12,0,12,0,12,0,12,1810,259,99,71,1810,259,0,12,65,47,28,43,0,12,1810,259,138,81,0,12,41,39,1320,240,275,129,0,12
"1500","060371439022","Block Group 2, Census Tract 1439.02, Los Angeles County, California",938,181,0,12,0,12,0,12,0,12,0,12,0,12,0,12,0,12,0,12,0,12,0,12,0,12,0,12,0,12,0,12,0,12,0,12,0,12,0,12,0,12,0,12,0,12,0,12,0,12,956,185,50,62,956,185,0,12,0,12,8,15,0,12,956,185,35,35,0,12,0,12,877,184,22,25,0,12
"1501","060372086102","Block Group 2, Census Tract 2086.10, Los Angeles County, California",2694,427,0,12,21,33,0,12,0,12,0,12,0,12,0,12,0,12,317,177,231,144,0,12,0,12,191,96,0,12,0,12,0,12,38,48,0,12,11,18,0,12,92,55,0,12,0,12,0,12,2777,447,540,349,2777,447,43,47,302,118,454,155,18,30,2777,447,1006,297,0,12,63,44,96,82,1586,417,0,12
"1502","060372086201","Block Group 1, Census Tract 2086.20, Los Angeles County, California",944,357,0,12,0,12,0,12,0,12,0,12,0,12,0,12,0,12,57,37,136,152,0,12,0,12,0,12,0,12,0,12,0,12,0,12,11,18,0,12,0,12,20,32,0,12,0,12,0,12,1020,401,74,53,1020,401,0,12,28,32,203,195,0,12,1020,401,119,118,8,14,67,56,63,50,752,376,0,12
"1503","060372091022","Block Group 2, Census Tract 2091.02, Los Angeles County, California",2137,392,15,25,0,12,0,12,0,12,34,54,0,12,0,12,0,12,113,98,249,162,0,12,0,12,56,44,0,12,0,12,0,12,13,23,20,32,0,12,0,12,0,12,0,12,37,59,0,12,2356,446,1027,379,2356,446,21,34,343,154,277,138,0,12,2356,446,514,168,0,12,389,268,255,137,1122,432,0,12
"1504","060372117012","Block Group 2, Census Tract 2117.01, Los Angeles County, California",947,263,0,12,0,12,0,12,0,12,0,12,0,12,0,12,0,12,0,12,0,12,0,12,0,12,28,37,19,30,0,12,0,12,0,12,0,12,0,12,0,12,0,12,0,12,0,12,0,12,1020,275,54,51,1020,275,0,12,0,12,43,44,0,12,1020,275,459,222,0,12,0,12,561,220,0,12,0,12
"1505","060375424022","Block Group 2, Census Tract 5424.02, Los Angeles County, California",1005,295,0,12,0,12,0,12,0,12,0,12,0,12,0,12,0,12,22,19,0,12,0,12,0,12,0,12,0,12,0,12,0,12,23,32,14,22,0,12,0,12,0,12,0,12,0,12,0,12,1041,322,56,59,1041,322,0,12,13,20,67,62,14,22,1041,322,0,12,0,12,489,169,0,12,552,286,0,12
"1506","060375427001","Block Group 1, Census Tract 5427, Los Angeles County, California",953,328,0,12,0,12,0,12,0,12,0,12,0,12,0,12,0,12,74,54,96,77,0,12,0,12,0,12,0,12,0,12,0,12,0,12,7,11,0,12,0,12,0,12,0,12,0,12,0,12,1132,422,412,320,1132,422,30,41,75,70,86,99,0,12,1132,422,0,12,0,12,103,78,8,14,997,419,0,12
"1507","060375427005","Block Group 5, Census Tract 5427, Los Angeles County, California",930,348,0,12,0,12,0,12,0,12,0,12,0,12,0,12,0,12,97,77,20,31,0,12,0,12,0,12,0,12,0,12,0,12,0,12,0,12,0,12,0,12,0,12,0,12,0,12,0,12,1101,423,184,242,1101,423,105,115,59,62,175,121,0,12,1101,423,0,12,0,12,68,47,91,119,942,440,0,12
"1508","060375433051","Block Group 1, Census Tract 5433.05, Los Angeles County, California",3593,387,12,19,0,12,0,12,0,12,0,12,0,12,0,12,0,12,140,85,1,10,0,12,0,12,28,51,0,12,0,12,0,12,0,12,16,24,0,12,0,12,0,12,0,12,0,12,0,12,3696,474,226,136,3776,452,132,162,95,85,229,134,0,12,3776,452,103,92,21,41,951,393,713,286,1892,535,0,12
"1509","060375435011","Block Group 1, Census Tract 5435.01, Los Angeles County, California",1026,510,0,12,0,12,0,12,0,12,14,22,0,12,0,12,0,12,0,12,0,12,0,12,0,12,17,27,0,12,0,12,0,12,0,12,0,12,0,12,0,12,0,12,0,12,0,12,9,20,1111,533,239,286,1111,533,104,143,34,55,18,29,0,12,1111,533,272,224,271,408,181,116,121,135,234,188,0,12
"1510","060375435012","Block Group 2, Census Tract 5435.01, Los Angeles County, California",2052,456,0,12,0,12,0,12,0,12,0,12,0,12,0,12,0,12,46,44,33,52,0,12,0,12,0,12,0,12,0,12,0,12,15,24,32,26,0,12,0,12,36,57,0,12,0,12,0,12,2105,466,219,151,2105,466,0,12,32,36,160,173,0,12,2105,466,1318,498,11,19,35,56,82,75,602,273,0,12
"1511","060375435014","Block Group 4, Census Tract 5435.01, Los Angeles County, California",2265,562,0,12,0,12,0,12,0,12,0,12,0,12,0,12,0,12,158,258,0,12,0,12,0,12,31,35,0,12,0,12,0,12,18,28,32,36,0,12,0,12,106,88,0,12,0,12,0,12,2301,564,116,146,2301,564,13,20,0,12,107,156,0,12,2301,564,1256,496,0,12,40,38,202,201,727,583,0,12
"1512","060375326062","Block Group 2, Census Tract 5326.06, Los Angeles County, California",1790,344,0,12,23,29,0,12,0,12,0,12,0,12,0,12,0,12,312,99,279,173,0,12,0,12,0,12,0,12,0,12,0,12,70,69,64,51,0,12,0,12,0,12,0,12,0,12,0,12,1947,379,816,338,1947,379,23,28,109,95,237,129,0,12,1947,379,0,12,0,12,0,12,37,35,1910,383,0,12
"1513","060375328001","Block Group 1, Census Tract 5328, Los Angeles County, California",2239,457,38,35,0,12,0,12,0,12,0,12,0,12,0,12,0,12,255,86,265,93,0,12,0,12,0,12,0,12,0,12,0,12,29,30,37,37,0,12,0,12,0,12,0,12,0,12,0,12,2534,537,644,294,2534,537,70,66,126,55,294,131,0,12,2534,537,2,5,0,12,88,49,25,26,2419,564,0,12
"1514","060375329004","Block Group 4, Census Tract 5329, Los Angeles County, California",1209,368,56,50,0,12,0,12,0,12,0,12,0,12,0,12,0,12,213,114,195,125,0,12,0,12,0,12,0,12,0,12,0,12,13,12,50,45,0,12,0,12,0,12,0,12,0,12,0,12,1394,427,386,269,1394,427,0,12,102,78,24,25,20,21,1394,427,0,12,0,12,50,51,0,12,1344,432,0,12
"1515","060375329003","Block Group 3, Census Tract 5329, Los Angeles County, California",3292,534,24,26,0,12,0,12,0,12,0,12,0,12,0,12,0,12,422,172,394,177,0,12,0,12,0,12,0,12,0,12,0,12,21,23,37,51,0,12,0,12,0,12,0,12,0,12,0,12,3576,586,1098,475,3576,586,72,62,367,170,583,250,16,26,3576,586,26,49,0,12,150,95,0,12,3400,617,0,12
"1516","060375329001","Block Group 1, Census Tract 5329, Los Angeles County, California",586,262,0,12,0,12,0,12,0,12,0,12,0,12,0,12,0,12,141,67,102,88,0,12,0,12,0,12,0,12,0,12,0,12,16,25,0,12,0,12,0,12,0,12,0,12,0,12,0,12,601,264,134,150,601,264,0,12,11,18,109,88,0,12,601,264,0,12,0,12,70,105,45,69,486,239,0,12
"1517","060376031023","Block Group 3, Census Tract 6031.02, Los Angeles County, California",987,271,0,12,0,12,0,12,0,12,0,12,0,12,0,12,0,12,0,12,0,12,0,12,0,12,28,42,11,18,0,12,0,12,54,45,0,12,0,12,0,12,61,47,17,20,0,12,0,12,1020,278,234,102,1020,278,17,27,35,54,19,28,0,12,1020,278,271,125,0,12,85,134,265,183,382,204,0,12
"1518","060376031022","Block Group 2, Census Tract 6031.02, Los Angeles County, California",995,248,0,12,0,12,0,12,0,12,0,12,0,12,0,12,0,12,22,34,0,12,0,12,0,12,9,14,0,12,0,12,0,12,38,42,0,12,0,12,0,12,0,12,0,12,0,12,0,12,1071,291,139,118,1082,295,17,23,48,58,72,67,0,12,1082,295,477,132,0,12,77,103,65,49,389,251,8,15
"1519","060376033011","Block Group 1, Census Tract 6033.01, Los Angeles County, California",1008,271,0,12,0,12,0,12,0,12,0,12,0,12,0,12,0,12,5,12,0,12,0,12,0,12,79,65,8,12,0,12,0,12,5,11,0,12,0,12,0,12,7,11,13,22,0,12,0,12,946,311,252,176,946,311,0,12,23,27,86,64,7,10,1099,319,409,190,0,12,80,64,231,127,346,199,0,12
"1520","060376033021","Block Group 1, Census Tract 6033.02, Los Angeles County, California",758,220,12,24,0,12,0,12,0,12,0,12,0,12,0,12,0,12,27,35,0,12,0,12,0,12,108,107,0,12,0,12,0,12,0,12,0,12,0,12,0,12,0,12,0,12,0,12,0,12,801,232,38,49,801,232,0,12,11,18,40,41,0,12,801,232,362,174,0,12,46,60,74,68,239,159,51,70
"1521","060376033022","Block Group 2, Census Tract 6033.02, Los Angeles County, California",2139,376,0,12,0,12,0,12,0,12,0,12,0,12,0,12,0,12,23,28,0,12,0,12,0,12,81,63,0,12,0,12,0,12,82,88,0,12,0,12,0,12,194,137,11,18,0,12,0,12,2257,384,464,262,2257,384,0,12,18,23,33,33,10,16,2257,384,1175,273,0,12,112,109,201,106,722,268,0,12
"1522","060376037023","Block Group 3, Census Tract 6037.02, Los Angeles County, California",1251,265,0,12,0,12,0,12,0,12,0,12,0,12,0,12,0,12,26,26,22,34,0,12,0,12,14,21,0,12,0,12,0,12,22,34,0,12,0,12,0,12,17,18,0,12,0,12,0,12,1261,267,99,94,1261,267,0,12,55,57,0,12,7,13,1261,267,288,159,0,12,76,98,345,126,501,210,0,12
"1523","060372731002","Block Group 2, Census Tract 2731, Los Angeles County, California",1218,191,0,12,0,12,0,12,0,12,0,12,0,12,0,12,0,12,0,12,0,12,0,12,0,12,0,12,0,12,0,12,0,12,0,12,0,12,0,12,0,12,0,12,0,12,0,12,0,12,1264,201,58,32,1264,201,0,12,5,9,30,28,0,12,1264,201,155,127,0,12,0,12,871,145,183,104,0,12
"1524","060371945002","Block Group 2, Census Tract 1945, Los Angeles County, California",1018,158,0,12,0,12,0,12,0,12,6,9,0,12,0,12,0,12,0,12,0,12,0,12,0,12,0,12,0,12,0,12,0,12,0,12,0,12,0,12,0,12,0,12,0,12,20,30,0,12,1075,169,56,35,1075,169,0,12,0,12,5,7,0,12,1075,169,83,48,0,12,10,13,955,163,17,14,0,12
"1525","060375348032","Block Group 2, Census Tract 5348.03, Los Angeles County, California",1717,476,10,16,0,12,0,12,0,12,0,12,0,12,0,12,0,12,233,98,318,307,0,12,0,12,0,12,0,12,0,12,0,12,84,60,58,45,0,12,0,12,0,12,0,12,0,12,0,12,1771,474,112,100,1832,523,0,12,120,97,267,190,20,33,1832,523,84,91,0,12,0,12,19,30,1715,526,0,12
"1526","060375356031","Block Group 1, Census Tract 5356.03, Los Angeles County, California",1054,244,0,12,0,12,0,12,0,12,0,12,0,12,0,12,0,12,117,58,61,40,0,12,0,12,0,12,0,12,0,12,0,12,79,51,52,38,0,12,0,12,0,12,0,12,0,12,0,12,1192,290,376,218,1192,290,20,31,77,47,54,41,5,7,1192,290,6,9,0,12,0,12,0,12,1186,289,0,12
"1527","060375356032","Block Group 2, Census Tract 5356.03, Los Angeles County, California",2528,276,15,23,0,12,0,12,0,12,0,12,0,12,0,12,0,12,294,79,139,58,0,12,0,12,0,12,0,12,0,12,0,12,63,40,99,55,0,12,0,12,0,12,0,12,0,12,0,12,2801,317,874,256,2806,317,98,70,119,64,261,92,0,12,2806,317,0,12,0,12,126,88,13,19,2667,336,0,12
"1528","060375359022","Block Group 2, Census Tract 5359.02, Los Angeles County, California",1387,420,11,16,0,12,0,12,0,12,0,12,0,12,0,12,0,12,69,59,195,117,0,12,0,12,0,12,0,12,0,12,0,12,83,49,39,42,0,12,0,12,0,12,0,12,0,12,0,12,1455,435,86,113,1455,435,0,12,8,14,48,44,0,12,1455,435,0,12,0,12,0,12,26,23,1429,435,0,12
"1529","060375359023","Block Group 3, Census Tract 5359.02, Los Angeles County, California",1526,502,0,12,0,12,0,12,0,12,0,12,0,12,0,12,0,12,135,89,0,12,3,8,0,12,0,12,0,12,0,12,0,12,18,28,75,64,0,12,0,12,0,12,0,12,0,12,0,12,1596,546,139,106,1624,549,17,20,37,36,33,37,10,12,1624,549,17,27,69,81,0,12,75,71,1449,545,0,12
"1530","060375359021","Block Group 1, Census Tract 5359.02, Los Angeles County, California",1309,486,0,12,0,12,0,12,0,12,0,12,0,12,0,12,0,12,124,104,20,29,0,12,0,12,0,12,0,12,0,12,0,12,24,20,53,61,0,12,0,12,0,12,0,12,0,12,0,12,1418,556,125,127,1418,556,0,12,44,57,95,100,0,12,1418,556,22,34,0,12,0,12,59,59,1337,559,0,12
"1531","060375359024","Block Group 4, Census Tract 5359.02, Los Angeles County, California",2558,466,18,21,30,27,0,12,0,12,0,12,0,12,0,12,0,12,244,139,136,128,0,12,0,12,0,12,0,12,0,12,0,12,135,93,81,57,0,12,0,12,0,12,0,12,0,12,0,12,2712,546,232,156,2712,546,78,90,75,63,332,176,0,12,2712,546,0,12,0,12,0,12,29,29,2683,552,0,12
"1532","060375549004","Block Group 4, Census Tract 5549, Los Angeles County, California",3190,818,0,12,0,12,0,12,0,12,0,12,0,12,0,12,0,12,25,40,48,77,0,12,0,12,50,78,0,12,0,12,0,12,0,12,0,12,0,12,0,12,0,12,0,12,0,12,0,12,3324,908,152,113,3324,908,0,12,61,96,67,85,0,12,3324,908,1038,444,0,12,499,613,507,405,1141,761,54,87
"1533","060375549002","Block Group 2, Census Tract 5549, Los Angeles County, California",1288,406,0,12,0,12,0,12,0,12,33,52,0,12,0,12,0,12,39,45,0,12,0,12,0,12,72,64,0,12,0,12,0,12,0,12,0,12,0,12,23,38,31,53,0,12,0,12,0,12,1347,438,123,100,1347,438,0,12,39,45,41,48,0,12,1347,438,517,386,18,31,0,12,221,180,463,229,0,12
"1534","060375549003","Block Group 3, Census Tract 5549, Los Angeles County, California",796,570,0,12,0,12,0,12,0,12,0,12,0,12,0,12,0,12,0,12,60,90,0,12,28,44,30,47,0,12,0,12,0,12,0,12,0,12,0,12,28,47,0,12,0,12,0,12,0,12,813,575,73,122,813,575,0,12,0,12,0,12,0,12,813,575,276,203,0,12,0,12,28,47,509,556,0,12
"1535","060375549005","Block Group 5, Census Tract 5549, Los Angeles County, California",901,445,0,12,0,12,0,12,0,12,0,12,0,12,0,12,0,12,16,26,0,12,0,12,0,12,0,12,0,12,0,12,0,12,0,12,0,12,0,12,0,12,0,12,0,12,0,12,0,12,975,512,26,44,975,512,136,218,0,12,116,184,0,12,975,512,211,159,0,12,0,12,60,63,704,564,0,12
"1536","060375551031","Block Group 1, Census Tract 5551.03, Los Angeles County, California",2160,369,0,12,0,12,0,12,0,12,0,12,0,12,0,12,0,12,97,61,0,12,0,12,0,12,53,39,12,23,0,12,0,12,14,21,26,39,0,12,0,12,0,12,12,17,0,12,0,12,2231,389,100,80,2231,389,39,34,66,56,127,83,0,12,2231,389,712,264,0,12,286,205,396,186,785,269,0,12
"1537","060375551032","Block Group 2, Census Tract 5551.03, Los Angeles County, California",2474,398,18,28,0,12,0,12,0,12,0,12,0,12,0,12,0,12,30,22,0,12,0,12,0,12,54,50,0,12,0,12,0,12,0,12,13,19,0,12,0,12,20,32,10,19,0,12,0,12,2642,411,322,153,2642,411,0,12,43,41,69,60,0,12,2642,411,1014,306,0,12,204,162,575,180,738,261,0,12
"1538","060375705011","Block Group 1, Census Tract 5705.01, Los Angeles County, California",2516,649,0,12,0,12,0,12,0,12,0,12,0,12,0,12,0,12,362,198,0,12,0,12,0,12,23,37,0,12,0,12,0,12,0,12,21,35,0,12,0,12,0,12,0,12,0,12,0,12,2690,721,737,618,2714,723,0,12,23,37,120,115,0,12,2714,723,21,37,582,502,0,12,151,99,1925,602,0,12
"1539","060375705014","Block Group 4, Census Tract 5705.01, Los Angeles County, California",1637,817,0,12,0,12,0,12,0,12,0,12,0,12,0,12,0,12,0,12,0,12,0,12,0,12,0,12,0,12,0,12,0,12,0,12,0,12,0,12,0,12,0,12,0,12,0,12,0,12,1637,817,834,814,1637,817,0,12,0,12,0,12,0,12,1637,817,37,63,0,12,1017,764,115,80,468,280,0,12
"1540","060375705024","Block Group 4, Census Tract 5705.02, Los Angeles County, California",1277,389,0,12,0,12,0,12,0,12,0,12,0,12,0,12,0,12,72,53,0,12,0,12,0,12,13,20,0,12,0,12,0,12,22,34,0,12,0,12,0,12,19,25,0,12,0,12,0,12,1338,427,9,14,1364,431,0,12,0,12,60,68,0,12,1364,431,168,190,44,70,68,42,103,93,784,488,0,12
"1541","060375705021","Block Group 1, Census Tract 5705.02, Los Angeles County, California",2095,463,19,31,0,12,0,12,0,12,0,12,0,12,0,12,0,12,173,132,21,22,0,12,0,12,0,12,11,18,0,12,0,12,0,12,9,19,0,12,0,12,0,12,0,12,0,12,0,12,2187,492,267,199,2187,492,0,12,34,54,122,114,17,21,2187,492,582,370,6,9,166,159,136,87,1289,419,0,12
"1542","060375705022","Block Group 2, Census Tract 5705.02, Los Angeles County, California",1663,470,0,12,0,12,0,12,0,12,0,12,0,12,0,12,0,12,48,54,0,12,0,12,0,12,72,80,0,12,0,12,0,12,0,12,0,12,0,12,0,12,18,30,18,30,0,12,0,12,1892,585,440,349,1892,585,52,81,96,121,14,23,0,12,1892,585,422,340,0,12,64,64,313,185,1016,438,12,19
"1543","060371953001","Block Group 1, Census Tract 1953, Los Angeles County, California",920,194,0,12,0,12,0,12,0,12,0,12,0,12,0,12,0,12,62,69,0,12,37,38,0,12,11,18,0,12,0,12,0,12,28,27,17,24,8,12,7,13,0,12,0,12,0,12,0,12,996,203,55,58,996,203,0,12,16,25,25,40,0,12,996,203,83,66,0,12,0,12,592,166,291,181,0,12
"1544","060371953003","Block Group 3, Census Tract 1953, Los Angeles County, California",1403,222,0,12,0,12,0,12,0,12,12,18,0,12,0,12,0,12,0,12,10,16,25,39,17,24,0,12,0,12,0,12,0,12,26,27,7,12,0,12,0,12,6,11,0,12,0,12,0,12,1410,223,137,74,1410,223,0,12,48,37,87,62,6,10,1410,223,212,139,0,12,48,50,836,172,285,146,0,12
"1545","060371956003","Block Group 3, Census Tract 1956, Los Angeles County, California",535,184,0,12,0,12,0,12,0,12,0,12,0,12,0,12,0,12,42,62,0,12,0,12,0,12,0,12,0,12,0,12,0,12,38,44,0,12,0,12,0,12,0,12,0,12,0,12,0,12,555,190,39,37,555,190,0,12,27,45,47,45,0,12,555,190,79,61,0,12,14,22,271,146,191,160,0,12
"1546","060371956004","Block Group 4, Census Tract 1956, Los Angeles County, California",816,177,0,12,0,12,0,12,0,12,0,12,0,12,0,12,0,12,7,12,28,43,0,12,0,12,0,12,0,12,0,12,0,12,0,12,17,24,0,12,8,17,0,12,0,12,0,12,0,12,813,211,170,159,813,211,0,12,28,26,37,46,0,12,852,211,73,83,0,12,2,5,371,92,311,183,0,12
"1547","060371994002","Block Group 2, Census Tract 1994, Los Angeles County, California",1808,399,0,12,0,12,0,12,0,12,0,12,0,12,0,12,0,12,295,114,82,90,0,12,0,12,87,62,0,12,0,12,0,12,111,87,0,12,0,12,0,12,32,45,0,12,0,12,0,12,1933,417,392,214,1933,417,0,12,104,83,172,104,0,12,1933,417,418,239,0,12,39,46,53,58,1423,354,0,12
"1548","060371994001","Block Group 1, Census Tract 1994, Los Angeles County, California",883,317,0,12,0,12,0,12,0,12,0,12,0,12,0,12,0,12,64,57,41,46,0,12,0,12,49,56,19,29,0,12,0,12,48,34,39,47,0,12,0,12,9,15,21,34,0,12,0,12,883,317,65,46,883,317,0,12,47,46,36,34,13,19,883,317,207,137,0,12,22,26,48,34,535,296,0,12
"1549","060371998003","Block Group 3, Census Tract 1998, Los Angeles County, California",1522,545,0,12,0,12,0,12,0,12,0,12,0,12,0,12,0,12,140,122,118,125,0,12,0,12,96,64,22,25,0,12,0,12,0,12,12,20,0,12,0,12,60,48,88,83,0,12,0,12,1637,599,410,329,1637,599,0,12,56,75,98,118,12,20,1637,599,352,211,0,12,0,12,52,67,1233,586,0,12
"1550","060371998002","Block Group 2, Census Tract 1998, Los Angeles County, California",1464,421,18,29,0,12,0,12,0,12,0,12,0,12,0,12,0,12,9,13,77,94,0,12,0,12,81,55,150,73,0,12,0,12,0,12,59,62,0,12,0,12,23,26,87,65,0,12,0,12,1618,486,360,225,1618,486,0,12,47,42,62,63,33,51,1618,486,652,281,0,12,0,12,0,12,966,439,0,12
"1551","060371998001","Block Group 1, Census Tract 1998, Los Angeles County, California",1023,252,0,12,0,12,0,12,0,12,26,32,0,12,0,12,0,12,49,43,0,12,0,12,0,12,240,108,13,17,0,12,0,12,11,16,40,50,0,12,0,12,107,80,47,44,0,12,0,12,1067,271,232,137,1072,275,0,12,10,21,14,16,0,12,1072,275,826,293,0,12,0,12,9,14,237,156,0,12
"1552","060371998004","Block Group 4, Census Tract 1998, Los Angeles County, California",1397,431,0,12,0,12,0,12,0,12,0,12,0,12,0,12,0,12,116,87,49,62,0,12,0,12,37,44,52,50,0,12,0,12,18,18,57,56,0,12,0,12,17,22,14,15,0,12,0,12,1501,469,368,311,1501,469,0,12,100,102,22,33,0,12,1501,469,290,173,0,12,1,2,15,17,1195,503,0,12
"1553","060372015041","Block Group 1, Census Tract 2015.04, Los Angeles County, California",2150,181,8,13,0,12,0,12,0,12,0,12,0,12,0,12,0,12,247,89,41,31,6,10,0,12,4,7,8,10,0,12,0,12,79,42,78,43,0,12,0,12,10,15,21,20,0,12,0,12,2264,175,575,236,2302,173,74,75,110,74,154,57,25,34,2302,173,125,69,0,12,23,37,242,121,1828,210,0,12
"1554","060372048202","Block Group 2, Census Tract 2048.20, Los Angeles County, California",1315,302,0,12,9,11,0,12,0,12,0,12,0,12,0,12,0,12,111,49,104,61,0,12,0,12,0,12,0,12,0,12,0,12,20,18,42,44,0,12,0,12,0,12,0,12,0,12,0,12,1374,310,110,83,1374,310,8,12,56,40,89,55,0,12,1374,310,1,2,0,12,51,56,58,62,1264,303,0,12
"1555","060372048201","Block Group 1, Census Tract 2048.20, Los Angeles County, California",800,246,8,11,0,12,0,12,0,12,0,12,0,12,0,12,0,12,62,43,111,67,0,12,0,12,0,12,0,12,12,18,5,8,12,16,28,40,0,12,0,12,0,12,0,12,0,12,0,12,867,273,396,207,867,273,17,19,67,50,32,22,0,12,867,273,4,6,0,12,0,12,0,12,863,273,0,12
"1556","060372062002","Block Group 2, Census Tract 2062, Los Angeles County, California",3238,394,0,12,0,12,0,12,0,12,0,12,0,12,0,12,0,12,70,95,9,22,0,12,0,12,74,70,46,75,0,12,0,12,0,12,0,12,0,12,0,12,445,136,162,89,0,12,0,12,3332,422,1140,408,3332,422,36,49,66,56,147,119,20,31,3337,422,1811,250,0,12,446,248,482,186,495,253,0,12
"1557","060372062001","Block Group 1, Census Tract 2062, Los Angeles County, California",664,217,0,12,0,12,0,12,0,12,0,12,0,12,0,12,0,12,15,25,0,12,0,12,0,12,0,12,0,12,0,12,0,12,0,12,0,12,0,12,0,12,0,12,0,12,0,12,0,12,664,217,479,164,664,217,0,12,35,38,9,20,0,12,664,217,26,35,0,12,288,148,118,79,184,106,3,7
"1558","060372087201","Block Group 1, Census Tract 2087.20, Los Angeles County, California",2713,459,0,12,20,33,0,12,0,12,0,12,0,12,0,12,0,12,577,286,401,187,0,12,0,12,0,12,0,12,0,12,0,12,35,50,39,63,0,12,0,12,0,12,0,12,0,12,0,12,2937,497,1322,380,2937,497,51,81,379,159,541,230,0,12,2937,497,20,22,0,12,58,46,404,190,2455,495,0,12
"1559","060372087202","Block Group 2, Census Tract 2087.20, Los Angeles County, California",1359,325,58,94,0,12,0,12,0,12,0,12,0,12,0,12,0,12,179,97,62,50,0,12,0,12,0,12,0,12,0,12,0,12,39,36,52,56,0,12,0,12,27,39,0,12,0,12,0,12,1382,339,328,214,1382,339,58,94,101,78,162,95,0,12,1382,339,183,126,0,12,62,50,239,89,898,309,0,12
"1560","060372118022","Block Group 2, Census Tract 2118.02, Los Angeles County, California",2018,453,0,12,0,12,0,12,0,12,0,12,0,12,0,12,0,12,181,122,33,52,0,12,0,12,140,119,0,12,0,12,0,12,25,42,0,12,0,12,0,12,106,123,0,12,0,12,0,12,2213,509,407,166,2222,508,9,15,148,121,297,178,37,42,2222,508,980,366,144,237,108,81,245,109,693,350,12,20
"1561","060375439031","Block Group 1, Census Tract 5439.03, Los Angeles County, California",1504,304,0,12,0,12,0,12,0,12,0,12,0,12,0,12,0,12,109,71,12,19,0,12,0,12,0,12,0,12,0,12,0,12,22,24,5,10,0,12,0,12,10,12,5,8,0,12,0,12,1591,294,154,88,1591,294,22,25,36,44,149,87,0,12,1591,294,302,119,28,44,63,37,340,191,756,302,6,10
"1562","060371231032","Block Group 2, Census Tract 1231.03, Los Angeles County, California",2323,421,0,12,32,49,0,12,0,12,0,12,0,12,0,12,0,12,223,132,69,57,0,12,0,12,20,36,0,12,0,12,0,12,0,12,23,29,32,44,30,36,0,12,0,12,0,12,0,12,2385,430,666,309,2414,449,53,52,147,83,139,87,27,41,2414,449,215,104,0,12,129,142,498,208,1564,376,0,12
"1563","060371200202","Block Group 2, Census Tract 1200.20, Los Angeles County, California",1351,454,0,12,21,33,0,12,0,12,6,10,0,12,0,12,0,12,105,82,252,159,0,12,0,12,13,21,0,12,0,12,0,12,24,41,0,12,0,12,0,12,37,47,0,12,0,12,0,12,1392,462,524,178,1419,466,27,34,197,191,77,75,0,12,1419,466,419,214,0,12,11,19,0,12,968,445,0,12
"1564","060371199002","Block Group 2, Census Tract 1199, Los Angeles County, California",1853,400,0,12,0,12,0,12,0,12,0,12,0,12,0,12,0,12,83,53,41,36,0,12,0,12,27,32,11,18,0,12,0,12,28,44,0,12,0,12,0,12,43,49,0,12,0,12,0,12,1996,470,54,43,1996,470,0,12,45,49,49,37,28,44,1996,470,478,162,0,12,12,21,207,104,1280,469,19,30
"1565","060376500014","Block Group 4, Census Tract 6500.01, Los Angeles County, California",1063,410,0,12,0,12,0,12,0,12,0,12,0,12,0,12,0,12,0,12,0,12,0,12,0,12,58,70,0,12,0,12,0,12,0,12,0,12,0,12,0,12,0,12,0,12,15,23,0,12,1063,410,29,35,1063,410,0,12,0,12,28,38,0,12,1063,410,372,185,0,12,69,70,94,61,504,368,12,21
"1566","060376500013","Block Group 3, Census Tract 6500.01, Los Angeles County, California",1536,339,0,12,0,12,0,12,0,12,0,12,0,12,0,12,0,12,0,12,0,12,0,12,0,12,30,31,0,12,0,12,0,12,0,12,0,12,0,12,0,12,27,43,0,12,0,12,0,12,1668,358,130,135,1658,356,0,12,0,12,0,12,0,12,1668,358,852,270,0,12,0,12,408,167,160,149,0,12
"1567","060372270202","Block Group 2, Census Tract 2270.20, Los Angeles County, California",1739,296,29,27,0,12,0,12,0,12,0,12,0,12,0,12,0,12,418,122,233,81,0,12,0,12,0,12,0,12,0,12,0,12,22,23,85,58,0,12,0,12,0,12,0,12,0,12,0,12,1831,317,439,221,1850,318,40,30,124,77,239,111,0,12,1850,318,0,12,0,12,0,12,10,15,1840,319,0,12
"1568","060372287203","Block Group 3, Census Tract 2287.20, Los Angeles County, California",1459,316,0,12,10,18,0,12,0,12,0,12,0,12,0,12,0,12,199,72,97,42,0,12,0,12,0,12,0,12,10,15,0,12,37,26,67,38,0,12,0,12,0,12,0,12,0,12,0,12,1576,340,444,188,1576,340,7,12,47,33,89,38,27,29,1576,340,0,12,0,12,100,85,9,11,1455,315,0,12
"1569","060372287202","Block Group 2, Census Tract 2287.20, Los Angeles County, California",1886,372,0,12,0,12,0,12,0,12,0,12,0,12,0,12,0,12,240,72,208,91,0,12,0,12,0,12,0,12,0,12,0,12,33,40,18,20,0,12,0,12,0,12,0,12,0,12,0,12,1972,388,569,244,1987,388,92,110,175,82,235,123,0,12,1987,388,0,12,0,12,136,89,22,35,1829,384,0,12
"1570","060372287201","Block Group 1, Census Tract 2287.20, Los Angeles County, California",1109,323,0,12,0,12,0,12,0,12,0,12,0,12,0,12,0,12,194,82,42,43,0,12,0,12,0,12,0,12,0,12,0,12,0,12,55,56,0,12,0,12,0,12,0,12,0,12,0,12,1262,371,391,249,1262,371,0,12,77,72,97,55,30,49,1262,371,0,12,0,12,289,204,0,12,973,316,0,12
"1571","060372292001","Block Group 1, Census Tract 2292, Los Angeles County, California",1504,533,0,12,0,12,0,12,0,12,0,12,0,12,0,12,0,12,296,202,174,158,0,12,0,12,0,12,0,12,0,12,0,12,0,12,175,148,0,12,0,12,0,12,15,24,0,12,0,12,1625,618,382,169,1625,618,0,12,124,104,178,120,0,12,1625,618,57,41,0,12,292,170,11,20,1265,621,0,12
"1572","060372292002","Block Group 2, Census Tract 2292, Los Angeles County, California",3128,550,11,19,0,12,0,12,0,12,0,12,0,12,0,12,0,12,680,220,515,196,0,12,0,12,0,12,0,12,0,12,0,12,12,19,10,15,0,12,0,12,0,12,0,12,0,12,0,12,3409,608,869,442,3428,605,21,27,393,207,405,157,0,12,3447,612,0,12,0,12,395,296,0,12,3052,555,0,12
"1573","060372313004","Block Group 4, Census Tract 2313, Los Angeles County, California",800,338,0,12,0,12,0,12,0,12,0,12,0,12,0,12,0,12,48,45,0,12,5,10,0,12,0,12,0,12,0,12,0,12,6,9,6,9,0,12,0,12,0,12,0,12,0,12,0,12,800,338,53,51,800,338,0,12,0,12,20,26,12,19,800,338,18,23,0,12,435,345,40,48,251,158,0,12
"1574","060372313002","Block Group 2, Census Tract 2313, Los Angeles County, California",1549,707,0,12,0,12,0,12,0,12,0,12,0,12,0,12,0,12,180,125,121,80,0,12,0,12,0,12,0,12,0,12,0,12,16,25,0,12,0,12,0,12,6,14,0,12,0,12,0,12,1634,704,48,52,1634,704,0,12,84,102,33,32,0,12,1634,704,129,141,0,12,94,67,0,12,1405,689,0,12
"1575","060372313001","Block Group 1, Census Tract 2313, Los Angeles County, California",2155,567,0,12,0,12,0,12,0,12,0,12,0,12,0,12,0,12,439,239,6,9,0,12,0,12,0,12,0,12,0,12,0,12,14,24,178,153,0,12,0,12,0,12,0,12,0,12,0,12,2365,668,717,367,2365,668,20,34,162,154,297,238,6,28,2370,668,86,98,0,12,366,212,114,133,1735,587,0,12
"1576","060372313003","Block Group 3, Census Tract 2313, Los Angeles County, California",950,431,0,12,0,12,0,12,0,12,0,12,0,12,0,12,0,12,150,157,50,50,0,12,0,12,0,12,0,12,0,12,0,12,0,12,47,61,0,12,0,12,0,12,0,12,0,12,0,12,950,431,88,61,950,431,0,12,132,105,160,119,18,31,950,431,8,15,0,12,167,120,87,89,688,420,0,12
"1577","060372317101","Block Group 1, Census Tract 2317.10, Los Angeles County, California",638,288,0,12,0,12,0,12,0,12,0,12,0,12,0,12,0,12,118,88,97,64,0,12,0,12,0,12,0,12,0,12,0,12,21,27,8,22,0,12,0,12,0,12,0,12,0,12,0,12,784,408,571,413,784,408,0,12,22,29,133,87,0,12,784,408,0,12,0,12,74,71,15,22,695,392,0,12
"1578","060372317102","Block Group 2, Census Tract 2317.10, Los Angeles County, California",1045,357,39,68,0,12,0,12,0,12,0,12,0,12,0,12,0,12,165,77,131,147,0,12,0,12,0,12,0,12,0,12,0,12,37,42,10,22,0,12,0,12,0,12,0,12,0,12,0,12,1189,401,293,202,1189,401,0,12,43,42,168,125,0,12,1189,401,0,12,0,12,111,110,7,11,1027,366,7,12
"1579","060372317103","Block Group 3, Census Tract 2317.10, Los Angeles County, California",2030,475,11,23,0,12,0,12,0,12,0,12,0,12,0,12,0,12,306,141,206,125,0,12,0,12,0,12,0,12,0,12,0,12,14,18,30,53,0,12,0,12,0,12,0,12,0,12,0,12,2168,507,743,346,2192,514,50,58,183,118,223,85,0,12,2192,514,0,12,0,12,457,280,4,9,1700,569,0,12
"1580","060372327001","Block Group 1, Census Tract 2327, Los Angeles County, California",2833,559,0,12,0,12,0,12,0,12,0,12,0,12,0,12,0,12,497,223,322,164,0,12,0,12,16,26,0,12,0,12,0,12,23,25,14,23,0,12,0,12,12,20,0,12,0,12,0,12,3036,619,1236,579,3036,619,71,68,234,171,274,135,0,12,3036,619,60,97,0,12,319,160,11,17,2646,632,0,12
"1581","060372362022","Block Group 2, Census Tract 2362.02, Los Angeles County, California",2372,786,0,12,0,12,0,12,0,12,0,12,0,12,0,12,0,12,129,119,57,70,0,12,0,12,28,44,15,25,0,12,0,12,0,12,0,12,0,12,0,12,0,12,20,33,0,12,0,12,2437,792,1024,664,2437,792,0,12,65,76,122,93,0,12,2437,792,80,74,0,12,1394,464,176,157,762,722,0,12
"1582","060376005022","Block Group 2, Census Tract 6005.02, Los Angeles County, California",918,230,0,12,0,12,0,12,0,12,0,12,0,12,0,12,0,12,30,47,22,20,0,12,0,12,0,12,0,12,0,12,0,12,6,11,18,15,0,12,0,12,0,12,0,12,0,12,0,12,984,269,99,67,984,269,0,12,39,41,80,93,0,12,984,269,0,12,0,12,392,121,79,54,506,265,0,12
"1583","060376005021","Block Group 1, Census Tract 6005.02, Los Angeles County, California",1082,246,0,12,0,12,0,12,0,12,0,12,0,12,0,12,0,12,125,103,29,29,0,12,0,12,0,12,0,12,0,12,0,12,0,12,0,12,0,12,0,12,0,12,0,12,0,12,0,12,1113,253,97,115,1113,253,5,7,37,26,170,117,0,12,1113,253,85,94,0,12,466,156,56,37,491,231,0,12
"1584","060376007021","Block Group 1, Census Tract 6007.02, Los Angeles County, California",889,372,0,12,0,12,0,12,0,12,0,12,0,12,0,12,0,12,0,12,0,12,0,12,0,12,0,12,0,12,0,12,0,12,0,12,0,12,0,12,0,12,0,12,0,12,0,12,0,12,889,372,66,69,903,377,0,12,51,47,12,19,0,12,903,377,0,12,0,12,827,372,20,28,56,82,0,12
"1585","060376007042","Block Group 2, Census Tract 6007.04, Los Angeles County, California",1668,317,0,12,0,12,0,12,0,12,0,12,0,12,0,12,0,12,0,12,0,12,0,12,0,12,0,12,0,12,0,12,0,12,0,12,0,12,0,12,0,12,0,12,0,12,0,12,0,12,1699,318,129,94,1699,318,0,12,57,55,50,46,0,12,1699,318,51,59,0,12,1284,308,161,117,169,134,0,12
"1586","060376010011","Block Group 1, Census Tract 6010.01, Los Angeles County, California",1101,315,0,12,0,12,0,12,0,12,0,12,0,12,0,12,0,12,9,14,238,187,0,12,0,12,0,12,0,12,0,12,0,12,0,12,0,12,0,12,0,12,0,12,0,12,0,12,0,12,1209,379,43,51,1209,379,0,12,145,73,74,58,0,12,1209,379,9,29,0,12,597,230,13,19,562,419,0,12
"1587","060376012112","Block Group 2, Census Tract 6012.11, Los Angeles County, California",1519,304,0,12,0,12,0,12,0,12,0,12,0,12,0,12,0,12,132,76,11,16,0,12,0,12,0,12,0,12,0,12,0,12,17,26,0,12,0,12,0,12,0,12,0,12,0,12,15,35,1646,362,245,186,1646,362,0,12,63,46,212,98,0,12,1646,362,9,16,26,44,421,174,69,58,1049,380,0,12
"1588","060376012111","Block Group 1, Census Tract 6012.11, Los Angeles County, California",1118,174,18,29,0,12,0,12,0,12,0,12,0,12,0,12,0,12,68,45,31,35,0,12,0,12,0,12,0,12,0,12,0,12,45,47,7,11,0,12,0,12,0,12,0,12,0,12,0,12,1220,196,138,83,1220,196,6,10,56,40,39,29,0,12,1234,196,0,12,0,12,656,176,31,25,496,152,0,12
"1589","060376015012","Block Group 2, Census Tract 6015.01, Los Angeles County, California",2566,399,22,36,0,12,0,12,0,12,0,12,0,12,0,12,0,12,272,187,146,102,0,12,0,12,0,12,0,12,0,12,0,12,0,12,7,11,0,12,0,12,0,12,0,12,0,12,0,12,2769,418,872,505,2769,418,109,103,225,111,341,169,0,12,2769,418,0,12,193,298,182,214,30,22,2356,483,0,12
"1590","060376018011","Block Group 1, Census Tract 6018.01, Los Angeles County, California",1570,301,0,12,0,12,0,12,0,12,0,12,0,12,0,12,0,12,236,86,83,46,0,12,0,12,0,12,0,12,0,12,0,12,40,45,38,41,0,12,0,12,0,12,0,12,0,12,0,12,1663,335,178,110,1663,335,32,43,51,33,107,63,0,12,1663,335,36,55,0,12,63,57,5,8,1539,329,13,23
"1591","060376018012","Block Group 2, Census Tract 6018.01, Los Angeles County, California",1040,225,0,12,0,12,0,12,0,12,0,12,0,12,0,12,0,12,233,85,46,42,0,12,0,12,0,12,0,12,0,12,0,12,32,31,15,22,0,12,0,12,0,12,0,12,0,12,0,12,1156,255,426,223,1171,253,15,21,73,58,119,73,0,12,1171,253,0,12,0,12,0,12,0,12,1171,253,0,12
"1592","060376020021","Block Group 1, Census Tract 6020.02, Los Angeles County, California",916,217,20,22,0,12,0,12,0,12,0,12,0,12,0,12,0,12,152,57,28,28,0,12,0,12,0,12,0,12,0,12,0,12,14,22,8,12,0,12,0,12,0,12,0,12,0,12,0,12,1023,255,94,60,1023,255,17,26,129,69,64,43,0,12,1023,255,0,12,0,12,92,38,27,25,859,259,0,12
"1593","060376021051","Block Group 1, Census Tract 6021.05, Los Angeles County, California",804,373,0,12,0,12,0,12,0,12,0,12,0,12,0,12,0,12,76,56,0,12,0,12,0,12,0,12,0,12,0,12,0,12,9,13,0,12,0,12,0,12,0,12,0,12,0,12,0,12,888,403,240,214,888,403,13,21,0,12,30,35,0,12,888,403,27,45,0,12,51,42,98,83,712,379,0,12
"1594","060376021053","Block Group 3, Census Tract 6021.05, Los Angeles County, California",851,296,0,12,0,12,0,12,0,12,0,12,0,12,0,12,0,12,43,42,29,46,0,12,0,12,29,47,0,12,0,12,0,12,74,50,0,12,0,12,0,12,0,12,0,12,0,12,0,12,929,325,49,66,929,325,0,12,0,12,39,48,0,12,929,325,103,118,0,12,236,148,0,12,590,284,0,12
"1595","060376204001","Block Group 1, Census Tract 6204, Los Angeles County, California",1553,254,0,12,0,12,0,12,0,12,0,12,0,12,0,12,0,12,0,12,0,12,0,12,0,12,31,36,0,12,0,12,0,12,0,12,0,12,0,12,0,12,0,12,0,12,0,12,0,12,1563,255,178,142,1563,255,13,21,17,26,0,12,0,12,1563,255,294,122,0,12,0,12,1069,235,122,119,0,12
"1596","060375040011","Block Group 1, Census Tract 5040.01, Los Angeles County, California",1356,275,0,12,0,12,0,12,0,12,0,12,0,12,0,12,0,12,42,41,0,12,0,12,0,12,0,12,0,12,0,12,0,12,20,22,0,12,0,12,0,12,0,12,0,12,0,12,0,12,1389,311,172,181,1389,311,0,12,18,20,27,26,0,12,1465,312,68,64,0,12,30,32,552,169,750,292,0,12
"1597","060375300062","Block Group 2, Census Tract 5300.06, Los Angeles County, California",1108,322,0,12,17,24,0,12,0,12,0,12,0,12,0,12,0,12,45,43,83,112,0,12,0,12,25,29,0,12,0,12,0,12,0,12,9,13,0,12,0,12,0,12,0,12,0,12,0,12,1143,327,182,104,1159,332,25,27,59,50,48,50,0,12,1159,332,190,113,0,12,20,35,227,153,722,298,0,12
"1598","060374339013","Block Group 3, Census Tract 4339.01, Los Angeles County, California",1069,508,0,12,0,12,0,12,0,12,0,12,0,12,0,12,0,12,129,91,80,63,0,12,0,12,130,118,12,19,0,12,0,12,0,12,0,12,0,12,0,12,0,12,30,25,0,12,0,12,1200,537,410,384,1200,537,0,12,30,41,161,102,0,12,1200,537,444,311,0,12,17,27,30,36,703,385,0,12
"1599","060374339012","Block Group 2, Census Tract 4339.01, Los Angeles County, California",1495,430,24,38,0,12,0,12,0,12,0,12,0,12,0,12,0,12,254,161,211,156,0,12,0,12,8,12,0,12,0,12,0,12,15,22,53,64,0,12,0,12,8,12,0,12,0,12,0,12,1669,486,694,375,1682,485,71,77,193,105,274,143,15,26,1682,485,22,26,0,12,0,12,0,12,1660,493,0,12
"1600","060375009004","Block Group 4, Census Tract 5009, Los Angeles County, California",1094,385,0,12,0,12,0,12,0,12,0,12,0,12,0,12,0,12,64,57,121,123,0,12,0,12,5,8,0,12,0,12,0,12,76,60,9,11,0,12,0,12,8,10,0,12,0,12,0,12,1040,390,218,163,1040,390,29,47,45,54,98,103,0,12,1134,391,176,86,3,8,36,47,36,24,859,382,13,18
"1601","060375014003","Block Group 3, Census Tract 5014, Los Angeles County, California",1191,305,7,10,0,12,0,12,0,12,0,12,0,12,0,12,0,12,8,14,0,12,0,12,0,12,0,12,0,12,0,12,0,12,0,12,0,12,0,12,0,12,0,12,0,12,0,12,0,12,1241,306,210,172,1241,306,0,12,33,53,7,10,0,12,1241,306,0,12,0,12,59,78,204,127,952,269,0,12
"1602","060375014001","Block Group 1, Census Tract 5014, Los Angeles County, California",1078,255,10,16,0,12,0,12,0,12,0,12,0,12,0,12,0,12,52,39,35,42,0,12,0,12,0,12,0,12,0,12,0,12,64,52,13,19,0,12,0,12,24,36,0,12,0,12,0,12,1100,268,61,51,1110,268,0,12,12,19,55,44,0,12,1110,268,24,36,0,12,0,12,123,80,933,240,30,44
"1603","060375014002","Block Group 2, Census Tract 5014, Los Angeles County, California",1210,360,8,12,0,12,0,12,0,12,0,12,0,12,0,12,0,12,104,77,20,22,0,12,0,12,0,12,0,12,0,12,0,12,0,12,9,12,0,12,0,12,0,12,0,12,0,12,0,12,1318,370,259,174,1318,370,0,12,58,65,98,78,0,12,1318,370,60,92,0,12,0,12,87,89,1134,375,37,58
"1604","060375015011","Block Group 1, Census Tract 5015.01, Los Angeles County, California",2210,135,0,12,0,12,0,12,0,12,0,12,0,12,0,12,0,12,1,7,0,12,0,12,0,12,7,10,0,12,0,12,0,12,0,12,0,12,0,12,0,12,31,34,13,21,0,12,0,12,2272,140,291,138,2272,140,0,12,23,20,29,31,14,14,2272,140,222,97,0,12,0,12,745,97,1265,173,0,12
"1605","060375018023","Block Group 3, Census Tract 5018.02, Los Angeles County, California",1476,258,9,12,0,12,0,12,0,12,0,12,0,12,0,12,0,12,27,33,0,12,0,12,0,12,0,12,0,12,0,12,0,12,0,12,0,12,0,12,0,12,0,12,0,12,0,12,0,12,1634,279,160,111,1642,279,0,12,19,32,49,61,0,12,1642,279,22,22,0,12,39,57,215,88,1358,260,0,12
"1606","060375018021","Block Group 1, Census Tract 5018.02, Los Angeles County, California",885,156,0,12,0,12,0,12,0,12,0,12,0,12,0,12,0,12,20,29,0,12,0,12,0,12,0,12,2,4,0,12,0,12,27,35,0,12,0,12,0,12,0,12,0,12,0,12,0,12,922,174,66,65,922,174,0,12,15,22,19,21,0,12,955,183,15,15,0,12,3,6,215,88,701,186,0,12
"1607","060375018022","Block Group 2, Census Tract 5018.02, Los Angeles County, California",605,182,0,12,0,12,0,12,0,12,0,12,0,12,0,12,0,12,0,12,0,12,0,12,0,12,0,12,0,12,13,20,0,12,0,12,0,12,0,12,0,12,0,12,0,12,0,12,0,12,714,229,197,149,714,229,0,12,37,57,8,13,0,12,714,229,0,12,0,12,88,116,153,77,467,221,0,12
"1608","060375019002","Block Group 2, Census Tract 5019, Los Angeles County, California",939,298,0,12,0,12,0,12,0,12,0,12,0,12,0,12,0,12,6,11,0,12,0,12,0,12,0,12,0,12,0,12,0,12,0,12,0,12,0,12,0,12,12,18,0,12,0,12,0,12,1098,350,143,206,1087,348,23,35,11,17,15,23,0,12,1098,350,35,29,0,12,0,12,179,101,817,333,0,12
"1609","060375019001","Block Group 1, Census Tract 5019, Los Angeles County, California",1231,383,0,12,0,12,0,12,0,12,0,12,0,12,0,12,0,12,16,28,2,4,0,12,0,12,0,12,0,12,0,12,0,12,3,8,1,3,0,12,0,12,0,12,0,12,0,12,0,12,1309,392,218,174,1296,393,0,12,48,46,18,19,0,12,1309,392,25,27,0,12,58,100,146,71,1057,378,0,12
"1610","060375019003","Block Group 3, Census Tract 5019, Los Angeles County, California",790,180,0,12,0,12,0,12,0,12,0,12,0,12,0,12,0,12,13,20,0,12,0,12,0,12,0,12,0,12,0,12,0,12,0,12,13,21,0,12,0,12,0,12,0,12,0,12,0,12,823,192,19,30,823,192,0,12,0,12,0,12,0,12,823,192,8,14,0,12,21,35,295,151,499,189,0,12
"1611","060375019004","Block Group 4, Census Tract 5019, Los Angeles County, California",894,283,0,12,0,12,0,12,0,12,0,12,0,12,0,12,0,12,0,12,0,12,0,12,0,12,0,12,0,12,0,12,0,12,0,12,0,12,0,12,0,12,0,12,0,12,0,12,0,12,923,286,61,79,923,286,0,12,0,12,13,19,0,12,923,286,0,12,0,12,0,12,148,118,768,279,0,12
"1612","060375024011","Block Group 1, Census Tract 5024.01, Los Angeles County, California",1219,343,0,12,0,12,0,12,0,12,0,12,0,12,0,12,0,12,28,32,11,18,0,12,0,12,0,12,0,12,0,12,0,12,85,56,26,25,0,12,0,12,0,12,0,12,0,12,0,12,1382,390,63,52,1382,390,12,19,59,57,35,40,0,12,1382,390,164,83,15,19,23,33,58,45,1092,383,0,12
"1613","060375024012","Block Group 2, Census Tract 5024.01, Los Angeles County, California",819,345,0,12,0,12,0,12,0,12,0,12,0,12,0,12,0,12,31,47,25,27,0,12,0,12,0,12,0,12,0,12,0,12,13,25,17,18,0,12,0,12,0,12,4,8,0,12,0,12,775,376,287,247,791,380,0,12,12,20,18,29,0,12,887,390,4,8,0,12,14,32,115,98,754,378,0,12
"1614","060374012022","Block Group 2, Census Tract 4012.02, Los Angeles County, California",1167,243,0,12,0,12,0,12,0,12,0,12,0,12,0,12,0,12,26,42,0,12,20,30,0,12,0,12,0,12,7,11,0,12,0,12,0,12,0,12,0,12,0,12,0,12,9,14,0,12,1167,243,61,66,1167,243,13,21,38,45,30,34,0,12,1167,243,90,61,0,12,0,12,368,122,679,244,0,12
"1615","060374012023","Block Group 3, Census Tract 4012.02, Los Angeles County, California",1962,325,0,12,0,12,0,12,0,12,0,12,0,12,0,12,0,12,5,10,0,12,0,12,0,12,0,12,0,12,0,12,0,12,0,12,0,12,0,12,4,10,30,31,4,9,7,12,0,12,1935,342,247,148,1948,341,0,12,11,14,49,41,0,12,2032,341,214,100,0,12,18,23,883,223,780,292,59,78
"1616","060374013113","Block Group 3, Census Tract 4013.11, Los Angeles County, California",576,290,0,12,0,12,0,12,0,12,0,12,0,12,0,12,0,12,0,12,0,12,0,12,0,12,0,12,0,12,0,12,0,12,0,12,0,12,0,12,0,12,0,12,0,12,0,12,0,12,672,352,55,63,672,352,0,12,0,12,0,12,0,12,672,352,61,109,0,12,17,26,528,323,40,55,0,12
"1617","060374013112","Block Group 2, Census Tract 4013.11, Los Angeles County, California",1669,465,42,69,0,12,0,12,0,12,0,12,0,12,0,12,0,12,25,41,0,12,0,12,0,12,0,12,0,12,0,12,0,12,0,12,0,12,0,12,0,12,0,12,0,12,0,12,0,12,1892,539,438,360,1892,539,0,12,16,27,0,12,0,12,1892,539,63,77,0,12,0,12,987,411,842,440,0,12
"1618","060374017032","Block Group 2, Census Tract 4017.03, Los Angeles County, California",1966,419,0,12,0,12,0,12,0,12,0,12,0,12,0,12,0,12,71,79,53,69,0,12,0,12,30,37,15,18,0,12,0,12,8,13,23,25,9,15,0,12,7,12,7,14,0,12,0,12,2041,458,78,78,2041,458,0,12,7,11,161,160,0,12,2041,458,255,145,0,12,225,122,483,185,1012,497,0,12
"1619","060372126201","Block Group 1, Census Tract 2126.20, Los Angeles County, California",1762,321,0,12,0,12,0,12,0,12,0,12,0,12,0,12,0,12,163,98,108,75,0,12,0,12,141,83,22,25,0,12,0,12,18,20,70,82,0,12,0,12,47,55,54,76,0,12,0,12,1747,328,355,141,1800,323,11,19,93,74,144,97,0,12,1800,323,490,158,0,12,80,50,211,104,1010,302,0,12
"1620","060372133201","Block Group 1, Census Tract 2133.20, Los Angeles County, California",1258,265,0,12,0,12,0,12,0,12,0,12,0,12,0,12,0,12,114,67,125,67,0,12,0,12,28,31,23,33,0,12,0,12,70,67,12,17,0,12,0,12,31,38,60,49,0,12,0,12,1286,273,322,130,1306,274,0,12,106,61,156,71,0,12,1306,274,528,170,0,12,31,40,0,12,747,215,0,12
"1621","060372147001","Block Group 1, Census Tract 2147, Los Angeles County, California",946,261,0,12,0,12,0,12,0,12,0,12,0,12,0,12,0,12,3,6,0,12,0,12,0,12,0,12,0,12,0,12,0,12,0,12,0,12,0,12,0,12,3,6,0,12,0,12,0,12,863,237,64,47,863,237,0,12,26,40,22,24,0,12,946,261,57,40,13,20,59,36,680,200,98,68,0,12
"1622","060372122041","Block Group 1, Census Tract 2122.04, Los Angeles County, California",1777,285,0,12,0,12,0,12,0,12,0,12,0,12,0,12,0,12,270,104,102,74,0,12,0,12,0,12,0,12,0,12,0,12,0,12,46,51,0,12,0,12,45,37,53,37,0,12,0,12,1943,297,709,273,1952,298,27,43,103,60,187,108,0,12,1952,298,409,129,0,12,149,136,116,66,1270,308,0,12
"1623","060372123031","Block Group 1, Census Tract 2123.03, Los Angeles County, California",3575,395,47,48,0,12,0,12,0,12,0,12,0,12,0,12,0,12,738,190,240,166,0,12,0,12,147,105,36,36,0,12,0,12,33,30,80,50,0,12,0,12,19,26,0,12,8,13,0,12,3814,441,1163,314,3837,441,89,80,678,250,559,168,10,16,3837,441,831,224,0,12,268,122,194,67,2436,465,17,28
"1624","060372123062","Block Group 2, Census Tract 2123.06, Los Angeles County, California",1612,298,0,12,0,12,0,12,0,12,0,12,0,12,0,12,0,12,156,110,42,42,0,12,0,12,125,79,67,48,0,12,0,12,27,35,0,12,0,12,0,12,116,52,0,12,0,12,0,12,1770,352,439,224,1770,352,0,12,209,101,291,100,21,33,1770,352,615,158,0,12,24,40,39,50,1051,296,35,48
"1625","060372264102","Block Group 2, Census Tract 2264.10, Los Angeles County, California",1404,313,10,16,0,12,0,12,0,12,0,12,0,12,0,12,0,12,162,75,246,134,0,12,0,12,0,12,0,12,0,12,0,12,64,48,65,42,0,12,0,12,0,12,0,12,0,12,0,12,1446,319,358,154,1446,319,54,65,128,92,209,88,3,6,1446,319,0,12,4,6,34,36,0,12,1396,324,0,12
"1626","060372286002","Block Group 2, Census Tract 2286, Los Angeles County, California",2068,589,0,12,0,12,0,12,0,12,0,12,0,12,0,12,0,12,366,143,233,115,0,12,0,12,0,12,0,12,0,12,0,12,44,53,0,12,0,12,0,12,0,12,0,12,0,12,0,12,2226,594,767,381,2226,594,13,21,210,123,202,147,0,12,2226,594,0,12,0,12,143,113,3,15,2045,613,0,12
"1627","060372321102","Block Group 2, Census Tract 2321.10, Los Angeles County, California",1330,189,0,12,0,12,0,12,0,12,0,12,0,12,0,12,0,12,157,72,143,90,0,12,0,12,0,12,1,3,0,12,0,12,11,13,19,21,0,12,0,12,0,12,0,12,0,12,0,12,1452,217,180,86,1452,217,26,29,75,41,162,82,13,13,1452,217,2,4,0,12,228,100,2,5,1208,231,12,19
"1628","060372321101","Block Group 1, Census Tract 2321.10, Los Angeles County, California",1484,256,0,12,0,12,0,12,0,12,0,12,0,12,0,12,0,12,203,90,89,57,0,12,0,12,6,11,0,12,0,12,0,12,25,23,47,38,0,12,0,12,6,8,0,12,0,12,0,12,1586,278,722,260,1586,278,19,28,77,57,61,53,8,12,1586,278,18,28,0,12,235,136,5,8,1319,293,0,12
"1629","060372322003","Block Group 3, Census Tract 2322, Los Angeles County, California",1276,292,0,12,0,12,0,12,0,12,0,12,0,12,0,12,0,12,136,67,77,60,0,12,0,12,0,12,0,12,0,12,0,12,24,28,10,15,0,12,0,12,0,12,0,12,0,12,0,12,1349,302,212,189,1349,302,0,12,63,49,76,59,0,12,1349,302,17,39,0,12,644,176,14,30,659,267,0,12
"1630","060372322002","Block Group 2, Census Tract 2322, Los Angeles County, California",1107,250,0,12,0,12,0,12,0,12,0,12,0,12,0,12,0,12,122,76,73,46,0,12,0,12,0,12,0,12,0,12,0,12,9,16,0,12,0,12,0,12,0,12,0,12,0,12,0,12,1140,259,250,166,1140,259,12,21,60,70,88,55,0,12,1140,259,0,12,0,12,420,181,13,14,707,243,0,12
"1631","060372348004","Block Group 4, Census Tract 2348, Los Angeles County, California",676,232,0,12,0,12,0,12,0,12,0,12,0,12,0,12,0,12,0,12,0,12,0,12,0,12,0,12,0,12,0,12,0,12,0,12,0,12,0,12,0,12,0,12,0,12,0,12,0,12,676,232,85,74,676,232,0,12,14,27,63,62,0,12,676,232,0,12,0,12,529,236,50,51,50,51,0,12
"1632","060372348001","Block Group 1, Census Tract 2348, Los Angeles County, California",974,364,0,12,0,12,0,12,0,12,0,12,0,12,0,12,0,12,33,42,0,12,0,12,0,12,0,12,0,12,0,12,0,12,41,57,0,12,0,12,0,12,0,12,0,12,0,12,0,12,983,370,162,175,983,370,0,12,17,29,6,12,0,12,983,370,0,12,0,12,466,223,12,22,485,312,0,12
"1633","060372360003","Block Group 3, Census Tract 2360, Los Angeles County, California",709,222,0,12,0,12,0,12,0,12,0,12,0,12,0,12,0,12,0,12,0,12,0,12,0,12,0,12,0,12,0,12,0,12,0,12,0,12,0,12,0,12,0,12,0,12,0,12,0,12,709,222,40,49,709,222,0,12,19,32,72,67,0,12,709,222,0,12,0,12,390,196,134,116,142,198,0,12
"1634","060372962103","Block Group 3, Census Tract 2962.10, Los Angeles County, California",1490,367,0,12,0,12,0,12,0,12,0,12,0,12,0,12,0,12,147,74,27,29,0,12,0,12,0,12,0,12,0,12,0,12,5,12,24,28,0,12,0,12,0,12,0,12,0,12,0,12,1766,448,485,235,1766,448,0,12,120,118,124,95,0,12,1766,448,0,12,0,12,71,41,100,80,1579,428,0,12
"1635","060372962101","Block Group 1, Census Tract 2962.10, Los Angeles County, California",588,256,0,12,0,12,0,12,0,12,0,12,0,12,0,12,0,12,61,40,78,95,0,12,0,12,0,12,0,12,0,12,0,12,30,31,2,5,0,12,0,12,0,12,0,12,0,12,0,12,591,258,69,63,591,258,0,12,49,45,74,87,0,12,591,258,0,12,0,12,32,39,12,20,547,255,0,12
"1636","060371341032","Block Group 2, Census Tract 1341.03, Los Angeles County, California",1824,355,0,12,0,12,0,12,0,12,0,12,0,12,0,12,0,12,25,40,0,12,0,12,0,12,76,41,0,12,0,12,0,12,0,12,11,18,0,12,0,12,25,27,0,12,0,12,0,12,1847,384,144,121,1862,387,0,12,29,46,158,113,0,12,1950,396,475,181,8,15,88,66,702,242,574,282,39,56
"1637","060371341031","Block Group 1, Census Tract 1341.03, Los Angeles County, California",2549,514,0,12,0,12,0,12,0,12,0,12,0,12,0,12,0,12,121,78,94,71,9,15,0,12,0,12,0,12,0,12,0,12,4,9,42,54,19,30,0,12,0,12,0,12,0,12,0,12,2709,531,461,240,2700,530,0,12,0,12,244,184,0,12,2709,531,52,83,43,67,196,174,820,230,1598,485,0,12
"1638","060374329022","Block Group 2, Census Tract 4329.02, Los Angeles County, California",1194,263,0,12,0,12,0,12,0,12,18,29,0,12,0,12,0,12,28,34,0,12,0,12,0,12,113,55,17,24,0,12,0,12,0,12,0,12,0,12,0,12,45,32,58,38,0,12,0,12,1213,266,58,58,1213,266,0,12,23,20,6,9,0,12,1213,266,898,240,0,12,0,12,81,83,201,150,0,12
"1639","060374329023","Block Group 3, Census Tract 4329.02, Los Angeles County, California",1331,293,0,12,0,12,0,12,0,12,0,12,0,12,0,12,0,12,16,16,0,12,0,12,0,12,169,62,43,34,0,12,0,12,28,33,6,9,0,12,0,12,77,42,60,36,0,12,0,12,1373,332,103,77,1378,333,7,10,4,8,21,19,4,7,1378,333,677,161,0,12,7,10,152,124,425,145,19,30
"1640","060379201081","Block Group 1, Census Tract 9201.08, Los Angeles County, California",4883,237,0,17,0,17,0,17,0,17,0,17,0,17,0,17,0,17,40,37,0,17,9,14,9,14,66,60,0,17,0,17,0,17,0,17,0,17,0,17,0,17,17,24,0,17,0,17,0,17,5369,229,508,272,5374,220,15,25,0,17,40,36,0,17,5386,223,1597,219,0,17,165,108,2194,273,835,232,58,70
"1641","060379201121","Block Group 1, Census Tract 9201.12, Los Angeles County, California",1055,224,0,12,0,12,0,12,0,12,0,12,0,12,0,12,0,12,0,12,0,12,0,12,0,12,0,12,0,12,0,12,0,12,13,18,0,12,0,12,0,12,0,12,0,12,0,12,0,12,1137,261,70,52,1139,261,18,26,40,42,72,85,0,12,1152,261,73,110,0,12,54,52,811,213,173,156,0,12
"1642","060371219003","Block Group 3, Census Tract 1219, Los Angeles County, California",994,486,0,12,0,12,0,12,0,12,0,12,0,12,0,12,0,12,43,68,125,145,0,12,0,12,0,12,0,12,0,12,0,12,2,4,0,12,9,14,25,40,8,15,9,15,0,12,0,12,1036,532,353,344,1036,532,0,12,48,52,116,139,0,12,1043,532,31,50,0,12,59,65,333,156,620,515,0,12
"1643","060371219001","Block Group 1, Census Tract 1219, Los Angeles County, California",1401,312,0,12,0,12,0,12,0,12,0,12,0,12,0,12,0,12,150,83,44,77,11,18,0,12,0,12,0,12,0,12,0,12,117,67,0,12,0,12,0,12,0,12,0,12,0,12,0,12,1409,304,255,135,1421,310,9,16,40,32,65,58,0,12,1421,310,60,66,0,12,30,49,154,94,1177,318,0,12
"1644","060379006062","Block Group 2, Census Tract 9006.06, Los Angeles County, California",635,203,0,12,0,12,0,12,0,12,0,12,0,12,0,12,0,12,35,42,0,12,0,12,0,12,0,12,0,12,0,12,0,12,0,12,0,12,0,12,0,12,0,12,0,12,0,12,0,12,865,296,572,296,865,296,98,161,74,64,32,41,0,12,865,296,21,31,0,12,333,228,136,148,375,273,0,12
"1645","060379006061","Block Group 1, Census Tract 9006.06, Los Angeles County, California",2543,558,0,12,0,12,0,12,0,12,0,12,0,12,0,12,0,12,19,20,0,12,0,12,0,12,0,12,0,12,0,12,0,12,37,42,36,42,0,12,0,12,0,12,0,12,0,12,0,12,2667,562,724,341,2659,563,0,12,14,21,43,36,0,12,2667,562,36,61,0,12,1164,507,636,224,768,231,46,73
"1646","060379008034","Block Group 4, Census Tract 9008.03, Los Angeles County, California",2611,831,0,12,0,12,0,12,0,12,0,12,0,12,0,12,0,12,0,12,0,12,0,12,0,12,0,12,0,12,0,12,0,12,56,86,0,12,0,12,0,12,0,12,0,12,0,12,0,12,2834,941,581,440,2834,941,0,12,86,121,35,45,0,12,2834,941,0,12,0,12,393,389,899,532,1475,742,0,12
"1647","060379008031","Block Group 1, Census Tract 9008.03, Los Angeles County, California",2086,656,0,12,0,12,0,12,0,12,0,12,0,12,0,12,0,12,0,12,0,12,0,12,0,12,0,12,0,12,0,12,0,12,0,12,0,12,0,12,0,12,20,32,0,12,0,12,0,12,2210,761,722,668,2248,748,0,12,0,12,0,12,0,12,2248,748,30,44,0,12,423,286,598,318,1117,754,0,12
"1648","060379008033","Block Group 3, Census Tract 9008.03, Los Angeles County, California",1602,427,0,12,0,12,0,12,0,12,0,12,0,12,0,12,0,12,0,12,0,12,0,12,0,12,0,12,0,12,0,12,0,12,0,12,0,12,0,12,0,12,0,12,0,12,0,12,0,12,1693,445,460,322,1693,445,0,12,12,20,19,34,0,12,1693,445,66,87,0,12,330,276,642,284,571,320,0,12
"1649","060379008032","Block Group 2, Census Tract 9008.03, Los Angeles County, California",1812,582,0,12,0,12,0,12,0,12,0,12,0,12,0,12,0,12,0,12,0,12,0,12,0,12,0,12,0,12,0,12,0,12,0,12,0,12,0,12,0,12,0,12,0,12,0,12,0,12,1838,501,530,338,1963,594,138,161,0,12,80,101,0,12,1976,589,210,208,0,12,225,179,713,364,818,631,0,12
"1650","060379011011","Block Group 1, Census Tract 9011.01, Los Angeles County, California",3304,522,0,12,0,12,0,12,0,12,0,12,0,12,0,12,0,12,25,39,0,12,0,12,0,12,24,37,0,12,0,12,0,12,0,12,0,12,0,12,0,12,46,73,0,12,0,12,0,12,3505,594,290,268,3516,593,20,22,9,21,42,38,0,12,3516,593,196,136,0,12,507,535,1631,413,1035,361,13,18
"1651","060379011012","Block Group 2, Census Tract 9011.01, Los Angeles County, California",1867,384,0,12,0,12,0,12,0,12,31,51,0,12,0,12,0,12,11,17,0,12,0,12,0,12,88,90,0,12,0,12,0,12,0,12,0,12,0,12,0,12,0,12,0,12,0,12,0,12,2003,406,449,345,2003,406,19,31,48,53,102,79,0,12,2003,406,166,153,0,12,96,148,1052,279,578,361,0,12
"1652","060375415003","Block Group 3, Census Tract 5415, Los Angeles County, California",1109,819,15,22,0,12,0,12,0,12,0,12,0,12,0,12,0,12,73,61,0,12,0,12,0,12,0,12,0,12,0,12,0,12,16,23,24,32,0,12,0,12,0,12,0,12,0,12,0,12,1234,954,110,79,1234,954,108,145,19,31,14,21,0,12,1234,954,0,12,0,12,8,13,7,11,1219,952,0,12
"1653","060372430001","Block Group 1, Census Tract 2430, Los Angeles County, California",1430,571,23,38,0,12,0,12,0,12,0,12,0,12,0,12,0,12,197,129,93,102,0,12,0,12,0,12,0,12,0,12,0,12,0,12,11,17,0,12,0,12,0,12,0,12,0,12,0,12,1730,600,275,193,1730,600,0,12,37,50,161,133,0,12,1730,600,0,12,0,12,119,118,0,12,1584,611,0,12
"1654","060376506021","Block Group 1, Census Tract 6506.02, Los Angeles County, California",2959,467,0,12,0,12,0,12,0,12,0,12,0,12,0,12,0,12,0,12,5,11,0,12,0,12,161,150,0,12,0,12,0,12,19,23,41,39,9,19,0,12,10,15,21,25,0,12,0,12,2692,430,278,264,2692,430,0,12,31,36,104,80,12,19,3165,486,1748,422,0,12,156,105,769,285,366,136,0,12
"1655","060376509021","Block Group 1, Census Tract 6509.02, Los Angeles County, California",1323,357,0,12,0,12,0,12,0,12,0,12,0,12,0,12,0,12,18,30,0,12,0,12,0,12,15,24,0,12,0,12,0,12,0,12,0,12,0,12,0,12,0,12,0,12,0,12,0,12,1398,367,162,124,1398,367,20,31,18,29,70,86,0,12,1398,367,381,177,0,12,17,29,426,164,481,259,29,45
"1656","060376509023","Block Group 3, Census Tract 6509.02, Los Angeles County, California",2782,432,0,12,0,12,0,12,0,12,0,12,0,12,0,12,0,12,0,12,0,12,0,12,0,12,176,101,0,12,0,12,0,12,0,12,0,12,0,12,0,12,78,81,0,12,0,12,0,12,3108,500,375,219,3108,500,0,12,35,40,53,63,0,12,3108,500,1398,350,0,12,37,46,845,246,566,336,0,12
"1657","060376509022","Block Group 2, Census Tract 6509.02, Los Angeles County, California",2094,437,0,12,0,12,0,12,0,12,0,12,0,12,0,12,0,12,32,48,0,12,0,12,0,12,41,40,7,13,0,12,0,12,0,12,0,12,0,12,0,12,32,51,0,12,0,12,0,12,2263,484,145,148,2263,484,0,12,120,126,10,21,0,12,2263,484,778,285,0,12,16,27,424,178,983,492,0,12
"1658","060371312001","Block Group 1, Census Tract 1312, Los Angeles County, California",1383,291,0,12,0,12,0,12,0,12,0,12,0,12,0,12,0,12,0,12,16,24,0,12,0,12,0,12,0,12,0,12,0,12,7,12,0,12,0,12,0,12,0,12,0,12,0,12,0,12,1406,300,198,135,1406,300,0,12,0,12,24,34,0,12,1406,300,27,26,0,12,27,29,683,144,669,259,0,12
"1659","060371312003","Block Group 3, Census Tract 1312, Los Angeles County, California",692,188,0,12,0,12,0,12,0,12,0,12,0,12,0,12,0,12,55,63,0,12,0,12,0,12,24,39,0,12,0,12,0,12,0,12,0,12,0,12,0,12,0,12,0,12,0,12,0,12,762,211,0,12,762,211,0,12,0,12,15,21,0,12,762,211,30,27,0,12,25,36,217,83,468,197,0,12
"1660","060374083021","Block Group 1, Census Tract 4083.02, Los Angeles County, California",3644,316,10,13,0,12,0,12,0,12,0,12,0,12,0,12,0,12,256,97,120,94,0,12,0,12,99,89,12,17,0,12,0,12,36,44,71,62,0,12,0,12,9,15,15,25,0,12,0,12,3836,327,163,139,3836,327,57,86,42,36,215,102,53,61,3836,327,615,128,0,12,0,12,274,106,2898,315,0,12
"1661","060374085033","Block Group 3, Census Tract 4085.03, Los Angeles County, California",3812,526,16,26,0,12,0,12,0,12,0,12,0,12,0,12,0,12,43,44,0,12,12,17,0,12,234,120,101,87,0,12,0,12,10,18,0,12,11,16,0,12,220,141,7,11,0,12,0,12,4109,623,155,66,4109,623,0,12,12,19,58,81,0,12,4109,623,2105,511,0,12,114,115,666,172,1167,377,22,32
"1662","060374085032","Block Group 2, Census Tract 4085.03, Los Angeles County, California",884,265,0,12,0,12,0,12,0,12,0,12,0,12,0,12,0,12,5,9,0,12,0,12,0,12,4,7,0,12,0,12,0,12,8,13,0,12,0,12,0,12,16,27,6,10,0,12,0,12,925,287,4,19,925,287,0,12,0,12,5,10,0,12,925,287,182,131,16,24,0,12,156,64,571,257,0,12
"1663","060374085031","Block Group 1, Census Tract 4085.03, Los Angeles County, California",1501,358,0,12,0,12,0,12,0,12,0,12,0,12,0,12,0,12,5,13,0,12,0,12,0,12,79,50,4,8,0,12,0,12,0,12,0,12,0,12,0,12,48,39,0,12,0,12,0,12,1628,425,79,62,1639,427,11,17,12,16,0,12,0,12,1639,427,688,315,0,12,0,12,304,184,523,275,0,12
"1664","060374086241","Block Group 1, Census Tract 4086.24, Los Angeles County, California",1909,316,11,18,0,12,0,12,0,12,0,12,0,12,0,12,0,12,23,30,0,12,0,12,0,12,159,71,59,56,0,12,0,12,6,12,0,12,0,12,0,12,96,54,83,65,0,12,0,12,2014,332,133,80,2001,333,14,21,39,37,74,68,17,18,2014,332,1363,232,0,12,0,12,137,84,485,217,0,12
"1665","060374086242","Block Group 2, Census Tract 4086.24, Los Angeles County, California",915,260,0,12,0,12,0,12,0,12,9,14,0,12,0,12,0,12,0,12,0,12,0,12,0,12,89,86,0,12,0,12,0,12,1,2,0,12,0,12,0,12,44,41,0,12,0,12,0,12,939,263,60,58,939,263,9,14,8,14,33,34,0,12,944,263,582,178,0,12,1,4,107,68,254,165,0,12
"1666","060374800123","Block Group 3, Census Tract 4800.12, Los Angeles County, California",1722,344,0,12,10,16,0,12,0,12,7,11,0,12,0,12,0,12,42,44,0,12,0,12,0,12,92,55,0,12,0,12,0,12,0,12,0,12,0,12,0,12,42,50,65,53,0,12,0,12,1926,410,163,105,1926,410,7,11,23,32,36,30,0,12,1926,410,1110,379,0,12,0,12,449,175,367,145,0,12
"1667","060374800121","Block Group 1, Census Tract 4800.12, Los Angeles County, California",1399,313,35,50,0,12,0,12,0,12,0,12,0,12,0,12,0,12,0,12,32,47,0,12,0,12,179,120,0,12,0,12,0,12,0,12,0,12,0,12,0,12,18,23,0,12,0,12,0,12,1483,342,106,73,1483,342,0,12,39,48,16,24,0,12,1483,342,839,265,0,12,40,54,198,103,372,231,0,12
"1668","060374800124","Block Group 4, Census Tract 4800.12, Los Angeles County, California",823,223,0,12,0,12,0,12,0,12,7,12,0,12,0,12,0,12,0,12,0,12,0,12,0,12,46,33,0,12,0,12,0,12,0,12,0,12,0,12,0,12,105,85,41,36,0,12,0,12,912,253,55,46,912,253,0,12,17,24,25,28,0,12,912,253,715,248,0,12,11,18,110,76,76,46,0,12
"1669","060374037031","Block Group 1, Census Tract 4037.03, Los Angeles County, California",1788,341,0,12,0,12,0,12,0,12,3,9,0,12,0,12,0,12,0,12,0,12,0,12,0,12,0,12,4,11,0,12,0,12,0,12,0,12,0,12,0,12,4,12,0,12,0,12,0,12,1843,351,90,74,1843,351,0,12,27,38,0,12,0,12,1843,351,216,141,0,12,35,25,687,244,881,315,0,12
"1670","060374052013","Block Group 3, Census Tract 4052.01, Los Angeles County, California",1063,271,0,12,0,12,0,12,0,12,0,12,0,12,0,12,0,12,105,65,23,37,0,12,0,12,44,36,0,12,0,12,0,12,0,12,0,12,0,12,0,12,0,12,18,29,0,12,0,12,1138,284,253,175,1138,284,13,21,54,52,60,60,0,12,1138,284,145,120,0,12,0,12,32,50,961,312,0,12
"1671","060374052012","Block Group 2, Census Tract 4052.01, Los Angeles County, California",1849,389,0,12,0,12,0,12,0,12,0,12,0,12,0,12,0,12,37,38,74,66,0,12,0,12,98,78,0,12,0,12,0,12,12,19,65,75,2,5,0,12,23,35,0,12,0,12,0,12,2008,438,104,102,2008,438,0,12,25,39,57,57,0,12,2008,438,352,179,0,12,46,68,54,36,1520,434,12,21
"1672","060374052022","Block Group 2, Census Tract 4052.02, Los Angeles County, California",3290,677,0,12,6,9,0,12,0,12,10,16,0,12,0,12,0,12,186,131,210,160,0,12,0,12,103,68,42,38,0,12,0,12,45,38,49,47,0,12,0,12,15,23,73,86,0,12,0,12,3435,703,672,283,3435,703,12,19,148,119,154,133,0,12,3435,703,435,205,0,12,91,90,108,82,2743,656,37,59
"1673","060371881001","Block Group 1, Census Tract 1881, Los Angeles County, California",1662,335,0,12,0,12,0,12,0,12,0,12,0,12,0,12,0,12,0,12,44,50,17,26,0,12,0,12,0,12,0,12,0,12,30,38,12,23,0,12,0,12,0,12,0,12,0,12,0,12,1714,361,198,86,1714,361,0,12,38,43,22,34,7,12,1714,361,60,34,0,12,35,46,615,164,812,344,0,12
"1674","060371881003","Block Group 3, Census Tract 1881, Los Angeles County, California",1289,374,0,12,0,12,0,12,0,12,0,12,0,12,0,12,0,12,150,120,50,59,0,12,0,12,8,11,0,12,0,12,0,12,38,45,46,45,0,12,7,12,0,12,0,12,0,12,0,12,1359,422,108,123,1359,422,0,12,177,216,92,94,0,12,1359,422,63,34,0,12,23,37,183,114,1058,411,0,12
"1675","060371893002","Block Group 2, Census Tract 1893, Los Angeles County, California",1108,204,0,12,0,12,0,12,0,12,0,12,0,12,0,12,0,12,0,12,0,12,0,12,0,12,0,12,0,12,0,12,0,12,48,60,0,12,19,24,0,12,11,15,0,12,0,12,0,12,1226,222,78,73,1226,222,0,12,46,43,33,47,0,12,1226,222,212,96,0,12,0,12,837,239,147,121,0,12
"1676","060371893001","Block Group 1, Census Tract 1893, Los Angeles County, California",1123,175,0,12,0,12,0,12,0,12,0,12,0,12,0,12,0,12,0,12,0,12,0,12,0,12,0,12,0,12,0,12,0,12,0,12,0,12,0,12,0,12,14,21,0,12,0,12,0,12,1183,188,21,32,1183,188,0,12,0,12,0,12,0,12,1183,188,71,52,0,12,53,49,1003,198,47,57,0,12
"1677","060371898003","Block Group 3, Census Tract 1898, Los Angeles County, California",1344,271,0,12,0,12,0,12,0,12,0,12,0,12,0,12,0,12,0,12,0,12,0,12,0,12,0,12,0,12,0,12,0,12,0,12,0,12,0,12,0,12,49,77,0,12,0,12,0,12,1344,271,225,126,1324,271,0,12,0,12,18,30,0,12,1344,271,31,35,0,12,12,21,831,248,375,209,0,12
"1678","060371898001","Block Group 1, Census Tract 1898, Los Angeles County, California",1524,297,0,12,0,12,0,12,0,12,0,12,0,12,0,12,0,12,0,12,0,12,0,12,0,12,0,12,0,12,0,12,0,12,0,12,0,12,0,12,0,12,0,12,0,12,0,12,0,12,1514,295,226,131,1514,295,0,12,35,38,69,52,0,12,1524,297,29,33,0,12,199,173,1029,288,196,149,0,12
"1679","060371348003","Block Group 3, Census Tract 1348, Los Angeles County, California",1319,397,0,12,0,12,0,12,0,12,0,12,0,12,0,12,0,12,54,46,12,20,0,12,9,14,0,12,0,12,0,12,0,12,0,12,48,66,9,13,0,12,6,10,0,12,0,12,0,12,1355,406,90,68,1355,406,0,12,0,12,32,32,0,12,1355,406,231,202,0,12,12,18,526,293,575,267,0,12
"1680","060371348001","Block Group 1, Census Tract 1348, Los Angeles County, California",1632,402,0,12,0,12,0,12,0,12,15,19,0,12,0,12,0,12,55,64,15,28,14,23,0,12,84,84,38,49,0,12,0,12,0,12,8,15,10,16,0,12,0,12,0,12,0,12,0,12,1630,396,133,130,1645,402,11,18,25,34,43,49,0,12,1645,402,412,244,0,12,32,35,484,174,678,340,0,12
"1681","060371348002","Block Group 2, Census Tract 1348, Los Angeles County, California",1632,550,43,62,0,12,0,12,0,12,0,12,0,12,0,12,0,12,145,108,0,12,0,12,0,12,32,52,0,12,0,12,0,12,25,28,0,12,0,12,0,12,0,12,0,12,0,12,0,12,1716,564,426,500,1716,564,0,12,23,28,36,43,0,12,1716,564,313,192,0,12,125,147,373,197,876,504,0,12
"1682","060371348005","Block Group 5, Census Tract 1348, Los Angeles County, California",672,232,0,12,0,12,0,12,0,12,12,19,0,12,0,12,0,12,56,50,45,45,0,12,0,12,0,12,0,12,0,12,0,12,0,12,0,12,27,42,0,12,0,12,0,12,0,12,0,12,705,246,172,159,705,246,22,26,24,38,32,42,0,12,705,246,118,134,0,12,0,12,207,147,355,224,0,12
"1683","060371349012","Block Group 2, Census Tract 1349.01, Los Angeles County, California",791,181,0,12,0,12,0,12,0,12,0,12,0,12,0,12,0,12,0,12,0,12,0,12,0,12,9,15,0,12,0,12,0,12,0,12,0,12,0,12,0,12,0,12,0,12,0,12,0,12,878,224,86,135,878,224,8,13,19,21,0,12,0,12,878,224,47,50,0,12,139,188,648,182,18,16,0,12
"1684","060371349011","Block Group 1, Census Tract 1349.01, Los Angeles County, California",1354,284,0,12,0,12,0,12,0,12,0,12,0,12,0,12,0,12,14,23,33,38,13,21,0,12,0,12,0,12,0,12,0,12,8,14,15,24,23,19,0,12,0,12,0,12,0,12,0,12,1377,289,314,336,1377,289,13,20,14,23,96,85,0,12,1377,289,134,90,0,12,26,40,612,168,596,311,0,12
"1685","060371374013","Block Group 3, Census Tract 1374.01, Los Angeles County, California",1927,301,12,21,0,12,0,12,0,12,0,12,0,12,0,12,0,12,0,12,0,12,0,12,0,12,11,17,0,12,0,12,0,12,0,12,0,12,6,10,0,12,0,12,0,12,0,12,0,12,2094,331,181,154,2094,331,21,34,0,12,51,67,0,12,2094,331,174,131,0,12,46,58,1558,295,300,151,0,12
"1686","060371374011","Block Group 1, Census Tract 1374.01, Los Angeles County, California",970,230,0,12,0,12,0,12,0,12,0,12,0,12,0,12,0,12,0,12,0,12,9,15,0,12,44,65,0,12,0,12,0,12,0,12,0,12,0,12,0,12,0,12,0,12,0,12,0,12,1105,265,0,12,1105,265,0,12,54,47,10,15,0,12,1105,265,181,164,0,12,11,19,577,189,238,160,0,12
"1687","060371374021","Block Group 1, Census Tract 1374.02, Los Angeles County, California",2329,458,0,12,0,12,0,12,0,12,0,12,0,12,0,12,0,12,0,12,0,12,53,50,0,12,0,12,0,12,0,12,0,12,3,8,0,12,18,28,19,30,14,24,7,8,0,12,0,12,2450,486,134,81,2450,486,0,12,0,12,137,113,1,4,2519,482,104,65,0,12,27,48,1958,390,383,245,0,12
"1688","060371374023","Block Group 3, Census Tract 1374.02, Los Angeles County, California",1521,466,0,12,0,12,0,12,0,12,0,12,0,12,0,12,0,12,0,12,0,12,50,68,0,12,0,12,0,12,0,12,0,12,0,12,0,12,0,12,0,12,0,12,0,12,0,12,0,12,1665,542,10,17,1665,542,0,12,0,12,0,12,0,12,1665,542,123,96,0,12,139,182,924,335,374,464,0,12
"1689","060371392001","Block Group 1, Census Tract 1392, Los Angeles County, California",1070,343,0,12,0,12,0,12,0,12,0,12,0,12,0,12,0,12,0,12,0,12,83,110,0,12,0,12,0,12,10,23,0,12,0,12,0,12,0,12,34,52,0,12,0,12,51,82,0,12,1258,384,26,35,1258,384,0,12,0,12,0,12,0,12,1258,384,389,146,0,12,0,12,760,371,109,122,0,12
"1690","060371392002","Block Group 2, Census Tract 1392, Los Angeles County, California",1135,454,0,12,0,12,0,12,0,12,0,12,0,12,0,12,0,12,56,62,0,12,0,12,0,12,0,12,0,12,0,12,0,12,0,12,0,12,0,12,0,12,0,12,0,12,0,12,0,12,1293,508,157,163,1293,508,0,12,0,12,44,50,0,12,1293,508,101,171,0,12,0,12,840,364,352,367,0,12
"1691","060375300061","Block Group 1, Census Tract 5300.06, Los Angeles County, California",3001,297,28,27,0,12,0,12,0,12,0,12,0,12,0,12,0,12,94,53,46,36,29,41,0,12,25,21,0,12,11,16,0,12,0,12,0,12,1,6,0,12,58,43,31,36,0,12,21,32,3266,322,571,260,3266,322,47,63,218,98,113,63,0,12,3271,323,817,187,0,12,1,2,371,144,2010,307,0,12
"1692","060375306012","Block Group 2, Census Tract 5306.01, Los Angeles County, California",914,201,0,12,0,12,0,12,0,12,0,12,0,12,0,12,0,12,24,20,28,37,0,12,0,12,0,12,0,12,0,12,0,12,73,42,36,29,0,12,0,12,0,12,0,12,0,12,0,12,946,208,109,75,946,208,0,12,31,48,27,25,0,12,946,208,6,10,0,12,0,12,48,33,892,216,0,12
"1693","060375311021","Block Group 1, Census Tract 5311.02, Los Angeles County, California",2168,299,0,12,0,12,0,12,0,12,0,12,0,12,0,12,0,12,192,97,96,70,0,12,0,12,0,12,0,12,0,12,0,12,125,39,57,33,0,12,0,12,0,12,0,12,0,12,0,12,2313,310,423,206,2313,310,0,12,22,19,165,93,0,12,2313,310,15,23,3,5,0,12,10,13,2285,317,0,12
"1694","060375316023","Block Group 3, Census Tract 5316.02, Los Angeles County, California",2039,409,7,11,0,12,0,12,0,12,0,12,0,12,0,12,0,12,249,119,100,76,0,12,0,12,0,12,0,12,0,12,0,12,100,59,69,52,0,12,0,12,0,12,0,12,0,12,0,12,2242,437,874,357,2249,440,0,12,104,67,113,65,0,12,2249,440,0,12,0,12,7,11,40,39,2202,440,0,12
"1695","060375316022","Block Group 2, Census Tract 5316.02, Los Angeles County, California",1101,405,0,12,0,12,0,12,0,12,0,12,0,12,0,12,0,12,171,86,45,44,0,12,0,12,0,12,0,12,0,12,0,12,0,12,23,29,0,12,0,12,0,12,0,12,0,12,0,12,1187,436,299,178,1187,436,15,25,66,76,143,99,0,12,1187,436,0,12,0,12,0,12,7,12,1120,391,60,98
"1696","060375317021","Block Group 1, Census Tract 5317.02, Los Angeles County, California",955,548,0,12,0,12,0,12,0,12,0,12,0,12,0,12,0,12,71,79,0,12,0,12,0,12,0,12,0,12,0,12,0,12,79,59,17,28,0,12,0,12,0,12,0,12,0,12,0,12,978,561,17,28,978,561,19,31,22,35,0,12,0,12,978,561,0,12,0,12,0,12,0,12,978,561,0,12
"1697","060375317022","Block Group 2, Census Tract 5317.02, Los Angeles County, California",1038,357,21,39,0,12,0,12,0,12,0,12,0,12,0,12,0,12,102,70,39,43,0,12,0,12,0,12,0,12,0,12,0,12,49,41,7,11,0,12,0,12,0,12,0,12,0,12,0,12,1147,397,444,334,1147,397,0,12,0,12,68,61,21,35,1147,397,27,46,0,12,0,12,3,12,1117,397,0,12
"1698","060375317024","Block Group 4, Census Tract 5317.02, Los Angeles County, California",927,334,0,12,0,12,0,12,0,12,0,12,0,12,0,12,0,12,165,82,21,29,0,12,0,12,0,12,0,12,0,12,0,12,32,30,12,18,0,12,0,12,0,12,0,12,0,12,0,12,953,340,157,184,953,340,18,27,130,87,204,131,0,12,953,340,0,12,0,12,0,12,21,33,932,334,0,12
"1699","060375319022","Block Group 2, Census Tract 5319.02, Los Angeles County, California",2052,466,9,14,0,12,0,12,0,12,0,12,0,12,0,12,0,12,393,169,182,137,0,12,0,12,0,12,0,12,0,12,0,12,16,19,42,39,0,12,0,12,0,12,0,12,0,12,0,12,2213,517,449,297,2213,517,0,12,136,115,144,102,0,12,2213,517,18,28,0,12,0,12,43,41,2152,518,0,12
"1700","060372147002","Block Group 2, Census Tract 2147, Los Angeles County, California",586,130,0,12,0,12,0,12,0,12,0,12,0,12,0,12,0,12,22,35,0,12,19,29,0,12,0,12,0,12,0,12,0,12,22,34,0,12,0,12,0,12,0,12,0,12,0,12,0,12,604,135,84,60,604,135,0,12,0,12,30,34,6,10,604,135,48,49,0,12,0,12,417,114,124,147,11,16
"1701","060372168002","Block Group 2, Census Tract 2168, Los Angeles County, California",1321,307,0,12,0,12,0,12,0,12,0,12,0,12,0,12,0,12,89,93,0,12,28,41,0,12,0,12,0,12,0,12,0,12,0,12,0,12,0,12,0,12,0,12,0,12,0,12,0,12,1507,328,51,47,1498,326,0,12,68,66,151,87,0,12,1507,328,170,208,0,12,111,87,716,242,406,222,0,12
"1702","060372168003","Block Group 3, Census Tract 2168, Los Angeles County, California",360,130,0,12,0,12,0,12,0,12,0,12,0,12,0,12,0,12,0,12,0,12,0,12,0,12,22,34,0,12,0,12,0,12,0,12,0,12,0,12,0,12,0,12,0,12,0,12,0,12,403,154,9,14,403,154,0,12,9,14,0,12,0,12,403,154,51,53,0,12,66,54,213,99,34,30,0,12
"1703","060372168004","Block Group 4, Census Tract 2168, Los Angeles County, California",548,109,0,12,0,12,0,12,0,12,0,12,0,12,0,12,0,12,0,12,0,12,0,12,0,12,9,13,0,12,11,19,0,12,0,12,0,12,0,12,0,12,0,12,0,12,0,12,0,12,583,117,56,50,583,117,0,12,10,15,0,12,0,12,583,117,28,38,0,12,14,22,454,111,53,55,0,12
"1704","060372172002","Block Group 2, Census Tract 2172, Los Angeles County, California",843,221,0,12,0,12,0,12,0,12,0,12,0,12,0,12,0,12,62,68,25,39,0,12,0,12,0,12,0,12,0,12,0,12,22,26,0,12,0,12,0,12,0,12,0,12,0,12,0,12,924,273,126,107,924,273,53,65,114,73,61,63,0,12,924,273,7,11,0,12,185,98,139,76,535,272,0,12
"1705","060372172003","Block Group 3, Census Tract 2172, Los Angeles County, California",1329,409,0,12,0,12,0,12,0,12,0,12,0,12,0,12,0,12,124,115,0,12,0,12,0,12,4,8,0,12,0,12,0,12,0,12,0,12,0,12,0,12,0,12,0,12,0,12,0,12,1365,417,134,126,1365,417,0,12,34,49,224,148,0,12,1365,417,88,55,0,12,310,147,307,167,594,387,36,56
"1706","060372172004","Block Group 4, Census Tract 2172, Los Angeles County, California",900,257,0,12,0,12,0,12,0,12,0,12,0,12,0,12,0,12,51,82,85,98,0,12,0,12,7,12,0,12,0,12,0,12,0,12,18,26,0,12,0,12,0,12,0,12,8,13,0,12,944,264,80,66,944,264,0,12,75,88,115,76,7,13,944,264,101,70,0,12,257,133,165,68,401,236,0,12
"1707","060372218101","Block Group 1, Census Tract 2218.10, Los Angeles County, California",1433,211,15,15,0,12,0,12,0,12,0,12,0,12,0,12,0,12,128,68,26,23,0,12,0,12,6,9,0,12,0,12,0,12,27,25,15,19,0,12,0,12,0,12,0,12,0,12,0,12,1476,216,493,213,1476,216,47,45,60,50,117,50,0,12,1476,216,94,100,6,9,230,123,39,27,1105,211,0,12
"1708","060374033191","Block Group 1, Census Tract 4033.19, Los Angeles County, California",1909,328,0,12,0,12,0,12,0,12,0,12,0,12,0,12,0,12,0,12,0,12,0,12,0,12,145,123,0,12,0,12,0,12,0,12,0,12,0,12,0,12,28,38,0,12,0,12,0,12,2035,337,232,175,2035,337,29,45,56,89,96,107,0,12,2035,337,969,326,0,12,196,179,409,207,348,156,8,12
"1709","060374034084","Block Group 4, Census Tract 4034.08, Los Angeles County, California",936,285,0,12,0,12,0,12,0,12,0,12,0,12,0,12,0,12,0,12,0,12,0,12,0,12,97,94,45,58,0,12,0,12,0,12,0,12,0,12,0,12,12,19,38,47,0,12,0,12,958,290,35,42,958,290,0,12,12,19,0,12,0,12,958,290,616,298,0,12,9,14,133,106,190,166,0,12
"1710","060374034082","Block Group 2, Census Tract 4034.08, Los Angeles County, California",1042,275,0,12,0,12,0,12,0,12,8,14,0,12,0,12,0,12,0,12,0,12,5,10,0,12,29,29,8,14,0,12,0,12,7,11,0,12,10,15,0,12,42,49,0,12,0,12,0,12,1061,270,55,68,1061,270,18,32,0,12,37,44,0,12,1061,270,576,160,0,12,114,163,195,153,51,57,0,12
"1711","060374034085","Block Group 5, Census Tract 4034.08, Los Angeles County, California",1308,323,0,12,0,12,0,12,0,12,0,12,0,12,0,12,0,12,0,12,0,12,0,12,0,12,41,51,7,10,0,12,0,12,0,12,0,12,0,12,0,12,23,25,7,12,0,12,0,12,1308,323,25,34,1308,323,0,12,37,56,13,21,0,12,1308,323,843,344,0,12,122,92,59,43,242,158,0,12
"1712","060374049022","Block Group 2, Census Tract 4049.02, Los Angeles County, California",2178,339,54,64,0,12,0,12,0,12,0,12,0,12,0,12,0,12,113,55,60,40,0,12,0,12,104,40,13,14,0,12,0,12,23,17,91,63,0,12,0,12,27,25,44,39,0,12,0,12,2260,347,300,219,2260,347,0,12,65,32,92,56,32,49,2260,347,695,181,0,12,2,9,94,67,1461,332,0,12
"1713","060374052031","Block Group 1, Census Tract 4052.03, Los Angeles County, California",3292,304,16,23,13,14,0,12,0,12,0,12,0,12,0,12,0,12,244,87,91,79,0,12,0,12,72,50,99,89,0,12,0,12,103,58,42,36,0,12,0,12,20,18,56,61,0,12,0,12,3553,304,474,335,3588,296,139,100,159,70,290,101,0,12,3638,298,725,251,0,12,25,28,355,178,2510,391,0,12
"1714","060374054003","Block Group 3, Census Tract 4054, Los Angeles County, California",1177,318,0,12,0,12,0,12,0,12,0,12,0,12,0,12,0,12,89,73,10,16,0,12,0,12,0,12,0,12,0,12,0,12,53,49,3,6,0,12,0,12,3,6,0,12,0,12,0,12,1173,329,49,58,1173,329,0,12,26,29,21,23,0,12,1212,329,115,88,24,38,75,83,258,114,718,305,0,12
"1715","060374054001","Block Group 1, Census Tract 4054, Los Angeles County, California",1472,343,0,12,0,12,0,12,0,12,0,12,0,12,0,12,0,12,19,32,67,109,0,12,0,12,8,13,0,12,0,12,0,12,0,12,0,12,0,12,0,12,0,12,0,12,0,12,0,12,1523,364,63,83,1523,364,0,12,0,12,0,12,0,12,1523,364,64,64,11,20,0,12,187,152,1261,368,0,12
"1716","060374061022","Block Group 2, Census Tract 4061.02, Los Angeles County, California",594,320,0,12,0,12,0,12,0,12,0,12,0,12,0,12,0,12,0,12,0,12,0,12,0,12,0,12,0,12,0,12,0,12,0,12,0,12,0,12,0,12,0,12,0,12,0,12,0,12,646,358,151,204,646,358,0,12,0,12,11,19,0,12,646,358,98,111,0,12,0,12,176,177,372,238,0,12
"1717","060374061023","Block Group 3, Census Tract 4061.02, Los Angeles County, California",1639,360,17,26,0,12,0,12,0,12,0,12,0,12,0,12,0,12,15,25,52,78,0,12,0,12,0,12,0,12,9,15,0,12,0,12,0,12,0,12,0,12,0,12,0,12,0,12,0,12,1917,453,255,203,1917,453,12,22,67,69,94,73,0,12,1917,453,23,30,0,12,0,12,136,93,1735,436,15,24
"1718","060377017013","Block Group 3, Census Tract 7017.01, Los Angeles County, California",291,90,0,12,0,12,0,12,0,12,0,12,0,12,0,12,0,12,9,14,0,12,0,12,0,12,0,12,0,12,0,12,0,12,11,17,0,12,14,16,29,37,0,12,0,12,0,12,0,12,291,90,64,43,291,90,0,12,0,12,20,32,0,12,291,90,16,18,0,12,0,12,219,75,56,61,0,12
"1719","060377022011","Block Group 1, Census Tract 7022.01, Los Angeles County, California",795,228,0,12,0,12,0,12,0,12,0,12,0,12,0,12,0,12,0,12,0,12,0,12,0,12,0,12,0,12,0,12,0,12,12,20,12,19,0,12,0,12,0,12,0,12,0,12,0,12,804,232,36,52,804,232,0,12,19,27,0,12,0,12,804,232,59,57,0,12,0,12,613,209,113,113,0,12
"1720","060377022015","Block Group 5, Census Tract 7022.01, Los Angeles County, California",724,206,0,12,0,12,0,12,0,12,0,12,0,12,0,12,0,12,0,12,0,12,0,12,0,12,0,12,0,12,0,12,0,12,0,12,0,12,0,12,0,12,0,12,0,12,0,12,0,12,773,239,27,30,773,239,0,12,34,56,0,12,0,12,773,239,48,35,0,12,0,12,684,238,25,21,0,12
"1721","060377027002","Block Group 2, Census Tract 7027, Los Angeles County, California",1057,172,0,12,0,12,0,12,0,12,0,12,0,12,0,12,0,12,34,45,0,12,0,12,0,12,0,12,0,12,0,12,0,12,0,12,0,12,0,12,0,12,0,12,0,12,0,12,0,12,1113,172,44,36,1113,172,0,12,0,12,19,26,0,12,1113,172,206,78,0,12,11,15,538,122,215,114,0,12
"1722","060377027001","Block Group 1, Census Tract 7027, Los Angeles County, California",895,179,0,12,0,12,0,12,0,12,0,12,0,12,0,12,0,12,0,12,0,12,0,12,0,12,0,12,0,12,0,12,0,12,0,12,0,12,0,12,0,12,0,12,0,12,0,12,0,12,953,177,29,49,953,177,0,12,0,12,0,12,0,12,953,177,92,40,0,12,52,58,417,107,271,139,0,12
"1723","060377027003","Block Group 3, Census Tract 7027, Los Angeles County, California",493,163,0,12,0,12,0,12,0,12,0,12,0,12,0,12,0,12,0,12,0,12,0,12,0,12,0,12,0,12,0,12,0,12,10,17,0,12,0,12,0,12,9,13,0,12,0,12,0,12,515,170,19,22,515,170,0,12,9,14,0,12,0,12,515,170,35,32,0,12,13,20,336,135,100,77,0,12
"1724","060377027004","Block Group 4, Census Tract 7027, Los Angeles County, California",817,160,0,12,0,12,0,12,0,12,0,12,0,12,0,12,0,12,8,22,0,12,0,12,0,12,0,12,0,12,0,12,0,12,0,12,0,12,0,12,0,12,0,12,0,12,0,12,0,12,846,165,84,52,854,167,0,12,0,12,24,31,0,12,854,167,215,93,0,12,9,15,474,118,120,99,0,12
"1725","060377028012","Block Group 2, Census Tract 7028.01, Los Angeles County, California",1328,443,0,12,0,12,0,12,0,12,0,12,0,12,0,12,0,12,14,22,0,12,27,42,0,12,7,28,25,25,0,12,0,12,0,12,0,12,0,12,0,12,7,29,0,12,0,12,0,12,1328,443,154,102,1328,443,0,12,13,23,126,115,0,12,1328,443,154,146,0,12,55,83,681,242,375,337,0,12
"1726","060377028011","Block Group 1, Census Tract 7028.01, Los Angeles County, California",2086,481,41,62,0,12,0,12,0,12,0,12,0,12,0,12,0,12,95,95,0,12,0,12,0,12,0,12,0,12,68,102,0,12,0,12,0,12,0,12,0,12,38,59,0,12,0,12,0,12,2169,494,289,203,2169,494,0,12,117,87,11,20,8,18,2169,494,549,240,0,12,92,99,510,206,963,403,8,17
"1727","060377028013","Block Group 3, Census Tract 7028.01, Los Angeles County, California",1118,306,0,12,0,12,0,12,0,12,0,12,0,12,0,12,0,12,18,30,0,12,0,12,0,12,0,12,0,12,0,12,0,12,0,12,0,12,0,12,0,12,0,12,28,41,0,12,0,12,1182,319,39,62,1182,319,0,12,30,47,45,72,0,12,1182,319,188,141,0,12,31,34,591,165,278,264,0,12
"1728","060379012051","Block Group 1, Census Tract 9012.05, Los Angeles County, California",3715,703,23,36,0,12,0,12,0,12,0,12,0,12,0,12,0,12,83,114,80,109,0,12,0,12,0,12,0,12,0,12,0,12,0,12,23,38,0,12,0,12,0,12,0,12,0,12,0,12,3904,743,546,419,3938,757,40,68,25,32,86,65,45,40,3990,756,238,163,0,12,832,519,1185,391,1644,603,0,12
"1729","060371112043","Block Group 3, Census Tract 1112.04, Los Angeles County, California",1733,386,0,12,0,12,0,12,0,12,0,12,0,12,0,12,0,12,0,12,0,12,0,12,0,12,9,14,0,12,0,12,0,12,0,12,41,65,0,12,0,12,7,11,0,12,0,12,0,12,1788,398,16,24,1788,398,24,37,0,12,38,43,0,12,1788,398,392,217,0,12,65,88,962,256,369,216,0,12
"1730","060371112041","Block Group 1, Census Tract 1112.04, Los Angeles County, California",2444,394,2,7,0,12,0,12,0,12,0,12,0,12,0,12,0,12,0,12,0,12,0,12,0,12,16,19,0,12,0,12,0,12,0,12,0,12,19,24,0,12,19,21,0,12,16,26,0,12,2588,473,25,21,2588,473,0,12,0,12,16,19,0,12,2588,473,527,171,0,12,68,72,1487,299,367,304,0,12
"1731","060375359014","Block Group 4, Census Tract 5359.01, Los Angeles County, California",1198,363,27,34,0,12,0,12,0,12,0,12,0,12,0,12,0,12,138,78,62,68,0,12,0,12,0,12,0,12,0,12,0,12,20,21,0,12,0,12,0,12,0,12,0,12,0,12,0,12,1283,432,193,169,1283,432,0,12,0,12,0,12,0,12,1283,432,0,12,0,12,0,12,6,11,1277,433,0,12
"1732","060375359011","Block Group 1, Census Tract 5359.01, Los Angeles County, California",1161,397,0,12,0,12,0,12,0,12,0,12,0,12,0,12,0,12,90,66,45,43,0,12,0,12,0,12,0,12,0,12,0,12,47,65,17,27,0,12,0,12,0,12,0,12,0,12,0,12,1195,407,0,12,1195,407,19,28,15,25,34,40,0,12,1195,407,0,12,0,12,0,12,24,37,1171,409,0,12
"1733","060375416032","Block Group 2, Census Tract 5416.03, Los Angeles County, California",1650,312,10,14,18,18,0,12,0,12,0,12,0,12,0,12,0,12,158,76,40,33,0,12,0,12,0,12,0,12,0,12,0,12,23,17,12,15,0,12,0,12,0,12,0,12,0,12,0,12,1757,349,430,180,1768,353,32,39,80,50,190,98,0,12,1768,353,0,12,0,12,274,156,12,17,1459,344,0,12
"1734","060375416041","Block Group 1, Census Tract 5416.04, Los Angeles County, California",2097,445,0,12,0,12,0,12,0,12,0,12,0,12,0,12,0,12,85,47,85,63,0,12,0,12,0,12,0,12,0,12,0,12,18,27,0,12,0,12,0,12,0,12,0,12,0,12,0,12,2306,495,388,253,2318,494,0,12,78,69,103,62,0,12,2318,494,0,12,0,12,158,118,7,9,2146,485,0,12
"1735","060375425012","Block Group 2, Census Tract 5425.01, Los Angeles County, California",1903,539,0,12,0,12,0,12,0,12,0,12,0,12,0,12,0,12,242,127,0,12,0,12,0,12,0,12,0,12,0,12,0,12,30,44,55,61,0,12,0,12,0,12,0,12,0,12,0,12,2088,593,669,474,2088,593,22,33,159,190,176,164,0,12,2088,593,12,21,0,12,1028,530,0,12,1019,416,0,12
"1736","060375425011","Block Group 1, Census Tract 5425.01, Los Angeles County, California",2578,611,0,12,0,12,0,12,0,12,0,12,0,12,0,12,0,12,98,52,56,61,0,12,0,12,0,12,0,12,0,12,0,12,32,49,16,24,0,12,0,12,0,12,0,12,0,12,0,12,2803,733,691,368,2803,733,14,22,72,63,90,69,0,12,2803,733,0,12,0,12,1244,440,0,12,1081,392,0,12
"1737","060375415004","Block Group 4, Census Tract 5415, Los Angeles County, California",2560,653,10,16,0,12,0,12,0,12,0,12,0,12,0,12,0,12,375,192,101,106,0,12,0,12,0,12,0,12,0,12,0,12,28,43,24,30,0,12,0,12,0,12,0,12,0,12,0,12,2729,675,437,287,2821,705,87,139,124,156,256,148,0,12,2821,705,0,12,0,12,945,494,19,31,1857,659,0,12
"1738","060375424011","Block Group 1, Census Tract 5424.01, Los Angeles County, California",1016,344,0,12,0,12,0,12,0,12,0,12,0,12,0,12,0,12,22,38,57,63,0,12,0,12,0,12,0,12,0,12,0,12,0,12,0,12,0,12,0,12,0,12,0,12,0,12,0,12,1065,379,423,318,1065,379,0,12,133,95,0,12,0,12,1065,379,30,46,0,12,686,284,0,12,327,265,0,12
"1739","060375424012","Block Group 2, Census Tract 5424.01, Los Angeles County, California",1886,440,0,12,0,12,0,12,0,12,0,12,0,12,0,12,0,12,193,128,122,101,0,12,0,12,0,12,0,12,0,12,0,12,0,12,44,48,0,12,0,12,0,12,0,12,0,12,0,12,1946,462,384,295,1972,460,0,12,73,77,134,90,0,12,1981,461,15,25,102,163,478,252,1,2,1348,473,0,12
"1740","060375424014","Block Group 4, Census Tract 5424.01, Los Angeles County, California",1141,314,0,12,0,12,0,12,0,12,0,12,0,12,0,12,0,12,73,47,61,56,0,12,0,12,0,12,0,12,0,12,0,12,0,12,0,12,0,12,0,12,0,12,0,12,0,12,0,12,1251,336,274,188,1251,336,5,9,103,86,69,68,0,12,1251,336,11,17,0,12,318,164,32,61,881,325,0,12
"1741","060375432012","Block Group 2, Census Tract 5432.01, Los Angeles County, California",1957,402,0,12,0,12,0,12,0,12,0,12,0,12,0,12,0,12,175,94,69,51,0,12,0,12,0,12,0,12,0,12,0,12,0,12,12,17,0,12,0,12,0,12,0,12,0,12,0,12,2093,444,414,296,2093,444,4,13,55,44,66,49,0,12,2093,444,0,12,0,12,732,300,37,22,1298,378,7,11
"1742","060375436022","Block Group 2, Census Tract 5436.02, Los Angeles County, California",2237,560,0,12,0,12,0,12,0,12,0,12,0,12,0,12,0,12,0,12,0,12,0,12,0,12,130,89,0,12,0,12,0,12,0,12,0,12,0,12,0,12,22,41,59,69,0,12,0,12,2319,576,57,49,2319,576,0,12,57,66,82,119,0,12,2319,576,1278,510,0,12,167,124,156,90,654,308,0,12
"1743","060375436021","Block Group 1, Census Tract 5436.02, Los Angeles County, California",3433,579,0,12,0,12,0,12,0,12,0,12,0,12,0,12,0,12,200,177,74,100,0,12,0,12,112,79,40,66,0,12,0,12,85,81,0,12,29,34,7,15,22,29,0,12,0,12,0,12,3475,595,241,135,3475,595,58,54,127,85,204,162,40,46,3687,620,1362,382,0,12,114,95,804,281,1298,540,0,12
"1744","060375512023","Block Group 3, Census Tract 5512.02, Los Angeles County, California",2356,713,0,12,0,12,0,12,0,12,0,12,0,12,0,12,0,12,91,96,88,92,0,12,0,12,0,12,0,12,0,12,0,12,0,12,21,32,0,12,0,12,0,12,0,12,0,12,0,12,2487,751,353,328,2487,751,33,53,211,139,112,111,0,12,2487,751,0,12,0,12,267,346,468,227,1735,633,17,31
"1745","060375512022","Block Group 2, Census Tract 5512.02, Los Angeles County, California",501,212,0,12,0,12,0,12,0,12,0,12,0,12,0,12,0,12,16,28,0,12,0,12,0,12,12,21,0,12,0,12,0,12,0,12,0,12,0,12,0,12,0,12,16,30,0,12,0,12,578,263,22,38,578,263,0,12,61,73,66,64,0,12,578,263,73,68,0,12,0,12,93,92,412,270,0,12
"1746","060375536021","Block Group 1, Census Tract 5536.02, Los Angeles County, California",3313,372,98,104,0,12,0,12,0,12,0,12,0,12,0,12,0,12,218,105,56,63,0,12,0,12,0,12,0,12,0,12,0,12,21,30,0,12,0,12,0,12,0,12,0,12,0,12,0,12,3550,392,536,303,3562,396,38,42,118,82,215,121,0,12,3562,396,59,49,82,116,886,292,110,74,2408,407,17,27
"1747","060372321201","Block Group 1, Census Tract 2321.20, Los Angeles County, California",926,325,23,35,0,12,0,12,0,12,0,12,0,12,0,12,0,12,80,54,153,149,0,12,0,12,0,12,0,12,0,12,0,12,0,12,0,12,0,12,0,12,0,12,0,12,0,12,0,12,1188,438,437,229,1188,438,0,12,84,66,69,60,0,12,1188,438,0,12,0,12,354,263,0,12,834,371,0,12
"1748","060372321202","Block Group 2, Census Tract 2321.20, Los Angeles County, California",1009,322,0,12,0,12,0,12,0,12,0,12,0,12,0,12,0,12,264,126,39,46,0,12,0,12,0,12,0,12,0,12,0,12,72,51,39,42,0,12,0,12,0,12,0,12,0,12,0,12,1152,381,302,232,1152,381,24,37,63,54,90,70,0,12,1152,381,0,12,0,12,157,115,0,12,972,377,23,38
"1749","060372328001","Block Group 1, Census Tract 2328, Los Angeles County, California",1786,419,14,19,21,29,0,12,0,12,0,12,0,12,0,12,0,12,276,82,196,122,0,12,0,12,0,12,0,12,0,12,0,12,19,20,35,30,0,12,0,12,0,12,0,12,0,12,0,12,1930,445,425,220,1930,445,23,25,144,95,130,73,0,12,1930,445,0,12,0,12,226,191,0,12,1667,373,3,20
"1750","060372346001","Block Group 1, Census Tract 2346, Los Angeles County, California",1061,332,0,12,0,12,0,12,0,12,0,12,0,12,0,12,0,12,75,78,0,12,0,12,0,12,0,12,0,12,0,12,0,12,0,12,24,36,0,12,0,12,0,12,0,12,0,12,0,12,1134,381,493,350,1134,381,27,41,85,85,94,75,0,12,1134,381,23,37,0,12,535,313,39,49,516,268,0,12
"1751","060372346003","Block Group 3, Census Tract 2346, Los Angeles County, California",970,351,0,12,0,12,0,12,0,12,0,12,0,12,0,12,0,12,24,22,47,71,0,12,0,12,0,12,0,12,0,12,0,12,21,29,0,12,0,12,0,12,12,19,0,12,0,12,0,12,999,367,256,238,999,367,0,12,26,22,54,84,0,12,999,367,36,42,0,12,427,256,31,42,413,269,0,12
"1752","060372346002","Block Group 2, Census Tract 2346, Los Angeles County, California",1063,545,0,12,0,12,0,12,0,12,0,12,0,12,0,12,0,12,122,162,0,12,0,12,0,12,0,12,0,12,0,12,0,12,15,24,15,24,0,12,0,12,0,12,0,12,0,12,0,12,1072,545,105,69,1072,545,0,12,74,99,66,105,0,12,1072,545,0,12,0,12,564,439,0,12,502,349,0,12
"1753","060372379004","Block Group 4, Census Tract 2379, Los Angeles County, California",836,328,81,112,0,12,0,12,0,12,0,12,0,12,0,12,0,12,76,113,0,12,0,12,0,12,10,15,0,12,0,12,0,12,0,12,0,12,0,12,0,12,0,12,0,12,0,12,0,12,888,382,185,169,888,382,104,166,45,65,42,56,0,12,888,382,0,12,0,12,385,167,0,12,414,354,0,12
"1754","060372379003","Block Group 3, Census Tract 2379, Los Angeles County, California",852,261,0,12,0,12,0,12,0,12,0,12,0,12,0,12,0,12,0,12,0,12,0,12,0,12,0,12,0,12,0,12,0,12,0,12,0,12,0,12,0,12,0,12,0,12,0,12,0,12,896,277,125,171,896,277,14,21,0,12,0,12,0,12,896,277,0,12,0,12,772,236,122,153,2,4,0,12
"1755","060374602001","Block Group 1, Census Tract 4602, Los Angeles County, California",1078,408,0,12,0,12,0,12,0,12,0,12,0,12,0,12,0,12,31,49,0,12,0,12,0,12,0,12,0,12,0,12,0,12,0,12,0,12,0,12,0,12,0,12,0,12,0,12,0,12,1078,408,14,32,1078,408,0,12,0,12,9,16,0,12,1078,408,6,16,54,85,573,260,288,135,157,167,0,12
"1756","060374602005","Block Group 5, Census Tract 4602, Los Angeles County, California",1629,522,0,12,0,12,0,12,0,12,0,12,0,12,0,12,0,12,0,12,0,12,0,12,0,12,0,12,0,12,0,12,0,12,0,12,0,12,0,12,0,12,0,12,0,12,0,12,0,12,1718,536,0,12,1718,536,0,12,60,74,0,12,0,12,1718,536,311,156,0,12,524,299,595,298,163,187,0,12
"1757","060374602002","Block Group 2, Census Tract 4602, Los Angeles County, California",1250,495,70,70,0,12,0,12,0,12,0,12,0,12,0,12,0,12,0,12,84,85,0,12,0,12,0,12,0,12,0,12,0,12,0,12,0,12,0,12,0,12,0,12,0,12,0,12,0,12,1287,550,100,94,1357,577,70,70,84,85,0,12,0,12,1357,577,0,12,0,12,327,236,313,197,676,457,0,12
"1758","060371034002","Block Group 2, Census Tract 1034, Los Angeles County, California",1069,677,0,12,0,12,0,12,0,12,0,12,0,12,0,12,0,12,0,12,0,12,20,23,0,12,0,12,0,12,0,12,0,12,6,13,11,16,0,12,0,12,0,12,0,12,0,12,0,12,1023,672,0,12,1023,672,0,12,0,12,14,23,0,12,1069,677,12,20,0,12,2,4,260,94,750,608,0,12
"1759","060371034003","Block Group 3, Census Tract 1034, Los Angeles County, California",643,344,0,12,0,12,0,12,0,12,0,12,0,12,0,12,0,12,0,12,0,12,0,12,0,12,0,12,0,12,0,12,0,12,0,12,0,12,0,12,0,12,0,12,0,12,0,12,0,12,754,408,62,94,754,408,0,12,0,12,51,91,0,12,754,408,163,279,0,12,0,12,500,285,66,69,0,12
"1760","060371034004","Block Group 4, Census Tract 1034, Los Angeles County, California",1096,453,0,12,0,12,0,12,0,12,0,12,0,12,0,12,0,12,0,12,0,12,0,12,0,12,44,72,0,12,0,12,0,12,23,39,0,12,31,52,0,12,63,78,0,12,0,12,0,12,1096,453,57,54,1096,453,0,12,43,70,0,12,0,12,1096,453,301,223,0,12,27,38,675,304,43,51,0,12
"1761","060371034001","Block Group 1, Census Tract 1034, Los Angeles County, California",891,402,0,12,0,12,0,12,0,12,0,12,0,12,0,12,0,12,0,12,0,12,26,29,0,12,0,12,0,12,0,12,0,12,0,12,0,12,0,12,0,12,0,12,0,12,0,12,0,12,917,427,202,210,917,427,0,12,14,21,51,94,0,12,917,427,114,166,0,12,29,35,439,235,321,316,0,12
"1762","060375517002","Block Group 2, Census Tract 5517, Los Angeles County, California",1280,397,0,12,0,12,0,12,0,12,0,12,0,12,0,12,0,12,86,84,21,34,0,12,0,12,8,13,0,12,0,12,0,12,14,15,0,12,0,12,0,12,11,16,0,12,0,12,0,12,1403,453,93,60,1407,456,61,97,78,67,89,80,0,12,1407,456,78,59,0,12,0,12,154,110,1170,459,0,12
"1763","060375517004","Block Group 4, Census Tract 5517, Los Angeles County, California",978,270,0,12,33,51,0,12,0,12,0,12,0,12,0,12,0,12,11,17,19,24,0,12,0,12,0,12,0,12,0,12,0,12,0,12,0,12,0,12,0,12,0,12,0,12,0,12,11,18,1070,297,127,123,1070,297,0,12,34,39,34,42,0,12,1070,297,0,12,61,94,178,182,109,77,707,244,0,12
"1764","060375517005","Block Group 5, Census Tract 5517, Los Angeles County, California",681,322,12,20,0,12,0,12,0,12,0,12,0,12,0,12,0,12,7,10,8,13,0,12,0,12,0,12,0,12,0,12,0,12,0,12,20,30,0,12,0,12,0,12,0,12,0,12,0,12,696,331,0,12,696,331,25,40,0,12,11,17,0,12,696,331,0,12,0,12,0,12,19,18,668,330,0,12
"1765","060375517003","Block Group 3, Census Tract 5517, Los Angeles County, California",1107,346,0,12,0,12,0,12,0,12,0,12,0,12,0,12,0,12,0,12,7,12,0,12,0,12,18,27,5,10,0,12,0,12,53,51,25,38,0,12,0,12,0,12,0,12,0,12,0,12,1155,368,279,279,1155,368,36,59,1,12,11,20,0,12,1155,368,92,77,0,12,21,35,112,56,839,347,0,12
"1766","060375357013","Block Group 3, Census Tract 5357.01, Los Angeles County, California",1673,382,0,12,0,12,0,12,0,12,0,12,0,12,0,12,0,12,264,113,114,88,0,12,0,12,0,12,0,12,0,12,0,12,15,23,21,28,0,12,0,12,0,12,0,12,0,12,0,12,1871,420,304,208,1871,420,68,79,146,92,256,130,0,12,1871,420,0,12,0,12,0,12,22,22,1849,425,0,12
"1767","060375357012","Block Group 2, Census Tract 5357.01, Los Angeles County, California",1807,384,0,12,0,12,0,12,0,12,0,12,0,12,0,12,0,12,191,124,44,48,0,12,0,12,8,13,0,12,0,12,0,12,107,86,34,39,0,12,0,12,0,12,0,12,0,12,0,12,1995,442,177,124,2004,440,27,41,17,26,178,105,0,12,2004,440,92,134,0,12,0,12,14,21,1898,475,0,12
"1768","060375357011","Block Group 1, Census Tract 5357.01, Los Angeles County, California",1269,400,0,12,0,12,0,12,0,12,0,12,0,12,0,12,0,12,242,134,58,62,0,12,0,12,0,12,0,12,0,12,0,12,15,17,17,19,0,12,0,12,0,12,0,12,0,12,0,12,1362,444,69,75,1362,444,0,12,36,43,152,115,0,12,1362,444,0,12,0,12,0,12,0,12,1344,446,0,12
"1769","060375360002","Block Group 2, Census Tract 5360, Los Angeles County, California",2407,297,27,30,0,12,0,12,0,12,0,12,0,12,0,12,0,12,447,112,139,66,0,12,0,12,0,12,0,12,0,12,0,12,10,11,87,60,0,12,0,12,0,12,0,12,0,12,0,12,2574,313,426,198,2574,313,77,70,163,69,294,110,4,7,2574,313,0,12,0,12,0,12,21,25,2525,307,28,30
"1770","060375360001","Block Group 1, Census Tract 5360, Los Angeles County, California",1001,195,0,12,0,12,0,12,0,12,0,12,0,12,0,12,0,12,123,70,47,34,0,12,0,12,4,8,0,12,0,12,0,12,7,10,52,32,0,12,0,12,0,12,0,12,0,12,0,12,1114,250,187,132,1127,251,6,8,40,34,66,35,0,12,1127,251,14,22,0,12,0,12,18,20,1095,252,0,12
"1771","060375361021","Block Group 1, Census Tract 5361.02, Los Angeles County, California",853,257,0,12,0,12,0,12,0,12,0,12,0,12,0,12,0,12,14,23,0,12,0,12,0,12,0,12,0,12,0,12,0,12,0,12,0,12,0,12,0,12,0,12,0,12,0,12,0,12,1001,327,22,24,1001,327,0,12,12,19,12,20,0,12,1001,327,0,12,10,18,12,19,134,78,837,350,0,12
"1772","060375361023","Block Group 3, Census Tract 5361.02, Los Angeles County, California",1530,338,0,12,0,12,0,12,0,12,0,12,0,12,0,12,0,12,153,87,0,12,0,12,0,12,0,12,0,12,0,12,0,12,31,42,15,23,11,19,0,12,0,12,0,12,0,12,0,12,1602,344,42,31,1602,344,0,12,81,68,170,120,0,12,1602,344,0,12,0,12,0,12,521,188,1081,304,0,12
"1773","060375361022","Block Group 2, Census Tract 5361.02, Los Angeles County, California",552,181,0,12,0,12,0,12,0,12,0,12,0,12,0,12,0,12,27,40,6,11,0,12,0,12,0,12,0,12,0,12,0,12,20,38,23,36,0,12,0,12,0,12,0,12,0,12,0,12,552,181,227,166,552,181,70,66,61,46,123,83,0,12,552,181,0,12,0,12,0,12,58,51,494,180,0,12
"1774","060371397031","Block Group 1, Census Tract 1397.03, Los Angeles County, California",2664,277,0,12,0,12,15,24,0,12,0,12,0,12,0,12,0,12,0,12,0,12,20,24,7,11,0,12,0,12,13,21,0,12,0,12,0,12,26,33,14,20,20,23,0,12,0,12,0,12,2842,299,213,109,2848,301,57,51,19,22,79,45,29,33,2861,305,184,113,0,12,112,146,2306,228,28,31,0,12
"1775","060371416001","Block Group 1, Census Tract 1416, Los Angeles County, California",1844,256,0,12,0,12,0,12,0,12,0,12,0,12,0,12,0,12,7,12,0,12,0,12,0,12,0,12,0,12,0,12,0,12,0,12,0,12,0,12,0,12,0,12,0,12,7,11,0,12,1991,262,238,192,1991,262,0,12,8,12,0,12,0,12,1991,262,205,100,0,12,151,180,1313,234,195,154,0,12
"1776","060371416003","Block Group 3, Census Tract 1416, Los Angeles County, California",1422,247,21,17,0,12,0,12,0,12,0,12,0,12,0,12,0,12,0,12,0,12,0,12,0,12,0,12,0,12,0,12,0,12,0,12,0,12,0,12,0,12,0,12,0,12,0,12,0,12,1510,256,29,27,1510,256,0,12,0,12,0,12,0,12,1510,256,104,94,0,12,0,12,1231,260,156,121,0,12
"1777","060374308011","Block Group 1, Census Tract 4308.01, Los Angeles County, California",565,300,0,12,0,12,0,12,0,12,0,12,0,12,0,12,0,12,39,71,0,12,0,12,0,12,0,12,0,12,0,12,0,12,0,12,0,12,0,12,0,12,0,12,0,12,0,12,0,12,565,300,18,29,565,300,0,12,54,89,55,62,0,12,565,300,339,294,0,12,54,89,16,27,156,188,0,12
"1778","060374308031","Block Group 1, Census Tract 4308.03, Los Angeles County, California",853,244,0,12,0,12,0,12,0,12,0,12,0,12,0,12,0,12,0,12,0,12,0,12,0,12,23,25,0,12,0,12,0,12,0,12,0,12,0,12,0,12,0,12,11,17,0,12,0,12,954,315,44,50,954,315,0,12,18,29,0,12,0,12,954,315,729,346,0,12,0,12,159,82,10,16,0,12
"1779","060375039011","Block Group 1, Census Tract 5039.01, Los Angeles County, California",1346,272,0,12,0,12,0,12,0,12,4,7,0,12,0,12,0,12,21,28,0,12,0,12,0,12,6,10,0,12,0,12,0,12,13,20,20,27,0,12,0,12,0,12,1,3,0,12,0,12,1444,289,167,177,1444,289,12,16,42,39,35,35,20,27,1456,288,80,60,0,12,4,5,497,191,819,186,0,12
"1780","060375039012","Block Group 2, Census Tract 5039.01, Los Angeles County, California",1384,173,0,12,0,12,0,12,0,12,0,12,0,12,0,12,0,12,2,4,0,12,0,12,0,12,6,9,0,12,0,12,0,12,20,30,6,9,0,12,30,32,10,14,0,12,0,12,0,12,1486,209,37,33,1486,209,19,28,20,20,22,16,0,12,1486,209,476,101,0,12,17,18,465,93,509,195,0,12
"1781","060375301023","Block Group 3, Census Tract 5301.02, Los Angeles County, California",887,381,0,12,0,12,0,12,0,12,0,12,0,12,0,12,0,12,40,48,53,53,0,12,0,12,0,12,0,12,0,12,0,12,8,13,14,15,0,12,0,12,0,12,0,12,0,12,0,12,945,398,71,62,945,398,12,21,84,68,38,46,0,12,945,398,7,13,0,12,0,12,24,28,914,406,0,12
"1782","060375301024","Block Group 4, Census Tract 5301.02, Los Angeles County, California",1324,437,0,12,0,12,0,12,0,12,0,12,0,12,0,12,0,12,95,75,40,51,0,12,0,12,0,12,0,12,0,12,0,12,5,11,36,39,0,12,4,9,29,35,131,65,0,12,0,12,1268,429,397,203,1268,429,0,12,56,71,16,26,0,12,1363,449,298,99,0,12,26,45,119,85,915,430,0,12
"1783","060375301022","Block Group 2, Census Tract 5301.02, Los Angeles County, California",1392,454,0,12,0,12,0,12,0,12,0,12,0,12,0,12,0,12,104,73,77,52,0,12,0,12,9,13,8,13,0,12,0,12,52,49,10,14,0,12,0,12,0,12,0,12,0,12,0,12,1419,467,358,275,1401,465,0,12,118,93,123,76,0,12,1419,467,85,90,0,12,0,12,292,327,1042,326,0,12
"1784","060375301021","Block Group 1, Census Tract 5301.02, Los Angeles County, California",1084,422,12,23,0,12,0,12,0,12,0,12,0,12,0,12,0,12,35,45,0,12,0,12,0,12,0,12,0,12,0,12,0,12,68,100,8,14,6,11,0,12,0,12,0,12,0,12,0,12,1135,453,45,72,1135,453,0,12,17,28,40,49,0,12,1135,453,19,28,0,12,0,12,149,110,952,473,0,12
"1785","060371046102","Block Group 2, Census Tract 1046.10, Los Angeles County, California",1369,309,14,19,0,12,0,12,0,12,0,12,0,12,0,12,0,12,152,74,92,45,0,12,0,12,0,12,0,12,0,12,0,12,51,34,21,19,0,12,0,12,0,12,0,12,0,12,0,12,1480,359,140,111,1480,359,26,36,73,44,85,68,0,12,1480,359,0,12,0,12,0,12,15,17,1436,358,14,20
"1786","060371046101","Block Group 1, Census Tract 1046.10, Los Angeles County, California",1779,347,9,14,0,12,0,12,0,12,0,12,0,12,0,12,0,12,303,94,133,60,0,12,0,12,0,12,0,12,0,12,0,12,31,29,66,33,0,12,0,12,0,12,0,12,0,12,0,12,1854,362,306,125,1906,376,0,12,116,64,178,96,0,12,1906,376,0,12,0,12,0,12,51,58,1855,355,0,12
"1787","060371065101","Block Group 1, Census Tract 1065.10, Los Angeles County, California",1835,354,14,18,0,12,0,12,0,12,0,12,0,12,0,12,0,12,49,51,0,12,0,12,0,12,0,12,0,12,0,12,0,12,0,12,40,42,0,12,0,12,0,12,0,12,0,12,0,12,1497,341,164,87,1497,341,0,12,55,74,66,55,0,12,1876,360,115,92,0,12,126,69,196,132,1423,354,0,12
"1788","060371066411","Block Group 1, Census Tract 1066.41, Los Angeles County, California",2198,100,0,12,0,12,0,12,0,12,0,12,0,12,0,12,0,12,0,12,1,4,30,31,6,9,8,12,9,13,7,10,0,12,0,12,0,12,23,24,0,12,0,12,0,12,0,12,0,12,2372,89,73,45,2372,89,25,21,38,33,75,41,0,12,2372,89,455,130,0,12,6,9,1586,131,199,100,0,12
"1789","060371132132","Block Group 2, Census Tract 1132.13, Los Angeles County, California",1882,307,0,12,0,12,0,12,0,12,0,12,0,12,0,12,0,12,0,12,0,12,0,12,0,12,18,26,11,17,0,12,0,12,35,53,0,12,0,12,0,12,15,24,0,12,0,12,0,12,2052,333,104,103,2052,333,0,12,14,21,26,32,0,12,2052,333,627,196,0,12,94,61,522,210,704,279,0,12
"1790","060371132332","Block Group 2, Census Tract 1132.33, Los Angeles County, California",1997,660,0,12,0,12,0,12,0,12,0,12,0,12,0,12,0,12,210,136,51,74,89,88,0,12,0,12,0,12,0,12,0,12,69,77,0,12,0,12,0,12,0,12,0,12,0,12,0,12,2112,702,347,318,2112,702,38,62,182,176,181,188,0,12,2112,702,206,167,0,12,25,41,542,294,1266,690,0,12
"1791","060371133032","Block Group 2, Census Tract 1133.03, Los Angeles County, California",1641,304,40,53,0,12,0,12,0,12,0,12,0,12,0,12,0,12,13,21,0,12,0,12,0,12,16,24,0,12,0,12,0,12,11,17,0,12,0,12,0,12,0,12,0,12,12,19,0,12,1649,324,131,75,1649,324,0,12,16,37,31,26,0,12,1749,327,192,159,0,12,53,54,830,299,624,284,16,37
"1792","060379200281","Block Group 1, Census Tract 9200.28, Los Angeles County, California",6224,315,0,17,0,17,0,17,0,17,0,17,0,17,0,17,0,17,20,29,0,17,17,28,0,17,0,17,0,17,0,17,0,17,0,17,18,27,0,17,0,17,0,17,14,23,0,17,0,17,7091,348,285,123,7084,350,25,38,78,69,64,55,0,17,7091,348,1142,231,0,17,332,98,2980,345,2296,373,48,60
"1793","060379200342","Block Group 2, Census Tract 9200.34, Los Angeles County, California",1135,382,0,12,0,12,0,12,0,12,0,12,0,12,0,12,0,12,101,66,8,13,0,12,0,12,0,12,0,12,0,12,0,12,0,12,0,12,0,12,0,12,0,12,0,12,12,19,0,12,1225,399,321,355,1245,410,21,33,47,58,96,68,0,12,1245,410,72,41,0,12,0,12,223,98,817,430,0,12
"1794","060379200341","Block Group 1, Census Tract 9200.34, Los Angeles County, California",2473,351,0,12,0,12,0,12,0,12,0,12,0,12,0,12,0,12,43,34,0,12,7,11,0,12,0,12,0,12,0,12,0,12,24,35,9,15,0,12,0,12,24,26,0,12,0,12,0,12,2531,351,83,53,2545,349,0,12,11,18,93,100,0,12,2545,349,351,141,0,12,37,41,1202,175,868,275,17,30
"1795","060379203121","Block Group 1, Census Tract 9203.12, Los Angeles County, California",1149,275,0,12,0,12,0,12,0,12,0,12,0,12,0,12,0,12,23,30,0,12,0,12,0,12,0,12,0,12,0,12,0,12,0,12,0,12,0,12,0,12,13,21,0,12,0,12,0,12,1329,348,322,279,1329,348,0,12,23,30,9,15,0,12,1334,349,48,44,0,12,56,89,748,237,430,242,0,12
"1796","060379203303","Block Group 3, Census Tract 9203.30, Los Angeles County, California",637,217,0,12,0,12,0,12,0,12,0,12,0,12,0,12,0,12,0,12,0,12,0,12,0,12,0,12,0,12,0,12,0,12,9,16,9,16,0,12,0,12,24,28,0,12,0,12,35,53,637,217,157,91,637,217,0,12,0,12,27,43,0,12,637,217,55,60,0,12,44,58,286,113,229,178,0,12
"1797","060379203302","Block Group 2, Census Tract 9203.30, Los Angeles County, California",680,203,0,12,0,12,0,12,0,12,0,12,0,12,0,12,0,12,0,12,0,12,0,12,0,12,0,12,0,12,0,12,0,12,0,12,0,12,0,12,0,12,0,12,0,12,0,12,0,12,680,203,0,12,680,203,0,12,0,12,0,12,0,12,680,203,42,48,0,12,0,12,518,180,113,137,0,12
"1798","060379302002","Block Group 2, Census Tract 9302, Los Angeles County, California",94,70,0,12,0,12,0,12,0,12,0,12,0,12,0,12,0,12,0,12,0,12,0,12,0,12,13,21,0,12,0,12,0,12,0,12,0,12,0,12,0,12,0,12,0,12,0,12,0,12,94,70,23,32,94,70,0,12,0,12,0,12,0,12,94,70,13,21,0,12,13,31,63,63,0,12,0,12
"1799","060379302001","Block Group 1, Census Tract 9302, Los Angeles County, California",367,156,0,12,0,12,0,12,0,12,0,12,0,12,0,12,0,12,0,12,0,12,0,12,0,12,0,12,0,12,0,12,0,12,0,12,0,12,0,12,0,12,0,12,0,12,0,12,0,12,367,156,120,109,367,156,0,12,11,17,10,14,0,12,367,156,0,12,0,12,11,13,181,76,175,121,0,12
"1800","060375400003","Block Group 3, Census Tract 5400, Los Angeles County, California",532,229,0,12,0,12,0,12,0,12,0,12,0,12,0,12,0,12,56,63,23,36,0,12,0,12,0,12,0,12,0,12,0,12,29,37,24,35,0,12,0,12,0,12,0,12,0,12,0,12,543,231,48,61,543,231,0,12,40,45,40,38,0,12,543,231,0,12,0,12,13,23,6,10,524,233,0,12
"1801","060375400004","Block Group 4, Census Tract 5400, Los Angeles County, California",2119,470,0,12,0,12,0,12,0,12,0,12,0,12,0,12,0,12,236,116,93,94,0,12,0,12,0,12,0,12,0,12,0,12,67,83,0,12,0,12,0,12,0,12,0,12,0,12,0,12,2507,535,468,282,2515,536,0,12,200,97,109,84,0,12,2515,536,31,25,0,12,8,13,27,29,2449,546,0,12
"1802","060375409023","Block Group 3, Census Tract 5409.02, Los Angeles County, California",1694,387,10,16,0,12,0,12,0,12,0,12,0,12,0,12,0,12,101,86,176,230,0,12,0,12,0,12,0,12,0,12,0,12,0,12,38,56,0,12,0,12,0,12,0,12,0,12,0,12,1776,397,635,258,1776,397,10,15,166,177,256,162,54,60,1776,397,0,12,0,12,1031,258,9,15,671,327,0,12
"1803","060375409021","Block Group 1, Census Tract 5409.02, Los Angeles County, California",1621,472,0,12,0,12,0,12,0,12,0,12,0,12,0,12,0,12,179,82,82,88,0,12,0,12,0,12,0,12,0,12,0,12,33,29,12,19,0,12,0,12,0,12,0,12,0,12,0,12,1710,483,309,201,1710,483,0,12,71,79,95,74,0,12,1710,483,0,12,0,12,733,272,30,47,947,377,0,12
"1804","060375409024","Block Group 4, Census Tract 5409.02, Los Angeles County, California",0,12,0,12,0,12,0,12,0,12,0,12,0,12,0,12,0,12,0,12,0,12,0,12,0,12,0,12,0,12,0,12,0,12,0,12,0,12,0,12,0,12,0,12,0,12,0,12,0,12,0,12,0,12,0,12,0,12,0,12,0,12,0,12,0,12,0,12,0,12,0,12,0,12,0,12,0,12
"1805","060375415001","Block Group 1, Census Tract 5415, Los Angeles County, California",1410,539,0,12,0,12,0,12,0,12,0,12,0,12,0,12,0,12,96,105,53,67,0,12,0,12,0,12,0,12,0,12,0,12,25,30,10,16,0,12,0,12,0,12,0,12,0,12,0,12,1486,543,323,253,1486,543,14,27,34,42,44,58,0,12,1486,543,0,12,0,12,96,146,0,12,1383,503,0,12
"1806","060372212202","Block Group 2, Census Tract 2212.20, Los Angeles County, California",2065,281,11,16,0,12,0,12,5,7,0,12,0,12,0,12,0,12,327,88,151,108,11,17,6,10,11,13,32,31,0,12,0,12,49,31,56,35,0,12,0,12,40,34,6,9,0,12,0,12,2162,298,343,181,2167,300,17,21,125,56,227,104,7,10,2167,300,267,122,0,12,11,16,60,60,1829,338,0,12
"1807","060372218201","Block Group 1, Census Tract 2218.20, Los Angeles County, California",997,326,0,12,0,12,0,12,0,12,0,12,0,12,0,12,0,12,44,50,0,12,0,12,0,12,0,12,0,12,0,12,0,12,0,12,0,12,0,12,0,12,0,12,0,12,0,12,0,12,916,325,409,260,1019,334,0,12,44,54,0,12,0,12,1019,334,203,126,0,12,170,96,367,242,268,119,0,12
"1808","060372240101","Block Group 1, Census Tract 2240.10, Los Angeles County, California",1180,329,0,12,0,12,0,12,0,12,0,12,0,12,0,12,0,12,182,127,43,57,0,12,0,12,0,12,0,12,0,12,0,12,0,12,33,53,0,12,0,12,0,12,0,12,0,12,0,12,1176,327,472,284,1176,327,9,14,98,78,130,115,33,53,1180,329,83,84,0,12,173,97,81,54,843,318,0,12
"1809","060374635002","Block Group 2, Census Tract 4635, Los Angeles County, California",1241,217,0,12,0,12,0,12,0,12,0,12,0,12,0,12,0,12,0,12,0,12,0,12,0,12,17,26,0,12,0,12,0,12,0,12,0,12,0,12,0,12,0,12,0,12,0,12,0,12,452,184,13,22,1246,223,0,12,4,7,0,12,0,12,1246,223,346,137,4,8,56,40,619,168,180,62,2,17
"1810","060374635001","Block Group 1, Census Tract 4635, Los Angeles County, California",1692,321,7,14,0,12,0,12,0,12,0,12,0,12,0,12,0,12,0,12,0,12,0,12,0,12,0,12,0,12,0,12,0,12,0,12,0,12,0,12,0,12,0,12,0,12,0,12,0,12,1838,414,164,94,1970,410,0,12,16,25,85,82,0,12,1970,410,566,254,0,12,114,102,845,261,377,309,18,28
"1811","060375776021","Block Group 1, Census Tract 5776.02, Los Angeles County, California",1388,200,0,12,0,12,0,12,0,12,0,12,0,12,0,12,0,12,4,9,0,12,0,12,0,12,8,12,0,12,0,12,0,12,0,12,0,12,0,12,0,12,0,12,0,12,0,12,0,12,1491,257,176,73,1491,257,0,12,0,12,0,12,0,12,1491,257,344,154,0,12,138,170,872,166,77,65,12,19
"1812","060376002011","Block Group 1, Census Tract 6002.01, Los Angeles County, California",1888,484,0,12,0,12,0,12,0,12,0,12,0,12,0,12,0,12,181,87,45,51,0,12,0,12,0,12,0,12,0,12,0,12,2,5,2,5,0,12,0,12,0,12,0,12,0,12,0,12,2120,554,565,252,2120,554,0,12,88,90,54,57,0,12,2133,553,2,4,0,12,819,347,7,9,1252,447,8,12
"1813","060376002012","Block Group 2, Census Tract 6002.01, Los Angeles County, California",1571,428,0,12,0,12,0,12,0,12,0,12,0,12,0,12,0,12,168,169,51,61,0,12,0,12,0,12,0,12,0,12,0,12,13,19,6,15,0,12,0,12,0,12,0,12,0,12,0,12,1702,460,634,328,1702,460,0,12,23,35,74,111,0,12,1702,460,0,12,0,12,788,301,56,60,858,404,0,12
"1814","060376008011","Block Group 1, Census Tract 6008.01, Los Angeles County, California",549,168,10,16,0,12,0,12,0,12,0,12,0,12,0,12,0,12,0,12,0,12,0,12,0,12,0,12,0,12,0,12,23,36,0,12,0,12,0,12,0,12,0,12,9,14,0,12,0,12,549,168,74,61,549,168,0,12,9,14,7,11,0,12,549,168,15,18,0,12,397,176,28,40,21,33,0,12
"1815","060376008014","Block Group 4, Census Tract 6008.01, Los Angeles County, California",1447,418,0,12,0,12,0,12,0,12,0,12,0,12,0,12,0,12,9,17,0,12,0,12,0,12,11,17,0,12,0,12,0,12,0,12,0,12,0,12,0,12,0,12,0,12,0,12,0,12,1536,434,138,168,1536,434,23,33,21,30,32,46,29,45,1536,434,37,35,0,12,1177,421,3,9,268,186,0,12
"1816","060374037223","Block Group 3, Census Tract 4037.22, Los Angeles County, California",2375,325,0,12,0,12,0,12,0,12,0,12,0,12,0,12,0,12,50,43,57,63,0,12,0,12,22,25,0,12,0,12,0,12,8,12,0,12,0,12,0,12,36,28,0,12,0,12,0,12,2573,360,520,231,2584,362,0,12,62,48,58,52,0,12,2589,362,471,163,0,12,75,58,588,165,1402,368,0,12
"1817","060374616001","Block Group 1, Census Tract 4616, Los Angeles County, California",1569,642,0,12,0,12,0,12,0,12,0,12,0,12,19,28,0,12,254,202,40,50,0,12,0,12,0,12,0,12,17,26,0,12,26,30,18,28,0,12,0,12,0,12,0,12,0,12,0,12,1602,653,289,199,1602,653,0,12,0,12,250,301,0,12,1602,653,131,76,0,12,164,134,61,59,1178,621,0,12
"1818","060374616003","Block Group 3, Census Tract 4616, Los Angeles County, California",2069,462,9,15,0,12,0,12,0,12,0,12,0,12,0,12,0,12,141,104,88,112,0,12,0,12,0,12,0,12,0,12,0,12,13,20,12,21,0,12,0,12,0,12,0,12,0,12,0,12,2208,474,335,276,2208,474,0,12,36,46,179,101,0,12,2208,474,312,291,0,12,306,253,282,180,1236,412,38,64
"1819","060374616004","Block Group 4, Census Tract 4616, Los Angeles County, California",994,406,0,12,0,12,0,12,0,12,0,12,0,12,0,12,0,12,108,120,17,21,0,12,0,12,0,12,0,12,0,12,0,12,0,12,20,46,0,12,0,12,14,16,0,12,0,12,0,12,994,406,191,253,994,406,0,12,38,63,104,119,22,36,994,406,88,59,0,12,119,60,35,71,644,398,0,12
"1820","060372912101","Block Group 1, Census Tract 2912.10, Los Angeles County, California",1779,469,0,12,0,12,0,12,0,12,0,12,0,12,0,12,0,12,182,118,66,75,0,12,0,12,11,19,0,12,0,12,0,12,11,22,0,12,0,12,0,12,0,12,0,12,0,12,0,12,1866,502,366,306,1866,502,0,12,130,97,52,47,0,12,1866,502,311,196,15,22,191,117,81,82,1268,479,0,12
"1821","060372912103","Block Group 3, Census Tract 2912.10, Los Angeles County, California",1334,361,27,30,8,14,0,12,0,12,0,12,0,12,0,12,0,12,219,121,153,118,0,12,0,12,0,12,0,12,0,12,0,12,0,12,0,12,0,12,0,12,0,12,0,12,0,12,0,12,1398,378,369,193,1398,378,14,21,45,45,148,95,4,10,1414,381,231,109,0,12,122,100,58,35,960,323,15,24
"1822","060372932022","Block Group 2, Census Tract 2932.02, Los Angeles County, California",2363,570,0,12,0,12,0,12,0,12,17,31,0,12,0,12,0,12,471,206,93,75,0,12,0,12,17,25,0,12,0,12,0,12,21,34,0,12,0,12,0,12,0,12,0,12,0,12,0,12,2442,581,642,378,2452,583,11,17,229,135,465,217,0,12,2460,584,467,248,0,12,104,115,32,32,1837,536,0,12
"1823","060372932021","Block Group 1, Census Tract 2932.02, Los Angeles County, California",728,257,0,12,0,12,0,12,0,12,0,12,0,12,0,12,0,12,28,44,0,12,0,12,0,12,24,38,0,12,0,12,0,12,0,12,0,12,0,12,0,12,11,40,0,12,0,12,0,12,764,301,199,202,782,292,11,19,42,48,24,38,0,12,786,295,127,181,0,12,31,34,113,80,488,299,0,12
"1824","060372932023","Block Group 3, Census Tract 2932.02, Los Angeles County, California",3080,570,52,53,0,12,0,12,0,12,0,12,0,12,0,12,0,12,310,167,150,126,0,12,0,12,31,26,7,14,0,12,0,12,0,12,0,12,0,12,0,12,19,31,0,12,0,12,0,12,3479,655,1070,489,3494,660,85,102,262,149,256,148,0,12,3494,660,415,170,0,12,388,321,181,129,2439,551,0,12
"1825","060375764021","Block Group 1, Census Tract 5764.02, Los Angeles County, California",2367,510,0,12,0,12,0,12,0,12,0,12,0,12,0,12,0,12,195,79,133,64,0,12,0,12,51,53,0,12,0,12,0,12,33,34,4,8,0,12,0,12,9,15,4,8,0,12,0,12,2608,556,736,423,2608,556,39,41,68,62,152,79,0,12,2677,564,74,59,0,12,375,307,232,142,1965,432,0,12
"1826","060375764022","Block Group 2, Census Tract 5764.02, Los Angeles County, California",2237,384,18,27,0,12,0,12,0,12,0,12,0,12,0,12,0,12,194,99,24,29,0,12,0,12,23,30,10,16,0,12,0,12,0,12,0,12,0,12,0,12,24,27,15,23,0,12,0,12,2338,385,701,280,2338,385,46,37,132,67,145,87,0,12,2338,385,379,155,12,20,258,203,242,93,1410,301,2,5
"1827","060375767001","Block Group 1, Census Tract 5767, Los Angeles County, California",1045,240,0,12,0,12,0,12,0,12,0,12,0,12,0,12,0,12,0,12,0,12,0,12,0,12,0,12,0,12,0,12,0,12,0,12,0,12,13,21,0,12,0,12,0,12,0,12,0,12,1074,253,184,121,1094,252,17,26,52,44,84,78,0,12,1094,252,100,88,0,12,148,148,678,168,96,58,0,12
"1828","060375767003","Block Group 3, Census Tract 5767, Los Angeles County, California",1921,302,0,12,0,12,0,12,0,12,0,12,0,12,0,12,0,12,0,12,0,12,0,12,0,12,0,12,0,12,0,12,0,12,0,12,0,12,0,12,0,12,0,12,4,9,0,12,0,12,1920,323,141,108,1952,322,0,12,9,14,53,50,0,12,2037,335,134,139,5,11,168,163,1253,260,414,220,0,12
"1829","060375767002","Block Group 2, Census Tract 5767, Los Angeles County, California",768,254,0,12,0,12,0,12,0,12,0,12,0,12,0,12,0,12,0,12,0,12,0,12,0,12,0,12,0,12,0,12,0,12,0,12,0,12,0,12,0,12,0,12,0,12,0,12,0,12,804,265,66,61,804,265,0,12,8,16,0,12,0,12,804,265,150,134,0,12,33,40,525,170,96,92,0,12
"1830","060375770005","Block Group 5, Census Tract 5770, Los Angeles County, California",679,257,0,12,0,12,0,12,0,12,0,12,0,12,0,12,0,12,0,12,0,12,0,12,0,12,0,12,0,12,0,12,0,12,0,12,0,12,0,12,0,12,0,12,0,12,0,12,0,12,679,257,32,100,679,257,0,12,0,12,0,12,0,12,679,257,0,12,0,12,31,36,541,193,80,106,0,12
"1831","060375770001","Block Group 1, Census Tract 5770, Los Angeles County, California",2262,490,0,12,0,12,0,12,0,12,0,12,0,12,0,12,0,12,48,78,0,12,0,12,0,12,20,26,0,12,0,12,0,12,0,12,0,12,0,12,0,12,0,12,0,12,0,12,0,12,2451,513,607,353,2485,517,0,12,13,21,35,33,0,12,2485,517,836,551,0,12,373,415,549,251,633,307,20,32
"1832","060375770004","Block Group 4, Census Tract 5770, Los Angeles County, California",563,200,0,12,0,12,0,12,0,12,0,12,0,12,0,12,0,12,0,12,0,12,0,12,0,12,0,12,0,12,0,12,0,12,0,12,0,12,0,12,0,12,0,12,0,12,0,12,0,12,587,221,0,12,587,221,0,12,0,12,0,12,0,12,587,221,49,53,0,12,0,12,342,178,125,116,12,19
"1833","060375990004","Block Group 4, Census Tract 5990, Los Angeles County, California",2007,387,0,12,0,12,0,12,0,12,0,12,0,12,0,12,0,12,115,104,0,12,0,12,0,12,0,12,0,12,0,12,0,12,2,6,0,12,0,12,0,12,0,12,0,12,0,12,0,12,2067,403,432,293,2067,403,0,12,37,52,94,101,0,12,2080,404,2,5,0,12,0,12,796,287,1263,454,0,12
"1834","060375990002","Block Group 2, Census Tract 5990, Los Angeles County, California",563,262,0,12,0,12,0,12,0,12,0,12,0,12,0,12,0,12,0,12,1,2,0,12,0,12,0,12,0,12,0,12,0,12,0,12,0,12,0,12,0,12,0,12,0,12,0,12,0,12,575,266,25,41,575,266,0,12,0,12,83,99,0,12,579,266,0,12,1,3,0,12,343,143,235,250,0,12
"1835","060375990003","Block Group 3, Census Tract 5990, Los Angeles County, California",589,257,0,12,0,12,0,12,0,12,0,12,0,12,0,12,0,12,93,81,0,12,26,41,0,12,0,12,0,12,0,12,0,12,0,12,0,12,0,12,0,12,0,12,0,12,0,12,0,12,627,286,46,50,627,286,0,12,26,41,24,40,0,12,627,286,0,12,0,12,3,8,190,165,434,252,0,12
"1836","060374047013","Block Group 3, Census Tract 4047.01, Los Angeles County, California",663,286,0,12,0,12,0,12,0,12,0,12,0,12,0,12,0,12,51,52,0,12,0,12,0,12,10,17,0,12,0,12,0,12,85,62,22,39,0,12,0,12,0,12,0,12,0,12,0,12,663,286,36,31,663,286,0,12,0,12,14,22,0,12,663,286,55,56,0,12,0,12,48,85,560,280,0,12
"1837","060374047032","Block Group 2, Census Tract 4047.03, Los Angeles County, California",2318,266,16,20,0,12,0,12,0,12,0,12,0,12,0,12,0,12,226,72,134,99,0,12,0,12,48,32,33,31,0,12,0,12,48,31,39,36,0,12,0,12,21,19,25,22,0,12,0,12,2511,299,574,243,2526,301,33,35,170,71,213,79,0,12,2526,301,317,123,0,12,48,52,69,47,2058,292,0,12
"1838","060374051011","Block Group 1, Census Tract 4051.01, Los Angeles County, California",2546,662,0,12,0,12,0,12,0,12,0,12,0,12,0,12,0,12,191,88,117,124,0,12,0,12,112,75,109,129,0,12,0,12,0,12,82,79,0,12,0,12,40,41,0,12,0,12,0,12,2791,760,98,77,2791,760,0,12,49,55,213,179,10,16,2791,760,704,386,0,12,0,12,62,61,2009,712,0,12
"1839","060374051012","Block Group 2, Census Tract 4051.01, Los Angeles County, California",1962,446,0,12,0,12,0,12,0,12,0,12,0,12,0,12,0,12,164,163,119,95,0,12,0,12,15,25,31,50,0,12,0,12,135,101,48,73,0,12,0,12,19,30,12,19,0,12,0,12,1937,441,235,158,1946,442,0,12,93,92,162,133,12,19,2037,460,302,153,0,12,46,38,118,63,1571,415,0,12
"1840","060374056003","Block Group 3, Census Tract 4056, Los Angeles County, California",961,268,13,20,0,12,0,12,0,12,0,12,0,12,0,12,0,12,12,19,0,12,0,12,0,12,45,48,0,12,0,12,0,12,0,12,0,12,0,12,0,12,3,11,0,12,0,12,0,12,1079,314,0,12,1079,314,0,12,18,24,41,41,0,12,1079,314,368,201,0,12,28,42,57,48,626,294,0,12
"1841","060375435023","Block Group 3, Census Tract 5435.02, Los Angeles County, California",1726,267,0,12,0,12,0,12,0,12,0,12,0,12,0,12,0,12,53,55,0,12,0,12,0,12,90,64,8,13,0,12,0,12,54,54,0,12,0,12,0,12,17,21,0,12,0,12,0,12,1778,272,167,111,1778,272,0,12,62,68,235,144,0,12,1778,272,712,209,0,12,111,90,244,105,660,289,0,12
"1842","060375435021","Block Group 1, Census Tract 5435.02, Los Angeles County, California",1304,428,0,12,0,12,0,12,0,12,0,12,0,12,0,12,0,12,121,102,37,46,0,12,0,12,8,13,0,12,0,12,0,12,62,81,34,53,0,12,0,12,11,16,0,12,0,12,0,12,1404,445,305,257,1440,457,9,14,73,76,87,92,0,12,1440,457,204,173,0,12,15,16,45,37,1160,449,0,12
"1843","060375501004","Block Group 4, Census Tract 5501, Los Angeles County, California",1108,316,0,12,0,12,0,12,0,12,0,12,0,12,0,12,0,12,62,60,0,12,0,12,0,12,13,21,0,12,0,12,0,12,32,47,21,34,0,12,0,12,13,20,0,12,0,12,0,12,1157,339,21,24,1157,339,8,15,13,19,9,15,0,12,1157,339,89,93,0,12,0,12,194,125,865,304,0,12
"1844","060375501005","Block Group 5, Census Tract 5501, Los Angeles County, California",1291,386,0,12,0,12,0,12,0,12,0,12,0,12,0,12,0,12,26,41,0,12,0,12,0,12,0,12,0,12,0,12,0,12,38,33,35,53,2,6,0,12,0,12,0,12,0,12,0,12,1291,386,10,15,1291,386,10,16,26,40,0,12,0,12,1291,386,187,146,0,12,0,12,46,41,1054,410,0,12
"1845","060375501002","Block Group 2, Census Tract 5501, Los Angeles County, California",1452,483,0,12,0,12,0,12,0,12,0,12,0,12,0,12,0,12,88,87,0,12,0,12,0,12,0,12,0,12,0,12,0,12,31,36,19,37,0,12,0,12,0,12,0,12,0,12,0,12,1576,531,460,448,1576,531,0,12,62,77,7,11,0,12,1576,531,167,133,0,12,20,31,138,156,1251,524,0,12
"1846","060375501001","Block Group 1, Census Tract 5501, Los Angeles County, California",438,201,0,12,0,12,0,12,0,12,0,12,0,12,0,12,0,12,0,12,0,12,0,12,0,12,0,12,0,12,0,12,0,12,24,36,0,12,0,12,0,12,0,12,0,12,0,12,0,12,468,222,122,119,468,222,0,12,0,12,28,30,0,12,468,222,53,55,0,12,0,12,59,55,356,214,0,12
"1847","060371246002","Block Group 2, Census Tract 1246, Los Angeles County, California",902,248,0,12,0,12,0,12,0,12,0,12,0,12,0,12,0,12,0,12,0,12,0,12,0,12,1,2,0,12,0,12,0,12,0,12,0,12,0,12,0,12,0,12,0,12,0,12,0,12,937,258,166,118,937,258,0,12,34,38,12,18,0,12,937,258,57,43,0,12,133,122,594,209,58,44,12,19
"1848","060371283022","Block Group 2, Census Tract 1283.02, Los Angeles County, California",2452,440,18,28,17,26,0,12,0,12,0,12,0,12,0,12,0,12,594,177,223,92,6,13,0,12,0,12,0,12,0,12,0,12,0,12,19,31,0,12,0,12,0,12,0,12,0,12,0,12,2638,462,510,272,2638,462,72,89,379,145,469,209,19,31,2638,462,19,32,0,12,82,75,270,142,2219,468,0,12
"1849","060371283021","Block Group 1, Census Tract 1283.02, Los Angeles County, California",2268,452,0,12,23,36,0,12,0,12,0,12,0,12,0,12,0,12,193,81,69,77,0,12,0,12,0,12,0,12,0,12,0,12,30,42,36,46,27,39,0,12,0,12,0,12,0,12,0,12,2362,475,616,305,2362,475,63,76,107,70,209,107,0,12,2362,475,110,76,0,12,71,51,483,164,1677,446,0,12
"1850","060371287024","Block Group 4, Census Tract 1287.02, Los Angeles County, California",944,300,0,12,0,12,0,12,0,12,0,12,0,12,0,12,0,12,0,12,0,12,0,12,0,12,0,12,0,12,0,12,0,12,0,12,0,12,0,12,0,12,0,12,0,12,0,12,0,12,1004,323,43,37,1004,323,0,12,30,47,0,12,0,12,1004,323,39,67,0,12,54,67,556,237,300,184,0,12
"1851","060375032021","Block Group 1, Census Tract 5032.02, Los Angeles County, California",2601,684,0,12,0,12,0,12,0,12,0,12,0,12,0,12,0,12,109,99,0,12,0,12,0,12,16,18,0,12,0,12,0,12,11,17,0,12,0,12,0,12,0,12,48,58,0,12,0,12,2614,599,346,179,2753,739,0,12,72,95,86,96,0,12,2753,739,300,149,0,12,4,9,224,143,2212,699,0,12
"1852","060375032023","Block Group 3, Census Tract 5032.02, Los Angeles County, California",1206,477,0,12,0,12,0,12,0,12,0,12,0,12,0,12,0,12,18,22,13,20,0,12,0,12,10,16,0,12,0,12,0,12,28,42,27,41,0,12,0,12,0,12,0,12,0,12,0,12,1267,519,222,170,1267,519,0,12,53,58,55,77,28,42,1267,519,58,58,0,12,27,44,197,97,985,497,0,12
"1853","060375032022","Block Group 2, Census Tract 5032.02, Los Angeles County, California",974,556,0,12,0,12,0,12,0,12,0,12,0,12,0,12,0,12,17,26,0,12,0,12,0,12,0,12,0,12,0,12,0,12,0,12,23,35,0,12,0,12,0,12,0,12,0,12,0,12,1008,578,0,12,1008,578,0,12,46,62,0,12,0,12,1008,578,147,161,0,12,0,12,196,167,665,444,0,12
"1854","060375035013","Block Group 3, Census Tract 5035.01, Los Angeles County, California",2662,507,17,20,0,12,0,12,0,12,0,12,0,12,0,12,0,12,139,96,44,56,0,12,0,12,0,12,0,12,21,36,0,12,23,26,0,12,0,12,0,12,0,12,0,12,0,12,0,12,2939,598,220,167,2955,597,22,28,164,105,129,83,11,18,2955,597,193,154,24,36,0,12,481,205,2176,572,65,88
"1855","060375035011","Block Group 1, Census Tract 5035.01, Los Angeles County, California",726,312,0,12,0,12,0,12,0,12,0,12,0,12,0,12,0,12,58,76,0,12,0,12,0,12,0,12,0,12,0,12,0,12,0,12,0,12,0,12,0,12,0,12,0,12,0,12,0,12,726,312,24,30,726,312,0,12,52,76,17,17,0,12,726,312,0,12,0,12,0,12,186,67,540,321,0,12
"1856","060375035022","Block Group 2, Census Tract 5035.02, Los Angeles County, California",1390,338,0,12,0,12,0,12,0,12,0,12,0,12,0,12,0,12,22,35,0,12,0,12,0,12,0,12,0,12,0,12,0,12,0,12,0,12,0,12,0,12,0,12,0,12,0,12,0,12,1443,355,23,32,1443,355,0,12,8,16,22,35,0,12,1443,355,26,51,0,12,0,12,191,88,1226,340,0,12
"1857","060375035021","Block Group 1, Census Tract 5035.02, Los Angeles County, California",747,251,39,44,9,14,0,12,0,12,0,12,0,12,0,12,0,12,0,12,0,12,0,12,0,12,0,12,0,12,0,12,0,12,0,12,29,43,0,12,0,12,0,12,0,12,0,12,0,12,765,251,17,26,765,251,10,16,18,27,0,12,0,12,765,251,0,12,0,12,0,12,261,177,472,267,0,12
"1858","060375041021","Block Group 1, Census Tract 5041.02, Los Angeles County, California",9,13,0,12,0,12,0,12,0,12,0,12,0,12,0,12,0,12,0,12,0,12,0,12,0,12,0,12,0,12,0,12,0,12,0,12,0,12,0,12,0,12,0,12,0,12,0,12,0,12,9,13,0,12,9,13,0,12,0,12,0,12,0,12,9,13,0,12,0,12,0,12,0,12,0,12,9,13
"1859","060371173012","Block Group 2, Census Tract 1173.01, Los Angeles County, California",1006,232,0,12,0,12,0,12,0,12,0,12,0,12,0,12,0,12,14,22,0,12,0,12,0,12,0,12,0,12,0,12,0,12,9,14,11,17,10,17,0,12,0,12,0,12,0,12,0,12,1102,260,40,35,1102,260,5,12,0,12,51,40,0,12,1102,260,63,60,0,12,25,25,513,175,467,218,0,12
"1860","060371174042","Block Group 2, Census Tract 1174.04, Los Angeles County, California",1087,391,0,12,0,12,0,12,0,12,0,12,0,12,0,12,0,12,0,12,11,17,26,42,0,12,25,41,0,12,0,12,0,12,9,14,0,12,0,12,0,12,0,12,0,12,0,12,0,12,1099,393,104,93,1099,393,0,12,0,12,31,29,0,12,1107,394,127,143,0,12,2,4,620,291,357,289,0,12
"1861","060371174041","Block Group 1, Census Tract 1174.04, Los Angeles County, California",1629,516,0,12,0,12,0,12,0,12,0,12,0,12,0,12,0,12,89,107,21,29,0,12,0,12,40,61,0,12,0,12,0,12,28,45,0,12,0,12,0,12,20,34,0,12,0,12,0,12,1682,503,156,171,1705,527,18,27,39,48,89,95,8,13,1705,527,303,198,0,12,61,72,686,425,644,322,0,12
"1862","060372731003","Block Group 3, Census Tract 2731, Los Angeles County, California",707,146,0,12,0,12,0,12,0,12,0,12,0,12,0,12,0,12,6,8,0,12,6,9,0,12,5,9,0,12,0,12,0,12,20,26,5,8,0,12,0,12,0,12,0,12,0,12,0,12,784,168,106,107,784,168,0,12,7,10,0,12,0,12,784,168,35,20,0,12,44,46,491,150,209,93,5,7
"1863","060372731001","Block Group 1, Census Tract 2731, Los Angeles County, California",648,151,0,12,0,12,0,12,0,12,0,12,0,12,0,12,0,12,0,12,0,12,0,12,0,12,0,12,0,12,0,12,0,12,0,12,0,12,0,12,0,12,0,12,0,12,0,12,0,12,694,162,91,66,694,162,0,12,30,43,5,7,0,12,694,162,24,17,0,12,18,27,482,153,165,81,0,12
"1864","060372653032","Block Group 2, Census Tract 2653.03, Los Angeles County, California",3333,734,0,12,0,12,0,12,0,12,0,12,0,12,0,12,0,12,29,45,0,12,0,12,0,12,33,52,0,12,0,12,0,12,0,12,0,12,0,12,0,12,0,12,0,12,0,12,0,12,3401,738,2099,542,3401,738,8,12,225,219,13,15,0,12,3401,738,1566,452,18,28,64,71,1111,332,583,233,0,12
"1865","060372653031","Block Group 1, Census Tract 2653.03, Los Angeles County, California",1755,373,0,12,0,12,0,12,0,12,0,12,0,12,0,12,0,12,0,12,0,12,9,14,9,14,7,12,0,12,0,12,0,12,0,12,0,12,0,12,0,12,0,12,0,12,0,12,0,12,1755,373,1184,308,1747,374,0,12,82,56,1,11,0,12,1755,373,694,211,25,40,109,120,519,173,243,137,0,12
"1866","060372674021","Block Group 1, Census Tract 2674.02, Los Angeles County, California",1891,512,0,12,0,12,0,12,0,12,0,12,0,12,0,12,0,12,0,12,0,12,0,12,0,12,0,12,0,12,0,12,0,12,0,12,0,12,17,27,0,12,0,12,0,12,0,12,0,12,1978,529,136,94,1913,510,0,12,248,180,0,12,0,12,2010,539,301,207,0,12,65,54,1136,360,432,299,0,12
"1867","060372674022","Block Group 2, Census Tract 2674.02, Los Angeles County, California",2805,481,0,12,0,12,0,12,0,12,24,35,0,12,0,12,0,12,0,12,0,12,0,12,0,12,0,12,0,12,0,12,0,12,6,13,0,12,25,36,0,12,41,48,12,18,0,12,0,12,2821,514,224,126,2821,514,9,35,67,79,63,102,0,12,2862,513,551,250,0,12,69,103,1919,455,272,148,0,12
"1868","060378001012","Block Group 2, Census Tract 8001.01, Los Angeles County, California",2628,314,0,12,0,12,0,12,0,12,0,12,0,12,0,12,0,12,0,12,0,12,0,12,0,12,0,12,0,12,0,12,0,12,0,12,0,12,51,58,18,26,0,12,0,12,0,12,0,12,2720,331,114,52,2724,329,40,63,0,12,85,75,8,13,2724,329,190,91,0,12,26,27,2276,322,66,71,0,12
"1869","060378001011","Block Group 1, Census Tract 8001.01, Los Angeles County, California",2937,429,0,12,0,12,6,10,0,12,0,12,0,12,0,12,0,12,0,12,0,12,24,40,0,12,0,12,0,12,0,12,0,12,34,54,0,12,48,52,0,12,0,12,0,12,11,16,0,12,3014,439,35,34,3014,439,37,56,0,12,24,28,9,15,3014,439,177,86,0,12,36,56,2336,356,146,148,0,12
"1870","060379201112","Block Group 2, Census Tract 9201.11, Los Angeles County, California",1221,210,0,12,0,12,0,12,0,12,0,12,0,12,0,12,0,12,0,12,0,12,0,12,0,12,0,12,0,12,0,12,0,12,9,14,9,14,0,12,0,12,0,12,0,12,0,12,0,12,1338,219,54,41,1346,219,0,12,10,15,27,24,0,12,1346,219,87,67,0,12,41,50,936,227,233,121,34,65
"1871","060379201111","Block Group 1, Census Tract 9201.11, Los Angeles County, California",1336,220,0,12,0,12,0,12,0,12,0,12,0,12,0,12,0,12,0,12,0,12,0,12,0,12,0,12,0,12,0,12,0,12,0,12,0,12,0,12,0,12,0,12,0,12,0,12,0,12,1369,231,28,36,1392,243,0,12,40,49,46,36,0,12,1392,243,63,55,0,12,82,78,782,205,436,136,0,12
"1872","060375310002","Block Group 2, Census Tract 5310, Los Angeles County, California",660,245,38,44,0,12,0,12,0,12,0,12,0,12,0,12,0,12,136,94,49,46,0,12,0,12,0,12,0,12,0,12,0,12,45,37,18,27,0,12,0,12,0,12,0,12,0,12,0,12,729,259,196,152,729,259,0,12,67,83,78,61,0,12,729,259,0,12,0,12,0,12,0,12,722,259,0,12
"1873","060375310003","Block Group 3, Census Tract 5310, Los Angeles County, California",2377,512,0,12,0,12,0,12,0,12,0,12,0,12,0,12,0,12,198,73,147,114,0,12,0,12,0,12,0,12,0,12,0,12,69,53,68,58,0,12,0,12,0,12,0,12,0,12,0,12,2508,544,468,212,2508,544,8,13,119,88,133,74,0,12,2508,544,0,12,0,12,0,12,45,60,2463,545,0,12
"1874","060375310001","Block Group 1, Census Tract 5310, Los Angeles County, California",1717,404,0,12,0,12,0,12,0,12,0,12,0,12,0,12,0,12,140,92,66,80,0,12,0,12,0,12,0,12,0,12,0,12,110,89,77,73,0,12,0,12,0,12,0,12,0,12,0,12,1896,464,178,111,1896,464,84,107,35,40,156,131,0,12,1896,464,0,12,0,12,0,12,39,43,1849,466,0,12
"1875","060375300042","Block Group 2, Census Tract 5300.04, Los Angeles County, California",2562,236,0,12,0,12,0,12,0,12,0,12,0,12,0,12,0,12,53,50,0,12,0,12,0,12,21,23,0,12,0,12,0,12,39,30,20,31,40,31,0,12,0,12,22,18,0,12,0,12,2819,303,456,216,2819,303,47,73,43,46,68,39,0,12,2819,303,253,123,0,12,78,80,484,177,1850,272,0,12
"1876","060375303011","Block Group 1, Census Tract 5303.01, Los Angeles County, California",974,174,0,12,0,12,0,12,0,12,0,12,0,12,0,12,0,12,169,80,0,12,0,12,0,12,14,22,8,13,0,12,0,12,18,20,10,16,0,12,0,12,0,12,0,12,0,12,0,12,1054,193,240,165,1054,193,22,20,29,27,63,43,0,12,1054,193,64,96,0,12,0,12,15,14,975,190,0,12
"1877","060375303012","Block Group 2, Census Tract 5303.01, Los Angeles County, California",1053,196,19,25,0,12,0,12,0,12,0,12,0,12,0,12,0,12,149,63,39,33,0,12,0,12,12,17,0,12,0,12,0,12,80,39,29,32,0,12,0,12,0,12,0,12,0,12,0,12,1151,202,210,138,1157,205,16,25,6,8,80,58,0,12,1157,205,44,62,0,12,0,12,72,80,1029,214,0,12
"1878","060375362004","Block Group 4, Census Tract 5362, Los Angeles County, California",1005,388,12,19,0,12,0,12,0,12,0,12,0,12,0,12,0,12,35,40,14,22,0,12,0,12,0,12,0,12,0,12,0,12,0,12,0,12,0,12,0,12,0,12,0,12,0,12,0,12,1094,418,222,255,1094,418,21,36,116,93,68,57,21,35,1094,418,17,28,0,12,99,158,75,69,903,389,0,12
"1879","060375362001","Block Group 1, Census Tract 5362, Los Angeles County, California",1833,414,0,12,0,12,0,12,0,12,0,12,0,12,0,12,0,12,159,82,21,26,0,12,0,12,9,16,0,12,0,12,0,12,19,28,30,49,0,12,0,12,0,12,0,12,0,12,0,12,1970,450,446,280,1970,450,0,12,85,84,139,91,0,12,1970,450,62,47,0,12,37,57,160,117,1711,442,0,12
"1880","060375362002","Block Group 2, Census Tract 5362, Los Angeles County, California",1822,439,0,12,0,12,0,12,0,12,0,12,0,12,0,12,0,12,122,88,59,47,0,12,0,12,0,12,0,12,0,12,0,12,129,86,0,12,0,12,0,12,20,32,0,12,0,12,0,12,1867,472,268,171,1867,472,76,85,61,49,24,29,0,12,1867,472,0,12,58,96,0,12,160,114,1649,488,0,12
"1881","060375362003","Block Group 3, Census Tract 5362, Los Angeles County, California",928,363,0,12,0,12,0,12,0,12,0,12,0,12,0,12,0,12,144,89,0,12,0,12,0,12,0,12,0,12,0,12,0,12,0,12,0,12,0,12,0,12,0,12,0,12,0,12,0,12,1020,405,50,78,1020,405,13,20,32,38,24,36,0,12,1020,405,10,14,0,12,0,12,136,113,874,402,0,12
"1882","060375362005","Block Group 5, Census Tract 5362, Los Angeles County, California",1248,336,0,12,0,12,0,12,0,12,0,12,0,12,0,12,0,12,94,72,8,14,0,12,0,12,35,61,0,12,0,12,0,12,44,37,110,104,0,12,0,12,0,12,0,12,0,12,0,12,1330,362,178,122,1330,362,24,27,47,49,82,65,18,31,1330,362,48,85,0,12,14,24,36,45,1232,366,0,12
"1883","060375404002","Block Group 2, Census Tract 5404, Los Angeles County, California",1274,232,0,12,0,12,0,12,0,12,0,12,0,12,0,12,0,12,102,47,75,57,0,12,0,12,0,12,0,12,0,12,0,12,5,8,47,41,0,12,0,12,0,12,0,12,0,12,0,12,1298,237,355,169,1298,237,0,12,107,54,80,60,18,19,1298,237,0,12,0,12,209,100,0,12,1089,235,0,12
"1884","060375418012","Block Group 2, Census Tract 5418.01, Los Angeles County, California",2275,501,26,41,0,12,0,12,0,12,0,12,0,12,0,12,0,12,219,106,117,113,0,12,0,12,0,12,0,12,0,12,0,12,4,12,0,12,0,12,0,12,0,12,0,12,0,12,0,12,2456,523,418,202,2456,523,0,12,141,103,133,86,0,12,2456,523,0,12,0,12,496,308,17,20,1896,542,18,29
"1885","060375418013","Block Group 3, Census Tract 5418.01, Los Angeles County, California",2113,519,83,93,0,12,0,12,0,12,0,12,0,12,0,12,0,12,150,91,57,43,0,12,0,12,0,12,0,12,0,12,0,12,36,42,124,112,0,12,0,12,0,12,0,12,0,12,0,12,2274,561,338,284,2274,561,0,12,159,115,243,113,16,31,2274,561,1,2,0,12,416,336,1,2,1856,556,0,12
"1886","060375422002","Block Group 2, Census Tract 5422, Los Angeles County, California",2930,657,11,18,0,12,0,12,0,12,0,12,0,12,0,12,0,12,326,169,91,83,0,12,0,12,0,12,0,12,0,12,0,12,0,12,90,82,0,12,0,12,0,12,0,12,0,12,0,12,3085,702,718,364,3085,702,0,12,223,170,163,96,0,12,3085,702,0,12,0,12,779,336,38,45,2207,597,0,12
"1887","060375422001","Block Group 1, Census Tract 5422, Los Angeles County, California",2449,645,31,35,0,12,0,12,0,12,0,12,0,12,0,12,0,12,194,119,148,113,0,12,0,12,0,12,0,12,0,12,0,12,17,26,70,56,0,12,0,12,0,12,0,12,0,12,0,12,2675,739,833,363,2675,739,32,31,145,147,116,92,19,31,2675,739,0,12,0,12,762,322,37,37,1854,676,0,12
"1888","060371375022","Block Group 2, Census Tract 1375.02, Los Angeles County, California",1962,431,0,12,0,12,0,12,0,12,0,12,0,12,0,12,0,12,0,12,0,12,0,12,0,12,0,12,0,12,0,12,0,12,0,12,0,12,10,15,40,46,0,12,0,12,0,12,0,12,2118,461,103,75,2118,461,0,12,12,20,10,15,12,19,2118,461,82,100,0,12,294,402,1520,306,178,103,0,12
"1889","060371375041","Block Group 1, Census Tract 1375.04, Los Angeles County, California",2098,250,0,12,0,12,0,12,0,12,0,12,0,12,0,12,0,12,0,12,0,12,0,12,7,10,0,12,0,12,0,12,0,12,0,12,0,12,0,12,6,9,0,12,0,12,3,6,0,12,2155,242,61,50,2155,242,0,12,3,7,12,14,0,12,2155,242,58,49,0,12,21,19,1886,216,104,79,22,29
"1890","060371397021","Block Group 1, Census Tract 1397.02, Los Angeles County, California",1310,332,0,12,0,12,0,12,0,12,0,12,0,12,0,12,0,12,0,12,0,12,0,12,0,12,0,12,0,12,0,12,0,12,0,12,0,12,26,43,0,12,0,12,0,12,0,12,0,12,1346,331,0,12,1346,331,0,12,0,12,0,12,21,38,1346,331,78,63,0,12,0,12,1150,312,118,151,0,12
"1891","060371397023","Block Group 3, Census Tract 1397.02, Los Angeles County, California",1549,400,0,12,0,12,0,12,0,12,0,12,0,12,0,12,0,12,0,12,0,12,0,12,0,12,0,12,0,12,0,12,0,12,0,12,0,12,13,23,0,12,0,12,0,12,0,12,0,12,1629,425,80,104,1629,425,0,12,0,12,0,12,0,12,1629,425,68,119,0,12,10,19,1471,404,80,110,0,12
"1892","060371397024","Block Group 4, Census Tract 1397.02, Los Angeles County, California",2630,504,0,12,0,12,0,12,0,12,0,12,0,12,0,12,0,12,0,12,0,12,0,12,0,12,0,12,0,12,0,12,0,12,0,12,0,12,12,21,0,12,0,12,0,12,0,12,0,12,2649,480,107,114,2770,569,0,12,98,116,42,53,0,12,2770,569,64,58,0,12,204,300,2320,473,44,70,0,12
"1893","060371435003","Block Group 3, Census Tract 1435, Los Angeles County, California",1841,448,0,12,0,12,0,12,0,12,0,12,0,12,0,12,0,12,0,12,0,12,0,12,0,12,0,12,0,12,0,12,0,12,0,12,0,12,0,12,0,12,0,12,0,12,0,12,0,12,1919,505,206,141,1919,505,18,29,0,12,32,38,0,12,1919,505,28,44,40,65,135,121,1337,381,248,153,0,12
"1894","060371435004","Block Group 4, Census Tract 1435, Los Angeles County, California",1299,381,0,12,0,12,0,12,0,12,0,12,0,12,0,12,0,12,0,12,0,12,0,12,0,12,0,12,0,12,0,12,0,12,0,12,0,12,0,12,0,12,0,12,0,12,0,12,0,12,1377,393,87,80,1377,393,0,12,0,12,0,12,0,12,1377,393,29,34,0,12,76,120,1110,375,162,134,0,12
"1895","060371814001","Block Group 1, Census Tract 1814, Los Angeles County, California",1517,384,0,12,0,12,0,12,0,12,0,12,0,12,0,12,0,12,90,124,35,60,0,12,0,12,0,12,0,12,0,12,0,12,7,13,17,30,0,12,0,12,13,20,0,12,0,12,0,12,1555,384,375,274,1555,384,14,21,24,27,50,58,6,12,1555,384,355,224,0,12,57,78,399,130,724,394,0,12
"1896","060371814002","Block Group 2, Census Tract 1814, Los Angeles County, California",899,267,0,12,0,12,0,12,0,12,0,12,0,12,0,12,0,12,0,12,0,12,0,12,0,12,0,12,0,12,0,12,0,12,55,66,0,12,16,26,0,12,15,23,0,12,0,12,0,12,920,263,85,75,954,274,0,12,19,26,18,20,0,12,954,274,280,119,0,12,0,12,356,157,303,202,9,15
"1897","060371836201","Block Group 1, Census Tract 1836.20, Los Angeles County, California",2297,309,8,13,0,12,0,12,0,12,0,12,0,12,0,12,0,12,204,104,8,13,0,12,0,12,28,25,0,12,0,12,0,12,58,40,38,31,0,12,0,12,21,18,0,12,0,12,0,12,2496,344,494,269,2524,360,6,10,142,79,149,90,0,12,2524,360,354,235,0,12,95,55,509,127,1491,323,18,29
"1898","060371836202","Block Group 2, Census Tract 1836.20, Los Angeles County, California",575,219,0,12,0,12,0,12,0,12,0,12,0,12,0,12,0,12,22,26,3,5,0,12,0,12,0,12,0,12,0,12,0,12,10,12,41,54,0,12,0,12,7,10,6,10,0,12,0,12,582,225,109,122,587,226,0,12,0,12,4,7,0,12,587,226,50,44,0,12,0,12,73,30,456,224,0,12
"1899","060371873002","Block Group 2, Census Tract 1873, Los Angeles County, California",1739,337,0,12,0,12,0,12,0,12,0,12,0,12,0,12,0,12,15,18,0,12,0,12,0,12,0,12,0,12,0,12,0,12,46,59,0,12,0,12,0,12,0,12,0,12,0,12,0,12,1798,329,52,39,1798,329,24,28,88,65,37,30,0,12,1798,329,171,87,0,12,9,13,1110,258,365,221,0,12
"1900","060371897021","Block Group 1, Census Tract 1897.02, Los Angeles County, California",2109,229,0,12,0,12,0,12,0,12,0,12,0,12,0,12,0,12,8,13,0,12,0,12,0,12,0,12,0,12,0,12,0,12,0,12,0,12,0,12,0,12,0,12,0,12,0,12,0,12,2201,251,290,99,2201,251,0,12,44,40,41,34,0,12,2201,251,44,56,0,12,133,130,1738,241,189,108,0,12
"1901","060371917202","Block Group 2, Census Tract 1917.20, Los Angeles County, California",1215,300,0,12,0,12,0,12,0,12,0,12,0,12,0,12,0,12,110,64,127,89,0,12,0,12,0,12,0,12,0,12,0,12,12,20,0,12,0,12,0,12,10,18,0,12,0,12,0,12,1229,304,176,150,1240,308,0,12,91,77,162,96,0,12,1240,308,141,126,0,12,86,83,204,114,767,282,0,12
"1902","060372377102","Block Group 2, Census Tract 2377.10, Los Angeles County, California",2260,579,28,45,0,12,0,12,0,12,0,12,0,12,0,12,0,12,415,153,252,197,0,12,0,12,0,12,0,12,0,12,0,12,18,29,49,56,0,12,0,12,0,12,0,12,0,12,0,12,2531,698,792,359,2531,698,78,93,260,205,403,192,49,56,2531,698,0,12,0,12,192,117,23,38,2286,723,30,35
"1903","060372377101","Block Group 1, Census Tract 2377.10, Los Angeles County, California",1777,563,8,18,0,12,0,12,0,12,0,12,0,12,0,12,0,12,72,78,85,78,0,12,0,12,0,12,0,12,0,12,0,12,8,17,8,17,0,12,0,12,0,12,0,12,0,12,0,12,1879,593,652,277,1879,593,16,35,58,68,118,113,0,12,1879,593,0,12,0,12,563,329,0,12,1244,498,0,12
"1904","060372381002","Block Group 2, Census Tract 2381, Los Angeles County, California",922,264,0,12,0,12,0,12,0,12,0,12,0,12,0,12,0,12,43,42,8,18,0,12,0,12,0,12,0,12,0,12,0,12,0,12,0,12,0,12,0,12,0,12,0,12,0,12,0,12,984,285,367,200,984,285,14,23,47,53,39,42,0,12,984,285,0,12,0,12,637,251,0,12,333,194,0,12
"1905","060372381001","Block Group 1, Census Tract 2381, Los Angeles County, California",1886,701,0,12,0,12,0,12,0,12,0,12,0,12,0,12,0,12,285,244,14,24,0,12,0,12,0,12,0,12,0,12,0,12,9,13,0,12,0,12,0,12,0,12,0,12,0,12,0,12,2206,891,435,283,2206,891,35,54,54,67,24,27,0,12,2206,891,0,12,0,12,679,296,69,85,1446,946,0,12
"1906","060372400202","Block Group 2, Census Tract 2400.20, Los Angeles County, California",1067,351,22,36,0,12,0,12,0,12,0,12,0,12,0,12,0,12,187,110,59,68,0,12,0,12,0,12,0,12,0,12,0,12,0,12,0,12,0,12,0,12,0,12,0,12,0,12,0,12,1240,431,463,268,1240,431,0,12,53,51,116,84,0,12,1240,431,0,12,0,12,456,341,0,12,784,364,0,12
"1907","060372400201","Block Group 1, Census Tract 2400.20, Los Angeles County, California",1952,422,0,12,0,12,0,12,0,12,0,12,0,12,0,12,0,12,301,139,19,22,0,12,0,12,0,12,0,12,0,12,0,12,11,18,14,22,0,12,0,12,0,12,0,12,0,12,0,12,2145,458,807,390,2154,456,23,32,190,101,108,65,0,12,2154,456,0,12,0,12,847,322,4,8,1300,331,0,12
"1908","060372411101","Block Group 1, Census Tract 2411.10, Los Angeles County, California",1871,295,0,12,0,12,0,12,0,12,0,12,0,12,0,12,0,12,190,72,70,42,0,12,0,12,0,12,0,12,0,12,0,12,40,33,34,25,0,12,0,12,0,12,0,12,0,12,0,12,2114,364,408,220,2121,365,0,12,223,106,57,43,10,17,2121,365,4,7,0,12,589,220,5,8,1523,309,0,12
"1909","060372411102","Block Group 2, Census Tract 2411.10, Los Angeles County, California",1166,331,35,44,0,12,0,12,0,12,0,12,0,12,0,12,0,12,113,58,58,48,0,12,0,12,0,12,0,12,0,12,0,12,37,38,0,12,0,12,0,12,0,12,0,12,0,12,0,12,1235,366,168,105,1235,366,12,13,70,37,46,35,0,12,1235,366,0,12,0,12,259,137,26,31,950,325,0,12
"1910","060371918103","Block Group 3, Census Tract 1918.10, Los Angeles County, California",789,223,0,12,0,12,0,12,0,12,0,12,0,12,0,12,0,12,26,31,46,38,0,12,0,12,0,12,0,12,0,12,0,12,18,29,12,21,0,12,0,12,0,12,0,12,0,12,0,12,806,236,128,93,806,236,0,12,111,110,58,59,0,12,806,236,21,24,0,12,27,31,353,136,385,187,0,12
"1911","060372031002","Block Group 2, Census Tract 2031, Los Angeles County, California",2180,380,0,12,0,12,0,12,0,12,0,12,0,12,0,12,0,12,335,164,86,78,0,12,0,12,23,37,14,21,0,12,0,12,61,57,95,87,0,12,0,12,17,23,0,12,0,12,0,12,2291,380,189,135,2319,384,0,12,93,78,313,130,0,12,2319,384,81,87,0,12,1,2,40,62,2176,358,0,12
"1912","060372035003","Block Group 3, Census Tract 2035, Los Angeles County, California",1044,264,0,12,0,12,0,12,0,12,0,12,0,12,0,12,0,12,79,54,85,64,0,12,0,12,0,12,14,18,0,12,0,12,18,15,24,38,0,12,0,12,10,15,0,12,0,12,0,12,1135,294,402,260,1135,294,0,12,56,46,24,22,0,12,1135,294,77,77,8,11,85,132,60,69,905,262,0,12
"1913","060372035002","Block Group 2, Census Tract 2035, Los Angeles County, California",1175,248,0,12,0,12,0,12,0,12,0,12,0,12,0,12,0,12,115,65,132,92,0,12,0,12,18,19,0,12,0,12,0,12,68,41,0,12,0,12,0,12,0,12,0,12,0,12,0,12,1226,270,480,218,1226,270,15,26,58,44,68,51,0,12,1226,270,191,119,0,12,0,12,21,24,1014,237,0,12
"1914","060372037202","Block Group 2, Census Tract 2037.20, Los Angeles County, California",764,307,0,12,0,12,0,12,0,12,0,12,0,12,0,12,0,12,86,80,88,71,0,12,0,12,0,12,0,12,0,12,0,12,8,13,35,39,0,12,0,12,0,12,0,12,0,12,0,12,948,456,254,339,948,456,11,16,74,54,99,61,0,12,948,456,0,12,0,12,0,12,38,54,902,453,0,12
"1915","060371092003","Block Group 3, Census Tract 1092, Los Angeles County, California",858,276,0,12,0,12,0,12,0,12,0,12,0,12,0,12,0,12,0,12,0,12,69,96,0,12,0,12,0,12,0,12,0,12,15,25,0,12,5,9,0,12,0,12,0,12,0,12,0,12,915,313,16,20,915,313,0,12,7,17,21,33,0,12,915,313,106,79,0,12,34,85,449,259,309,220,0,12
"1916","060371132122","Block Group 2, Census Tract 1132.12, Los Angeles County, California",2240,368,0,12,0,12,0,12,0,12,19,12,0,12,0,12,0,12,7,16,0,12,0,12,0,12,122,77,24,15,0,12,0,12,7,16,0,12,7,17,0,12,8,16,27,21,0,12,0,12,2165,371,250,189,2165,371,0,12,67,74,14,21,0,12,2277,373,639,308,0,12,131,106,838,189,610,248,8,16
"1917","060371132311","Block Group 1, Census Tract 1132.31, Los Angeles County, California",1593,135,0,12,0,12,0,12,0,12,0,12,0,12,0,12,0,12,0,12,0,12,22,19,0,12,0,12,0,12,0,12,0,12,0,12,0,12,11,15,0,12,0,12,0,12,0,12,0,12,1725,141,58,35,1725,141,38,39,12,16,70,54,0,12,1725,141,136,60,0,12,25,38,1125,120,278,151,0,12
"1918","060371221201","Block Group 1, Census Tract 1221.20, Los Angeles County, California",2114,466,0,12,0,12,0,12,0,12,0,12,0,12,0,12,0,12,167,102,56,53,36,51,0,12,0,12,0,12,0,12,0,12,15,24,62,84,0,12,0,12,19,25,0,12,0,12,0,12,2205,481,481,342,2205,481,120,122,138,83,151,102,10,15,2205,481,86,93,0,12,0,12,362,201,1699,485,0,12
"1919","060371230101","Block Group 1, Census Tract 1230.10, Los Angeles County, California",2282,297,0,12,0,12,0,12,0,12,0,12,0,12,0,12,0,12,375,109,87,65,0,12,0,12,0,12,0,12,0,12,0,12,71,48,29,29,0,12,0,12,0,12,0,12,0,12,0,12,2465,337,768,284,2481,344,119,89,146,68,255,105,4,7,2481,344,98,77,0,12,73,61,313,143,1987,357,0,12
"1920","060371230102","Block Group 2, Census Tract 1230.10, Los Angeles County, California",1467,281,0,12,4,7,0,12,0,12,0,12,0,12,0,12,0,12,167,77,54,31,59,39,0,12,0,12,0,12,0,12,0,12,35,33,30,27,12,19,0,12,0,12,0,12,0,12,0,12,1533,291,379,213,1546,294,41,48,77,46,100,61,0,12,1546,294,0,12,0,12,0,12,209,112,1337,308,0,12
"1921","060371154011","Block Group 1, Census Tract 1154.01, Los Angeles County, California",3009,389,0,12,0,12,0,12,0,12,0,12,0,12,0,12,0,12,185,94,73,75,23,37,43,41,29,29,0,12,0,12,0,12,37,31,27,45,0,12,30,47,0,12,0,12,0,12,0,12,3268,395,358,249,3268,395,7,12,111,93,139,63,27,45,3268,395,470,269,0,12,122,110,992,219,1583,360,0,12
"1922","060371154012","Block Group 2, Census Tract 1154.01, Los Angeles County, California",2982,545,12,18,0,12,14,25,0,12,0,12,0,12,18,27,0,12,145,112,76,78,12,18,0,12,34,42,0,12,35,38,17,25,0,12,0,12,7,13,0,12,0,12,0,12,9,14,9,14,3095,560,713,304,3105,564,29,39,102,80,249,138,0,12,3105,564,259,189,0,12,131,100,1021,347,1636,548,0,12
"1923","060371066431","Block Group 1, Census Tract 1066.43, Los Angeles County, California",2808,376,8,13,0,12,0,12,0,12,0,12,0,12,0,12,0,12,0,12,0,12,16,23,0,12,21,31,0,12,0,12,0,12,0,12,0,12,0,12,20,30,39,35,39,34,0,12,0,12,2957,366,15,22,2957,366,0,12,30,34,9,18,0,12,2957,366,857,231,0,12,27,29,1674,308,361,209,0,12
"1924","060371066432","Block Group 2, Census Tract 1066.43, Los Angeles County, California",738,220,0,12,0,12,0,12,0,12,0,12,0,12,0,12,0,12,16,25,0,12,0,12,0,12,0,12,0,12,0,12,0,12,0,12,0,12,0,12,0,12,0,12,0,12,0,12,0,12,755,227,43,54,755,227,0,12,0,12,21,25,0,12,755,227,74,53,0,12,55,82,517,171,80,77,0,12
"1925","060375762001","Block Group 1, Census Tract 5762, Los Angeles County, California",887,307,0,12,0,12,0,12,0,12,0,12,0,12,0,12,0,12,56,70,80,67,0,12,0,12,0,12,0,12,0,12,0,12,0,12,0,12,0,12,0,12,0,12,0,12,0,12,0,12,948,335,573,306,948,335,0,12,21,33,160,123,0,12,948,335,36,58,0,12,253,210,256,186,403,236,0,12
"1926","060374803031","Block Group 1, Census Tract 4803.03, Los Angeles County, California",1225,233,0,12,0,12,0,12,0,12,0,12,0,12,0,12,0,12,11,18,0,12,0,12,0,12,76,57,0,12,0,12,0,12,0,12,40,62,0,12,0,12,83,59,3,9,0,12,0,12,1298,249,153,92,1298,249,7,11,54,52,61,47,34,39,1298,249,686,213,0,12,17,19,124,84,459,204,0,12
"1927","060374636022","Block Group 2, Census Tract 4636.02, Los Angeles County, California",2358,361,0,12,0,12,0,12,0,12,0,12,0,12,0,12,0,12,0,12,0,12,0,12,0,12,28,44,0,12,0,12,0,12,20,29,0,12,38,61,0,12,114,89,0,12,0,12,0,12,2537,386,416,145,2537,386,0,12,0,12,0,12,0,12,2537,386,656,253,0,12,364,282,1013,258,404,241,0,12
"1928","060375762005","Block Group 5, Census Tract 5762, Los Angeles County, California",1298,390,0,12,0,12,0,12,0,12,0,12,0,12,0,12,0,12,54,63,0,12,0,12,0,12,0,12,0,12,0,12,0,12,0,12,0,12,0,12,0,12,0,12,0,12,0,12,0,12,1349,403,237,127,1336,399,0,12,79,90,49,61,0,12,1349,403,111,105,0,12,146,104,668,259,333,238,0,12
"1929","060375762003","Block Group 3, Census Tract 5762, Los Angeles County, California",1015,264,0,12,0,12,0,12,0,12,0,12,0,12,0,12,0,12,58,81,0,12,0,12,0,12,0,12,0,12,0,12,0,12,29,34,14,24,0,12,0,12,0,12,0,12,0,12,0,12,1275,452,572,409,1275,452,27,43,13,21,71,89,15,24,1275,452,46,54,38,61,396,214,250,134,545,397,0,12
"1930","060375762004","Block Group 4, Census Tract 5762, Los Angeles County, California",813,324,0,12,0,12,0,12,0,12,0,12,0,12,0,12,0,12,50,72,0,12,0,12,0,12,0,12,0,12,0,12,0,12,0,12,0,12,0,12,0,12,0,12,0,12,0,12,0,12,813,324,185,123,813,324,18,29,104,106,105,148,0,12,813,324,40,35,0,12,29,34,179,108,339,274,0,12
"1931","060375771003","Block Group 3, Census Tract 5771, Los Angeles County, California",642,184,0,12,0,12,0,12,0,12,0,12,0,12,0,12,0,12,0,12,0,12,0,12,0,12,0,12,0,12,0,12,0,12,0,12,0,12,0,12,0,12,0,12,0,12,0,12,0,12,688,211,0,12,688,211,0,12,14,23,0,12,0,12,688,211,171,195,0,12,0,12,476,178,41,47,0,12
"1932","060375771001","Block Group 1, Census Tract 5771, Los Angeles County, California",1451,428,0,12,0,12,0,12,0,12,0,12,0,12,0,12,0,12,0,12,0,12,0,12,0,12,0,12,0,12,0,12,0,12,14,22,0,12,5,10,0,12,0,12,0,12,0,12,0,12,1481,474,28,33,1481,474,0,12,13,21,20,30,0,12,1568,493,93,98,0,12,52,64,1031,364,350,261,0,12
"1933","060375771002","Block Group 2, Census Tract 5771, Los Angeles County, California",1472,430,0,12,0,12,0,12,0,12,0,12,0,12,0,12,0,12,0,12,0,12,0,12,0,12,0,12,0,12,0,12,0,12,0,12,0,12,0,12,0,12,0,12,0,12,0,12,0,12,1538,449,35,55,1538,449,0,12,58,91,0,12,0,12,1538,449,140,131,0,12,67,61,835,231,329,311,0,12
"1934","060375771005","Block Group 5, Census Tract 5771, Los Angeles County, California",1649,538,0,12,0,12,0,12,0,12,0,12,0,12,0,12,0,12,0,12,0,12,0,12,0,12,0,12,0,12,0,12,0,12,0,12,0,12,0,12,0,12,0,12,0,12,0,12,0,12,1753,546,381,268,1799,564,0,12,0,12,0,12,0,12,1799,564,111,125,0,12,191,163,784,294,680,409,0,12
"1935","060375771004","Block Group 4, Census Tract 5771, Los Angeles County, California",1432,380,0,12,0,12,0,12,0,12,0,12,0,12,0,12,0,12,24,40,0,12,0,12,0,12,0,12,0,12,0,12,0,12,26,42,0,12,0,12,0,12,0,12,0,12,0,12,0,12,1592,455,94,65,1592,455,0,12,49,49,0,12,0,12,1592,455,80,89,0,12,167,261,757,197,504,309,0,12
"1936","060375772002","Block Group 2, Census Tract 5772, Los Angeles County, California",1252,339,0,12,0,12,0,12,0,12,0,12,0,12,0,12,0,12,20,31,0,12,0,12,0,12,0,12,0,12,0,12,0,12,0,12,0,12,0,12,0,12,0,12,0,12,19,32,0,12,1304,361,49,48,1304,361,0,12,52,52,42,45,0,12,1304,361,54,88,0,12,163,174,633,227,435,258,0,12
"1937","060375772001","Block Group 1, Census Tract 5772, Los Angeles County, California",1309,354,0,12,0,12,0,12,0,12,0,12,0,12,0,12,0,12,0,12,0,12,0,12,0,12,0,12,0,12,0,12,0,12,0,12,0,12,0,12,0,12,0,12,0,12,0,12,0,12,1309,354,214,246,1309,354,0,12,0,12,12,21,0,12,1309,354,42,31,0,12,10,16,995,291,262,170,0,12
"1938","060375772004","Block Group 4, Census Tract 5772, Los Angeles County, California",1894,368,0,12,0,12,0,12,0,12,0,12,0,12,0,12,0,12,14,25,0,12,0,12,0,12,40,65,0,12,0,12,0,12,0,12,0,12,0,12,0,12,0,12,0,12,0,12,0,12,1894,368,247,152,1894,368,0,12,0,12,99,102,0,12,1894,368,97,122,0,12,171,177,1165,314,439,197,0,12
"1939","060375772003","Block Group 3, Census Tract 5772, Los Angeles County, California",1305,359,0,12,0,12,0,12,0,12,0,12,0,12,0,12,0,12,0,12,0,12,0,12,0,12,0,12,2,5,0,12,0,12,0,12,0,12,0,12,0,12,0,12,0,12,0,12,0,12,1341,365,55,49,1341,365,0,12,0,12,88,133,0,12,1341,365,133,98,0,12,62,61,892,303,189,126,0,12
"1940","060376005011","Block Group 1, Census Tract 6005.01, Los Angeles County, California",1298,241,5,9,0,12,0,12,0,12,0,12,0,12,0,12,0,12,17,14,0,12,0,12,0,12,0,12,0,12,0,12,0,12,0,12,4,6,0,12,0,12,5,7,0,12,0,12,0,12,1376,264,118,75,1376,264,0,12,20,18,25,21,0,12,1376,264,49,49,0,12,937,233,38,33,321,128,0,12
"1941","060376005012","Block Group 2, Census Tract 6005.01, Los Angeles County, California",1270,250,0,12,6,8,0,12,0,12,0,12,0,12,0,12,0,12,6,11,14,14,0,12,0,12,0,12,0,12,0,12,0,12,0,12,19,30,0,12,0,12,0,12,0,12,0,12,0,12,1336,268,86,73,1336,268,53,57,34,33,16,26,0,12,1336,268,0,12,0,12,964,225,0,12,317,177,0,12
"1942","060372623021","Block Group 1, Census Tract 2623.02, Los Angeles County, California",1456,243,0,12,0,12,0,12,0,12,0,12,0,12,0,12,0,12,0,12,0,12,0,12,0,12,0,12,0,12,0,12,0,12,0,12,0,12,0,12,0,12,0,12,0,12,0,12,0,12,1525,266,55,47,1525,266,0,12,7,11,0,12,0,12,1525,266,76,80,0,12,13,20,1267,240,140,77,0,12
"1943","060372623022","Block Group 2, Census Tract 2623.02, Los Angeles County, California",1282,228,0,12,0,12,0,12,0,12,0,12,0,12,0,12,0,12,0,12,0,12,0,12,0,12,0,12,0,12,0,12,0,12,0,12,0,12,0,12,0,12,0,12,0,12,0,12,0,12,1320,236,146,83,1320,236,0,12,0,12,10,16,0,12,1320,236,110,92,0,12,0,12,1078,182,90,71,0,12
"1944","060372655201","Block Group 1, Census Tract 2655.20, Los Angeles County, California",994,325,0,12,0,12,0,12,0,12,0,12,0,12,0,12,0,12,0,12,0,12,0,12,0,12,0,12,0,12,0,12,0,12,0,12,0,12,0,12,0,12,0,12,0,12,0,12,0,12,1025,324,81,106,1025,324,0,12,0,12,17,28,0,12,1025,324,21,34,0,12,0,12,889,291,65,59,0,12
"1945","060372655202","Block Group 2, Census Tract 2655.20, Los Angeles County, California",987,279,0,12,0,12,0,12,0,12,0,12,0,12,0,12,0,12,0,12,0,12,57,88,0,12,0,12,0,12,0,12,0,12,0,12,0,12,0,12,0,12,0,12,0,12,0,12,0,12,1012,287,85,81,1012,287,0,12,0,12,0,12,0,12,1012,287,130,122,0,12,95,121,562,182,0,12,0,12
"1946","060371437002","Block Group 2, Census Tract 1437, Los Angeles County, California",1687,302,0,12,0,12,0,12,0,12,0,12,0,12,0,12,0,12,0,12,0,12,0,12,0,12,0,12,0,12,0,12,0,12,0,12,0,12,0,12,0,12,0,12,0,12,0,12,0,12,1791,344,113,78,1791,344,0,12,10,15,88,75,0,12,1791,344,123,76,0,12,26,28,1393,341,50,39,0,12
"1947","060371815001","Block Group 1, Census Tract 1815, Los Angeles County, California",1170,237,0,12,0,12,0,12,0,12,0,12,0,12,0,12,0,12,0,12,0,12,0,12,0,12,14,17,0,12,0,12,0,12,0,12,0,12,0,12,0,12,20,25,0,12,0,12,0,12,1172,238,28,26,1182,238,10,18,22,25,22,25,0,12,1182,238,240,145,64,84,0,12,566,168,282,211,0,12
"1948","060371838202","Block Group 2, Census Tract 1838.20, Los Angeles County, California",1638,288,5,9,0,12,11,17,0,12,0,12,0,12,0,12,0,12,177,96,39,44,0,12,0,12,0,12,0,12,0,12,0,12,17,31,0,12,0,12,0,12,0,12,0,12,0,12,0,12,1706,305,343,188,1706,305,9,16,120,72,151,90,0,12,1706,305,68,57,0,12,59,79,204,178,1327,307,14,23
"1949","060371896002","Block Group 2, Census Tract 1896, Los Angeles County, California",1319,353,0,12,0,12,0,12,0,12,0,12,0,12,0,12,0,12,0,12,0,12,0,12,0,12,30,46,0,12,0,12,0,12,15,24,0,12,0,12,0,12,0,12,0,12,0,12,0,12,1355,361,194,110,1355,361,0,12,109,106,77,64,0,12,1355,361,93,80,0,12,65,84,911,287,250,153,0,12
"1950","060371896003","Block Group 3, Census Tract 1896, Los Angeles County, California",829,199,0,12,0,12,0,12,0,12,0,12,0,12,0,12,0,12,0,12,0,12,0,12,0,12,0,12,0,12,0,12,0,12,0,12,0,12,0,12,0,12,0,12,0,12,0,12,0,12,844,207,17,27,844,207,0,12,0,12,0,12,0,12,844,207,101,60,0,12,14,21,606,158,66,52,0,12
"1951","060375030001","Block Group 1, Census Tract 5030, Los Angeles County, California",802,298,0,12,0,12,0,12,0,12,0,12,0,12,0,12,0,12,41,41,0,12,0,12,0,12,0,12,0,12,0,12,0,12,0,12,0,12,0,12,0,12,0,12,0,12,0,12,0,12,812,304,45,57,812,304,0,12,38,54,44,53,0,12,812,304,0,12,0,12,0,12,136,137,487,223,175,245
"1952","060375030003","Block Group 3, Census Tract 5030, Los Angeles County, California",2206,374,0,12,0,12,0,12,0,12,0,12,0,12,0,12,0,12,153,79,107,101,0,12,0,12,0,12,0,12,0,12,0,12,50,59,10,17,0,12,0,12,0,12,0,12,0,12,0,12,2673,379,675,414,2714,408,84,105,124,103,185,155,0,12,2714,408,49,84,0,12,0,12,112,136,2538,411,0,12
"1953","060375033014","Block Group 4, Census Tract 5033.01, Los Angeles County, California",656,293,0,12,0,12,0,12,0,12,0,12,0,12,0,12,0,12,0,12,0,12,0,12,0,12,0,12,0,12,0,12,0,12,0,12,0,12,0,12,0,12,0,12,0,12,0,12,0,12,657,294,38,44,662,294,0,12,17,20,27,41,0,12,662,294,0,12,0,12,0,12,160,83,502,291,0,12
"1954","060375033013","Block Group 3, Census Tract 5033.01, Los Angeles County, California",704,231,0,12,0,12,0,12,0,12,0,12,0,12,0,12,0,12,12,19,0,12,0,12,0,12,0,12,0,12,0,12,0,12,0,12,0,12,0,12,0,12,16,28,0,12,0,12,0,12,731,235,94,95,731,235,11,17,0,12,0,12,16,28,731,235,84,121,0,12,0,12,191,114,449,224,0,12
"1955","060375033011","Block Group 1, Census Tract 5033.01, Los Angeles County, California",699,224,0,12,0,12,0,12,0,12,0,12,0,12,0,12,0,12,0,12,0,12,0,12,0,12,0,12,0,12,0,12,0,12,0,12,0,12,0,12,0,12,0,12,0,12,0,12,0,12,844,250,0,12,844,250,9,16,11,20,0,12,0,12,844,250,38,61,0,12,25,46,183,127,562,224,0,12
"1956","060375040012","Block Group 2, Census Tract 5040.01, Los Angeles County, California",3554,394,0,12,0,12,0,12,0,12,0,12,0,12,0,12,0,12,78,79,0,12,0,12,0,12,27,22,0,12,0,12,0,12,0,12,10,17,0,12,0,12,10,16,0,12,0,12,0,12,1294,235,158,112,3601,404,53,50,44,34,49,44,0,12,3609,407,664,114,6,11,83,49,1760,236,941,245,0,12
"1957","060373111001","Block Group 1, Census Tract 3111, Los Angeles County, California",1551,276,0,12,0,12,0,12,0,12,0,12,0,12,0,12,0,12,26,25,0,12,0,12,0,12,6,10,0,12,0,12,0,12,25,38,0,12,0,12,0,12,0,12,0,12,0,12,0,12,1703,313,195,175,1721,315,31,41,73,89,24,26,0,12,1721,315,372,208,0,12,8,14,558,198,632,229,120,173
"1958","060374003043","Block Group 3, Census Tract 4003.04, Los Angeles County, California",1585,564,0,12,0,12,0,12,0,12,0,12,0,12,0,12,0,12,0,12,0,12,0,12,0,12,0,12,0,12,0,12,0,12,0,12,0,12,0,12,0,12,0,12,0,12,0,12,0,12,1646,569,255,359,1646,569,31,35,87,86,18,30,0,12,1646,569,481,381,0,12,0,12,652,271,426,382,0,12
"1959","060374003042","Block Group 2, Census Tract 4003.04, Los Angeles County, California",1688,501,21,35,0,12,0,12,0,12,0,12,0,12,0,12,0,12,12,18,0,12,0,12,0,12,0,12,0,12,0,12,0,12,21,32,0,12,24,37,0,12,6,13,0,12,0,12,0,12,1569,482,128,89,1611,510,0,12,22,35,68,88,27,44,1711,511,397,261,0,12,11,13,396,174,761,435,103,146
"1960","060372941101","Block Group 1, Census Tract 2941.10, Los Angeles County, California",1712,434,0,12,0,12,0,12,0,12,0,12,0,12,0,12,0,12,100,74,34,54,0,12,0,12,0,12,0,12,0,12,0,12,54,62,0,12,0,12,0,12,0,12,0,12,0,12,0,12,1793,423,149,129,1793,423,0,12,0,12,76,107,0,12,1793,423,0,12,23,28,0,12,105,60,1590,393,0,12
"1961","060372963002","Block Group 2, Census Tract 2963, Los Angeles County, California",3318,356,10,17,0,12,0,12,0,12,15,22,0,12,0,12,0,12,0,12,0,12,0,12,0,12,16,26,0,12,0,12,0,12,7,11,0,12,0,12,0,12,0,12,0,12,0,12,0,12,3675,380,510,206,3620,392,0,12,69,77,45,35,0,12,3675,380,986,363,0,12,373,223,1621,343,635,232,0,12
"1962","060372970005","Block Group 5, Census Tract 2970, Los Angeles County, California",891,237,0,12,0,12,0,12,0,12,0,12,0,12,0,12,0,12,0,12,0,12,0,12,0,12,0,12,0,12,0,12,0,12,0,12,0,12,0,12,0,12,0,12,0,12,0,12,0,12,942,245,53,52,942,245,0,12,0,12,0,12,0,12,942,245,0,12,0,12,0,12,435,154,473,245,0,12
"1963","060372970001","Block Group 1, Census Tract 2970, Los Angeles County, California",1087,312,0,12,0,12,0,12,0,12,0,12,0,12,0,12,0,12,0,12,0,12,0,12,0,12,0,12,0,12,0,12,0,12,0,12,0,12,0,12,0,12,0,12,0,12,0,12,0,12,1139,344,0,12,1139,344,57,90,16,26,78,68,0,12,1139,344,38,45,0,12,195,214,636,210,129,174,0,12
"1964","060372970004","Block Group 4, Census Tract 2970, Los Angeles County, California",1236,360,0,12,0,12,0,12,0,12,0,12,0,12,0,12,0,12,0,12,0,12,0,12,0,12,0,12,0,12,0,12,0,12,0,12,0,12,0,12,0,12,0,12,0,12,0,12,0,12,1357,445,31,39,1357,445,0,12,7,17,16,29,0,12,1357,445,38,78,0,12,74,78,646,190,546,397,0,12
"1965","060376009111","Block Group 1, Census Tract 6009.11, Los Angeles County, California",1111,244,0,12,0,12,0,12,0,12,0,12,0,12,0,12,0,12,52,44,28,25,0,12,0,12,0,12,0,12,0,12,0,12,0,12,0,12,0,12,0,12,0,12,0,12,0,12,0,12,1124,247,199,128,1124,247,0,12,34,30,58,49,0,12,1124,247,0,12,0,12,329,167,77,64,708,207,0,12
"1966","060376009112","Block Group 2, Census Tract 6009.11, Los Angeles County, California",1951,301,0,12,0,12,0,12,0,12,0,12,0,12,0,12,0,12,42,37,53,35,0,12,0,12,0,12,0,12,0,12,0,12,8,12,10,15,0,12,0,12,0,12,0,12,0,12,0,12,2022,326,172,138,2022,326,0,12,46,43,100,73,0,12,2022,326,0,12,0,12,720,174,241,67,957,264,0,12
"1967","060372118041","Block Group 1, Census Tract 2118.04, Los Angeles County, California",856,241,0,12,0,12,0,12,0,12,0,12,0,12,0,12,0,12,33,38,33,54,0,12,0,12,90,81,0,12,0,12,0,12,0,12,0,12,10,15,0,12,26,45,126,126,0,12,0,12,892,260,262,214,892,260,18,27,53,67,119,112,0,12,901,259,691,277,0,12,1,2,60,61,119,120,2,4
"1968","060371319001","Block Group 1, Census Tract 1319, Los Angeles County, California",1138,395,0,12,0,12,0,12,0,12,0,12,0,12,0,12,0,12,46,44,0,12,0,12,0,12,8,14,0,12,0,12,0,12,0,12,38,56,0,12,0,12,0,12,0,12,0,12,0,12,1176,412,27,30,1176,412,0,12,0,12,0,12,0,12,1176,412,63,63,0,12,184,278,442,209,464,365,0,12
"1969","060371319003","Block Group 3, Census Tract 1319, Los Angeles County, California",1126,255,18,27,0,12,0,12,0,12,0,12,0,12,0,12,0,12,39,34,0,12,0,12,0,12,0,12,0,12,0,12,0,12,10,19,13,21,0,12,0,12,0,12,0,12,0,12,0,12,1221,275,32,35,1221,275,0,12,19,31,32,38,0,12,1221,275,60,68,0,12,34,44,624,202,443,240,0,12
"1970","060371323002","Block Group 2, Census Tract 1323, Los Angeles County, California",1366,419,0,12,0,12,0,12,0,12,0,12,0,12,0,12,0,12,45,69,0,12,16,26,0,12,18,32,0,12,0,12,0,12,0,12,0,12,0,12,0,12,0,12,13,22,0,12,0,12,1382,429,0,12,1382,429,0,12,0,12,10,16,0,12,1382,429,124,127,0,12,0,12,481,232,777,379,0,12
"1971","060371323001","Block Group 1, Census Tract 1323, Los Angeles County, California",3182,666,0,12,0,12,0,12,0,12,0,12,0,12,0,12,0,12,194,148,0,12,94,94,48,75,58,42,0,12,0,12,0,12,18,28,0,12,119,69,40,65,74,70,17,28,0,12,0,12,3460,738,702,368,3460,738,0,12,138,118,244,125,0,12,3460,738,924,585,0,12,30,46,882,310,1470,494,100,126
"1972","060371323003","Block Group 3, Census Tract 1323, Los Angeles County, California",2958,739,0,12,0,12,0,12,0,12,0,12,0,12,0,12,0,12,512,221,329,288,10,17,0,12,15,24,0,12,8,14,0,12,0,12,46,72,11,17,0,12,0,12,0,12,0,12,0,12,3020,740,830,613,3070,759,0,12,277,183,348,225,0,12,3070,759,163,103,0,12,27,32,231,125,2649,804,0,12
"1973","060372624001","Block Group 1, Census Tract 2624, Los Angeles County, California",845,212,0,12,0,12,0,12,0,12,0,12,0,12,0,12,0,12,0,12,0,12,0,12,0,12,0,12,0,12,0,12,0,12,0,12,0,12,0,12,0,12,0,12,0,12,0,12,0,12,890,223,11,8,890,223,0,12,0,12,0,12,0,12,890,223,43,45,0,12,7,9,799,212,15,19,11,15
"1974","060372624002","Block Group 2, Census Tract 2624, Los Angeles County, California",2030,338,0,12,0,12,0,12,0,12,0,12,0,12,0,12,0,12,0,12,0,12,0,12,0,12,0,12,0,12,0,12,0,12,0,12,0,12,0,12,0,12,0,12,0,12,0,12,0,12,2169,358,84,84,2169,358,0,12,44,69,9,14,0,12,2169,358,100,65,0,12,77,121,1886,351,58,43,0,12
"1975","060372651001","Block Group 1, Census Tract 2651, Los Angeles County, California",1271,244,0,12,0,12,0,12,0,12,0,12,0,12,0,12,0,12,0,12,0,12,0,12,0,12,0,12,0,12,0,12,0,12,0,12,0,12,0,12,0,12,0,12,0,12,0,12,0,12,1284,249,90,68,1273,245,0,12,0,12,22,25,0,12,1284,249,56,60,0,12,9,19,1093,266,66,64,0,12
"1976","060372651002","Block Group 2, Census Tract 2651, Los Angeles County, California",1107,213,0,12,0,12,0,12,0,12,0,12,0,12,0,12,0,12,0,12,0,12,0,12,0,12,0,12,0,12,0,12,0,12,0,12,0,12,0,12,0,12,0,12,0,12,0,12,0,12,1170,245,40,47,1170,245,0,12,0,12,0,12,0,12,1170,245,18,29,0,12,19,26,1068,258,65,67,0,12
"1977","060372653011","Block Group 1, Census Tract 2653.01, Los Angeles County, California",11977,486,0,19,0,19,0,19,0,19,0,19,0,19,0,19,0,19,0,19,0,19,0,19,0,19,34,31,0,19,0,19,0,19,0,19,0,19,0,19,0,19,0,19,0,19,0,19,0,19,0,19,0,19,11977,486,16,21,48,41,0,19,0,19,11977,486,4808,364,19,24,486,118,3160,298,2687,275,17,21
"1978","060375307001","Block Group 1, Census Tract 5307, Los Angeles County, California",2052,157,12,17,0,12,0,12,0,12,0,12,0,12,0,12,0,12,268,71,112,60,5,9,0,12,6,9,4,7,0,12,0,12,81,48,67,47,0,12,0,12,4,7,0,12,0,12,0,12,2137,164,339,172,2137,164,34,38,107,56,112,67,6,10,2157,163,39,27,0,12,0,12,67,34,2047,169,0,12
"1979","060375313011","Block Group 1, Census Tract 5313.01, Los Angeles County, California",1161,359,0,12,0,12,0,12,0,12,0,12,0,12,0,12,0,12,206,163,114,62,0,12,0,12,0,12,0,12,0,12,0,12,19,29,44,57,0,12,0,12,0,12,0,12,0,12,0,12,1185,363,407,217,1206,374,0,12,50,49,140,104,0,12,1206,374,0,12,0,12,19,29,12,19,1175,372,0,12
"1980","060375313013","Block Group 3, Census Tract 5313.01, Los Angeles County, California",1346,330,16,25,0,12,0,12,0,12,0,12,0,12,0,12,0,12,296,115,56,47,0,12,0,12,0,12,0,12,0,12,0,12,17,16,94,57,0,12,0,12,0,12,5,10,0,12,0,12,1315,355,477,288,1315,355,16,27,102,111,82,67,0,12,1425,349,7,12,0,12,8,6,22,18,1385,352,0,12
"1981","060375313012","Block Group 2, Census Tract 5313.01, Los Angeles County, California",609,247,0,12,0,12,0,12,0,12,0,12,0,12,0,12,0,12,105,70,40,36,7,11,0,12,0,12,0,12,0,12,0,12,16,26,17,28,0,12,0,12,0,12,0,12,0,12,0,12,647,256,68,59,647,256,0,12,0,12,61,60,0,12,647,256,34,59,0,12,0,12,0,12,613,249,0,12
"1982","060375315023","Block Group 3, Census Tract 5315.02, Los Angeles County, California",845,313,26,32,12,20,0,12,0,12,0,12,0,12,0,12,0,12,96,68,87,82,0,12,0,12,0,12,0,12,0,12,0,12,18,20,0,12,0,12,0,12,0,12,0,12,0,12,0,12,926,363,232,172,939,358,0,12,7,10,20,30,0,12,939,358,0,12,0,12,0,12,0,12,939,358,0,12
"1983","060375315024","Block Group 4, Census Tract 5315.02, Los Angeles County, California",681,266,16,16,0,12,0,12,0,12,0,12,0,12,0,12,0,12,132,71,51,65,0,12,0,12,0,12,0,12,0,12,0,12,48,47,0,12,0,12,0,12,0,12,0,12,0,12,0,12,725,274,239,185,725,274,65,97,33,34,105,87,0,12,725,274,0,12,0,12,0,12,19,29,706,273,0,12
"1984","060376705001","Block Group 1, Census Tract 6705, Los Angeles County, California",1492,134,0,12,0,12,0,12,0,12,0,12,0,12,0,12,0,12,0,12,0,12,3,4,0,12,22,18,0,12,0,12,0,12,0,12,0,12,3,4,0,12,2,4,0,12,0,12,0,12,1513,138,25,14,1513,138,0,12,12,12,17,12,4,5,1513,138,236,53,0,12,22,25,1079,123,88,54,0,12
"1985","060377012022","Block Group 2, Census Tract 7012.02, Los Angeles County, California",1507,246,0,12,0,12,0,12,0,12,0,12,0,12,0,12,0,12,0,12,0,12,0,12,0,12,0,12,0,12,0,12,0,12,0,12,0,12,9,14,0,12,0,12,0,12,0,12,0,12,1728,326,61,34,1728,326,0,12,27,35,18,28,0,12,1728,326,132,87,0,12,69,99,1409,260,72,50,0,12
"1986","060377012021","Block Group 1, Census Tract 7012.02, Los Angeles County, California",1552,231,0,12,0,12,0,12,0,12,0,12,0,12,0,12,0,12,0,12,0,12,0,12,0,12,0,12,0,12,0,12,0,12,0,12,0,12,10,15,0,12,0,12,0,12,0,12,0,12,1645,253,77,47,1653,254,0,12,0,12,46,58,0,12,1653,254,194,129,0,12,42,32,1260,200,104,56,0,12
"1987","060377023003","Block Group 3, Census Tract 7023, Los Angeles County, California",992,239,0,12,0,12,0,12,0,12,0,12,0,12,0,12,0,12,0,12,0,12,0,12,0,12,0,12,0,12,0,12,0,12,0,12,0,12,0,12,0,12,0,12,0,12,0,12,0,12,1107,295,102,133,1107,295,0,12,45,73,0,12,0,12,1107,295,40,47,0,12,17,27,716,250,125,87,0,12
"1988","060377023001","Block Group 1, Census Tract 7023, Los Angeles County, California",1358,378,0,12,0,12,0,12,0,12,0,12,0,12,0,12,0,12,0,12,0,12,15,24,0,12,0,12,0,12,19,31,0,12,0,12,0,12,0,12,0,12,0,12,0,12,0,12,0,12,1414,381,80,56,1414,381,0,12,18,26,66,77,0,12,1414,381,147,122,0,12,0,12,773,259,381,228,0,12
"1989","060377023004","Block Group 4, Census Tract 7023, Los Angeles County, California",1141,346,0,12,0,12,0,12,0,12,0,12,0,12,0,12,0,12,0,12,0,12,0,12,0,12,0,12,0,12,2,36,0,12,7,16,0,12,0,12,0,12,0,12,14,21,0,12,0,12,1088,348,162,221,1088,348,0,12,0,12,0,12,0,12,1154,346,121,66,0,12,94,119,661,216,188,130,0,12
"1990","060377030021","Block Group 1, Census Tract 7030.02, Los Angeles County, California",877,252,0,12,0,12,0,12,0,12,0,12,0,12,0,12,0,12,0,12,0,12,0,12,0,12,0,12,0,12,0,12,0,12,0,12,0,12,0,12,0,12,0,12,0,12,0,12,0,12,938,276,88,93,938,276,36,53,0,12,97,94,0,12,938,276,0,12,0,12,512,201,268,158,106,140,0,12
"1991","060377030024","Block Group 4, Census Tract 7030.02, Los Angeles County, California",1598,423,0,12,0,12,0,12,0,12,0,12,0,12,0,12,0,12,0,12,0,12,0,12,0,12,0,12,0,12,0,12,0,12,0,12,0,12,0,12,0,12,0,12,0,12,0,12,0,12,1581,414,127,110,1616,423,17,28,2,4,0,12,0,12,1621,423,48,57,0,12,1136,391,271,151,84,95,0,12
"1992","060378002021","Block Group 1, Census Tract 8002.02, Los Angeles County, California",1318,471,0,12,0,12,0,12,0,12,0,12,0,12,0,12,0,12,0,12,0,12,0,12,0,12,0,12,0,12,0,12,0,12,0,12,0,12,0,12,0,12,0,12,0,12,0,12,0,12,1343,455,140,207,1343,455,0,12,0,12,65,91,0,12,1343,455,33,34,0,12,0,12,1084,341,226,232,0,12
"1993","060379003001","Block Group 1, Census Tract 9003, Los Angeles County, California",5315,538,0,17,0,17,0,17,0,17,0,17,0,17,0,17,0,17,148,103,0,17,0,17,0,17,0,17,0,17,0,17,0,17,46,51,0,17,0,17,0,17,0,17,22,35,0,17,0,17,4711,520,988,423,5613,538,21,28,115,71,50,44,0,17,5613,538,491,212,7,12,638,327,1683,339,2549,548,124,184
"1994","060375729001","Block Group 1, Census Tract 5729, Los Angeles County, California",1651,472,12,22,0,12,0,12,0,12,0,12,0,12,0,12,0,12,150,81,111,70,0,12,0,12,54,62,0,12,0,12,0,12,11,18,32,37,0,12,0,12,9,14,0,12,0,12,0,12,1768,498,200,121,1768,498,6,9,25,23,232,111,12,16,1768,498,241,159,0,12,61,122,16,17,1428,477,2,5
"1995","060375401013","Block Group 3, Census Tract 5401.01, Los Angeles County, California",1582,514,7,12,0,12,0,12,0,12,0,12,0,12,0,12,0,12,147,127,10,16,0,12,0,12,0,12,0,12,0,12,0,12,0,12,0,12,0,12,0,12,0,12,0,12,0,12,0,12,1821,591,16,24,1821,591,146,131,173,155,78,83,0,12,1821,591,0,12,0,12,45,64,47,63,1729,583,0,12
"1996","060375401012","Block Group 2, Census Tract 5401.01, Los Angeles County, California",1708,414,0,12,0,12,0,12,0,12,0,12,0,12,0,12,0,12,65,45,49,60,0,12,0,12,0,12,0,12,0,12,0,12,39,36,51,46,0,12,0,12,0,12,0,12,0,12,0,12,1886,484,360,279,1907,489,17,21,77,74,93,93,0,12,1907,489,0,12,0,12,248,199,87,115,1572,509,0,12
"1997","060375402012","Block Group 2, Census Tract 5402.01, Los Angeles County, California",1134,216,0,12,0,12,0,12,0,12,0,12,0,12,0,12,0,12,164,66,62,44,0,12,0,12,0,12,0,12,0,12,0,12,20,18,43,31,0,12,0,12,0,12,0,12,0,12,0,12,1264,254,127,135,1264,254,38,39,69,47,170,72,0,12,1264,254,0,12,0,12,0,12,0,12,1264,254,0,12
"1998","060375407001","Block Group 1, Census Tract 5407, Los Angeles County, California",980,264,0,12,15,24,0,12,0,12,0,12,0,12,0,12,0,12,163,99,36,35,0,12,0,12,0,12,0,12,0,12,0,12,0,12,0,12,0,12,0,12,0,12,0,12,0,12,0,12,1115,310,180,180,1115,310,108,139,82,57,97,60,0,12,1115,310,4,7,0,12,167,103,25,26,915,303,0,12
"1999","060375407002","Block Group 2, Census Tract 5407, Los Angeles County, California",973,249,6,10,0,12,0,12,0,12,0,12,0,12,0,12,0,12,139,132,8,15,0,12,0,12,0,12,0,12,0,12,0,12,7,11,0,12,0,12,0,12,0,12,0,12,0,12,0,12,940,289,174,137,972,286,32,49,28,45,152,112,0,12,1042,284,18,30,0,12,223,153,86,85,715,258,0,12
"2000","060374047021","Block Group 1, Census Tract 4047.02, Los Angeles County, California",2275,455,28,37,0,12,0,12,0,12,0,12,0,12,0,12,0,12,198,98,151,110,0,12,0,12,215,126,47,50,0,12,0,12,47,38,36,31,0,12,0,12,9,14,0,12,0,12,0,12,2416,492,457,435,2416,492,22,32,131,76,215,112,0,12,2416,492,566,304,0,12,23,36,152,198,1675,444,0,12
"2001","060376214004","Block Group 4, Census Tract 6214, Los Angeles County, California",1010,256,0,12,0,12,0,12,0,12,0,12,0,12,0,12,0,12,0,12,0,12,0,12,0,12,0,12,0,12,0,12,0,12,0,12,0,12,0,12,0,12,0,12,0,12,0,12,0,12,1035,249,10,15,1035,249,0,12,0,12,17,20,0,12,1035,249,15,20,0,12,0,12,827,219,175,108,0,12
"2002","060376501011","Block Group 1, Census Tract 6501.01, Los Angeles County, California",1565,440,0,12,0,12,0,12,0,12,0,12,0,12,0,12,0,12,10,18,0,12,0,12,0,12,35,42,0,12,0,12,0,12,23,38,0,12,0,12,0,12,23,37,29,48,0,12,0,12,1635,435,259,213,1635,435,14,23,0,12,87,91,21,35,1635,435,765,313,0,12,0,12,282,183,518,243,0,12
"2003","060375532002","Block Group 2, Census Tract 5532, Los Angeles County, California",852,277,0,12,0,12,0,12,0,12,0,12,0,12,0,12,0,12,55,50,0,12,0,12,0,12,0,12,0,12,0,12,0,12,52,74,60,64,0,12,0,12,0,12,0,12,0,12,0,12,892,283,17,29,892,283,0,12,0,12,0,12,0,12,892,283,0,12,0,12,106,148,134,85,642,275,0,12
"2004","060375532006","Block Group 6, Census Tract 5532, Los Angeles County, California",1015,353,0,12,0,12,0,12,0,12,0,12,0,12,0,12,0,12,17,27,0,12,0,12,0,12,0,12,0,12,0,12,0,12,0,12,0,12,0,12,0,12,0,12,0,12,0,12,0,12,1060,357,65,98,1060,357,38,55,84,122,0,12,0,12,1060,357,94,125,0,12,64,65,248,123,633,347,0,12
"2005","060375532001","Block Group 1, Census Tract 5532, Los Angeles County, California",1327,424,0,12,0,12,0,12,0,12,0,12,0,12,0,12,0,12,86,77,0,12,0,12,0,12,0,12,0,12,0,12,0,12,0,12,0,12,0,12,0,12,0,12,0,12,0,12,0,12,1431,495,160,140,1447,493,33,38,31,33,68,57,0,12,1447,493,213,224,0,12,57,49,227,146,950,498,0,12
"2006","060375532003","Block Group 3, Census Tract 5532, Los Angeles County, California",797,387,0,12,0,12,0,12,0,12,0,12,0,12,0,12,0,12,9,13,0,12,0,12,0,12,109,135,0,12,0,12,0,12,10,15,0,12,0,12,0,12,0,12,41,51,0,12,0,12,868,415,32,34,868,415,0,12,23,35,0,12,0,12,868,415,211,262,0,12,190,204,59,33,408,261,0,12
"2007","060375532007","Block Group 7, Census Tract 5532, Los Angeles County, California",1013,309,0,12,0,12,0,12,0,12,0,12,0,12,0,12,0,12,32,41,0,12,0,12,0,12,0,12,0,12,0,12,0,12,7,12,0,12,0,12,0,12,0,12,0,12,0,12,0,12,1053,338,71,55,1053,338,59,94,62,83,12,14,0,12,1070,337,49,47,0,12,113,102,136,80,772,324,0,12
"2008","060375535022","Block Group 2, Census Tract 5535.02, Los Angeles County, California",2255,387,9,16,0,12,0,12,0,12,0,12,0,12,0,12,0,12,174,94,88,69,0,12,0,12,0,12,0,12,0,12,0,12,9,15,46,44,0,12,0,12,0,12,10,16,0,12,0,12,2307,392,214,124,2307,392,0,12,93,71,196,132,19,30,2307,392,107,119,0,12,178,132,18,31,1995,412,0,12
"2009","060375535021","Block Group 1, Census Tract 5535.02, Los Angeles County, California",1605,312,0,12,0,12,0,12,0,12,0,12,0,12,0,12,0,12,137,75,0,12,0,12,0,12,0,12,4,8,0,12,0,12,71,73,21,20,0,12,0,12,21,30,24,51,0,12,0,12,1704,353,341,267,1704,353,0,12,50,55,50,39,0,12,1759,358,169,116,0,12,366,258,355,210,822,294,0,12
"2010","060372657002","Block Group 2, Census Tract 2657, Los Angeles County, California",1332,305,0,12,0,12,0,12,0,12,10,17,0,12,0,12,0,12,0,12,0,12,9,17,0,12,9,17,0,12,0,12,0,12,0,12,0,12,14,23,0,12,0,12,0,12,0,12,0,12,1330,304,53,42,1350,305,0,12,0,12,12,19,0,12,1350,305,68,66,0,12,51,62,858,218,132,104,0,12
"2011","060372657003","Block Group 3, Census Tract 2657, Los Angeles County, California",1185,221,0,12,0,12,0,12,0,12,0,12,0,12,0,12,0,12,0,12,0,12,0,12,0,12,0,12,17,25,0,12,0,12,29,43,0,12,41,48,0,12,0,12,0,12,0,12,0,12,1315,293,235,138,1315,293,0,12,13,21,18,30,0,12,1315,293,241,127,0,12,0,12,874,294,83,79,0,12
"2012","060372657001","Block Group 1, Census Tract 2657, Los Angeles County, California",1831,298,0,12,0,12,0,12,0,12,0,12,0,12,0,12,0,12,36,62,0,12,0,12,0,12,0,12,0,12,0,12,0,12,0,12,0,12,77,93,19,26,0,12,0,12,0,12,0,12,1971,325,229,177,1971,325,0,12,51,59,102,97,0,12,1971,325,49,48,0,12,20,32,1707,284,161,132,0,12
"2013","060372673001","Block Group 1, Census Tract 2673, Los Angeles County, California",1186,295,0,12,0,12,0,12,0,12,0,12,0,12,0,12,0,12,0,12,0,12,43,64,0,12,42,56,0,12,0,12,0,12,5,12,0,12,42,66,4,9,4,9,0,12,0,12,0,12,1119,297,221,175,1119,297,0,12,40,39,42,56,0,12,1205,298,411,201,0,12,41,49,590,222,154,141,0,12
"2014","060372673002","Block Group 2, Census Tract 2673, Los Angeles County, California",2941,400,0,12,0,12,0,12,0,12,0,12,0,12,0,12,0,12,0,12,17,34,0,12,0,12,30,46,0,12,39,33,0,12,0,12,0,12,19,30,90,139,0,12,0,12,0,12,0,12,3030,441,414,242,3030,441,0,12,90,75,58,75,0,12,3030,441,693,248,0,12,177,191,1425,369,584,246,0,12
"2015","060372675022","Block Group 2, Census Tract 2675.02, Los Angeles County, California",2117,321,0,12,0,12,0,12,0,12,0,12,0,12,0,12,0,12,26,29,25,42,0,12,0,12,20,30,0,12,0,12,0,12,0,12,14,22,10,17,0,12,44,41,0,12,0,12,0,12,2242,324,294,206,2242,324,0,12,239,140,15,26,0,12,2242,324,298,105,0,12,67,70,992,271,712,255,10,16
"2016","060372675021","Block Group 1, Census Tract 2675.02, Los Angeles County, California",1351,291,0,12,0,12,0,12,0,12,0,12,0,12,0,12,0,12,20,50,19,47,0,12,0,12,0,12,0,12,0,12,0,12,0,12,0,12,0,12,0,12,0,12,0,12,0,12,0,12,1390,306,92,68,1382,305,0,12,28,50,32,39,0,12,1390,306,371,204,0,12,0,12,755,221,202,179,10,16
"2017","060372677001","Block Group 1, Census Tract 2677, Los Angeles County, California",1614,252,0,12,0,12,0,12,0,12,0,12,0,12,0,12,0,12,77,54,0,12,0,12,0,12,8,14,0,12,0,12,0,12,11,18,56,50,0,12,0,12,9,16,0,12,0,12,0,12,1628,247,101,60,1640,254,0,12,86,62,88,61,36,51,1640,254,436,131,0,12,34,41,693,151,429,157,0,12
"2018","060372702002","Block Group 2, Census Tract 2702, Los Angeles County, California",871,317,0,12,0,12,0,12,0,12,0,12,0,12,0,12,0,12,19,21,9,14,0,12,0,12,11,18,0,12,0,12,0,12,0,12,0,12,0,12,0,12,37,46,0,12,0,12,0,12,885,322,135,127,885,322,0,12,129,93,63,50,0,12,885,322,121,84,0,12,47,51,349,261,360,152,0,12
"2019","060372712002","Block Group 2, Census Tract 2712, Los Angeles County, California",840,262,0,12,0,12,0,12,0,12,0,12,0,12,0,12,0,12,79,90,0,12,0,12,0,12,0,12,0,12,0,12,0,12,1,4,51,59,0,12,0,12,0,12,0,12,0,12,0,12,840,262,296,238,840,262,0,12,64,66,14,26,0,12,840,262,66,48,0,12,13,21,369,156,371,206,0,12
"2020","060372712001","Block Group 1, Census Tract 2712, Los Angeles County, California",1823,461,0,12,0,12,0,12,0,12,0,12,0,12,0,12,0,12,25,29,16,27,0,12,0,12,2,5,0,12,0,12,0,12,0,12,18,31,0,12,0,12,7,11,10,14,0,12,0,12,1930,503,173,95,1930,503,0,12,15,19,35,29,18,31,1930,503,420,149,0,12,122,178,716,237,616,424,0,12
"2021","060372721002","Block Group 2, Census Tract 2721, Los Angeles County, California",1086,419,0,12,0,12,0,12,0,12,0,12,0,12,0,12,0,12,64,47,0,12,0,12,0,12,0,12,0,12,0,12,0,12,0,12,0,12,0,12,0,12,0,12,0,12,0,12,0,12,1116,416,231,187,1116,416,0,12,32,52,23,36,9,15,1116,416,20,23,8,12,31,30,485,180,426,304,22,36
"2022","060372325003","Block Group 3, Census Tract 2325, Los Angeles County, California",1105,738,0,12,0,12,0,12,0,12,0,12,0,12,0,12,0,12,39,53,81,132,0,12,0,12,0,12,0,12,0,12,0,12,40,64,0,12,0,12,0,12,0,12,0,12,0,12,0,12,1144,798,120,112,1144,798,0,12,0,12,0,12,12,19,1144,798,0,12,0,12,395,179,0,12,726,775,0,12
"2023","060376203012","Block Group 2, Census Tract 6203.01, Los Angeles County, California",1287,272,0,12,0,12,0,12,0,12,0,12,0,12,0,12,0,12,0,12,0,12,0,12,0,12,0,12,0,12,0,12,0,12,0,12,0,12,0,12,0,12,0,12,0,12,0,12,0,12,1365,279,13,17,1365,279,0,12,0,12,11,18,0,12,1365,279,97,89,0,12,0,12,979,290,199,138,0,12
"2024","060376207013","Block Group 3, Census Tract 6207.01, Los Angeles County, California",1889,585,0,12,0,12,0,12,0,12,0,12,0,12,0,12,0,12,0,12,0,12,0,12,0,12,0,12,0,12,0,12,0,12,0,12,0,12,0,12,0,12,0,12,0,12,0,12,0,12,1971,601,33,52,1971,601,33,53,34,39,15,24,0,12,1971,601,107,67,0,12,254,362,1016,394,402,238,43,78
"2025","060376207011","Block Group 1, Census Tract 6207.01, Los Angeles County, California",1845,398,0,12,0,12,0,12,0,12,0,12,0,12,0,12,0,12,0,12,0,12,0,12,0,12,44,64,0,12,0,12,0,12,0,12,21,32,0,12,0,12,0,12,0,12,0,12,0,12,1961,437,109,75,1939,435,0,12,0,12,34,39,0,12,1961,437,518,264,0,12,138,142,886,267,303,150,0,12
"2026","060376207014","Block Group 4, Census Tract 6207.01, Los Angeles County, California",1528,314,0,12,0,12,0,12,0,12,0,12,0,12,0,12,0,12,0,12,0,12,0,12,0,12,0,12,0,12,0,12,0,12,0,12,0,12,0,12,0,12,0,12,0,12,0,12,0,12,1627,358,42,50,1627,358,0,12,14,23,0,12,0,12,1627,358,142,120,0,12,49,80,1132,372,118,102,0,12
"2027","060372118042","Block Group 2, Census Tract 2118.04, Los Angeles County, California",2284,328,0,12,0,12,0,12,0,12,0,12,0,12,0,12,0,12,52,54,22,35,23,28,0,12,202,93,77,74,0,12,0,12,0,12,0,12,0,12,0,12,80,52,0,12,0,12,0,12,2320,335,372,286,2320,335,91,119,221,119,306,141,0,12,2320,335,1607,352,0,12,76,62,151,114,274,174,69,71
"2028","060372118031","Block Group 1, Census Tract 2118.03, Los Angeles County, California",1681,289,0,12,0,12,0,12,0,12,24,38,10,16,0,12,0,12,0,12,0,12,18,28,0,12,281,95,23,38,0,12,0,12,0,12,0,12,0,12,0,12,18,20,0,12,0,12,0,12,1788,312,280,206,1788,312,43,43,162,107,294,126,9,13,1788,312,1595,311,27,43,12,19,83,56,1,5,0,12
"2029","060372652011","Block Group 1, Census Tract 2652.01, Los Angeles County, California",2094,327,0,12,0,12,0,12,0,12,0,12,0,12,0,12,0,12,0,12,0,12,0,12,0,12,0,12,0,12,0,12,0,12,0,12,0,12,0,12,0,12,0,12,0,12,0,12,0,12,1711,309,366,254,2174,338,10,13,63,61,9,16,0,12,2174,338,393,157,0,12,29,26,1529,357,171,68,0,12
"2030","060372345021","Block Group 1, Census Tract 2345.02, Los Angeles County, California",592,218,0,12,0,12,0,12,0,12,0,12,0,12,0,12,0,12,64,95,9,13,0,12,0,12,0,12,0,12,0,12,0,12,0,12,0,12,26,40,0,12,0,12,0,12,0,12,0,12,675,261,173,137,675,261,0,12,44,55,58,83,0,12,675,261,0,12,0,12,364,152,2,6,298,199,0,12
"2031","060372345023","Block Group 3, Census Tract 2345.02, Los Angeles County, California",1311,318,0,12,0,12,0,12,0,12,0,12,0,12,0,12,0,12,0,12,0,12,0,12,0,12,15,25,0,12,0,12,0,12,0,12,0,12,0,12,0,12,12,20,0,12,0,12,0,12,1498,343,414,212,1503,343,0,12,19,28,77,70,0,12,1510,343,29,32,0,12,814,252,75,96,568,272,0,12
"2032","060372345011","Block Group 1, Census Tract 2345.01, Los Angeles County, California",1233,262,0,12,0,12,0,12,0,12,0,12,0,12,0,12,0,12,69,39,22,25,0,12,0,12,0,12,0,12,0,12,0,12,18,23,87,75,0,12,0,12,4,8,0,12,0,12,0,12,1239,271,201,138,1265,271,0,12,38,37,125,77,0,12,1265,271,11,23,0,12,510,227,56,43,647,224,0,12
"2033","060372345012","Block Group 2, Census Tract 2345.01, Los Angeles County, California",1478,376,0,12,0,12,0,12,0,12,0,12,0,12,0,12,0,12,62,63,0,12,0,12,0,12,0,12,0,12,0,12,0,12,17,28,47,69,0,12,0,12,5,8,0,12,0,12,0,12,1573,395,194,102,1573,395,0,12,102,104,14,23,0,12,1580,394,16,18,0,12,1052,256,83,59,376,276,0,12
"2034","060372199012","Block Group 2, Census Tract 2199.01, Los Angeles County, California",1336,362,0,12,0,12,0,12,0,12,0,12,0,12,0,12,0,12,83,71,55,65,0,12,0,12,0,12,0,12,0,12,0,12,8,14,55,72,0,12,0,12,0,12,0,12,0,12,0,12,1464,398,346,243,1464,398,0,12,74,85,88,73,23,35,1464,398,26,47,0,12,494,285,18,23,893,305,0,12
"2035","060374024021","Block Group 1, Census Tract 4024.02, Los Angeles County, California",739,448,0,12,0,12,0,12,0,12,0,12,0,12,0,12,0,12,38,52,66,67,0,12,0,12,0,12,0,12,0,12,0,12,0,12,0,12,0,12,0,12,0,12,0,12,0,12,0,12,739,448,78,81,739,448,18,34,8,16,70,56,0,12,739,448,0,12,0,12,0,12,30,59,659,442,32,49
"2036","060374024023","Block Group 3, Census Tract 4024.02, Los Angeles County, California",1801,497,0,12,0,12,0,12,0,12,0,12,0,12,0,12,0,12,18,29,16,27,0,12,0,12,15,28,0,12,0,12,0,12,15,26,0,12,0,12,0,12,35,43,0,12,0,12,0,12,1806,514,271,154,1885,535,0,12,68,76,39,46,23,37,1885,535,337,194,0,12,0,12,395,220,1153,481,0,12
"2037","060374024022","Block Group 2, Census Tract 4024.02, Los Angeles County, California",1627,687,0,12,0,12,0,12,0,12,0,12,0,12,0,12,0,12,124,112,151,139,0,12,0,12,0,12,0,12,0,12,0,12,0,12,0,12,0,12,0,12,0,12,0,12,0,12,0,12,1684,674,271,277,1863,809,0,12,92,96,172,128,0,12,1863,809,9,18,0,12,43,60,100,143,1711,792,0,12
"2038","060374051021","Block Group 1, Census Tract 4051.02, Los Angeles County, California",2934,617,0,12,10,15,0,12,0,12,0,12,0,12,0,12,0,12,213,113,255,176,0,12,0,12,32,38,0,12,0,12,0,12,65,72,97,73,0,12,0,12,26,41,22,34,0,12,0,12,3178,759,434,212,3197,760,28,20,31,27,101,65,11,17,3242,760,544,186,0,12,39,35,137,135,2522,823,0,12
"2039","060374051022","Block Group 2, Census Tract 4051.02, Los Angeles County, California",2364,527,0,12,0,12,0,12,0,12,0,12,0,12,0,12,0,12,201,136,99,71,0,12,13,19,87,55,0,12,0,12,0,12,23,38,43,53,13,20,0,12,20,21,57,45,0,12,0,12,2397,531,353,280,2397,531,13,20,80,72,96,87,0,12,2397,531,605,199,0,12,87,141,133,156,1546,518,26,39
"2040","060374300022","Block Group 2, Census Tract 4300.02, Los Angeles County, California",849,298,0,12,0,12,0,12,0,12,0,12,0,12,0,12,0,12,57,84,0,12,0,12,0,12,0,12,0,12,0,12,0,12,0,12,16,47,0,12,0,12,0,12,0,12,0,12,0,12,793,300,155,232,793,300,0,12,37,56,0,12,8,24,849,298,201,146,0,12,107,145,230,107,311,259,0,12
"2041","060374300024","Block Group 4, Census Tract 4300.02, Los Angeles County, California",1057,400,0,12,0,12,0,12,0,12,0,12,0,12,0,12,0,12,0,12,0,12,0,12,0,12,0,12,0,12,0,12,0,12,40,51,0,12,0,12,0,12,0,12,0,12,0,12,0,12,1110,409,14,23,1110,409,0,12,0,12,0,12,0,12,1110,409,459,352,0,12,13,21,240,123,398,249,0,12
"2042","060374300023","Block Group 3, Census Tract 4300.02, Los Angeles County, California",1034,316,0,12,0,12,0,12,0,12,0,12,0,12,0,12,0,12,91,124,0,12,0,12,0,12,0,12,0,12,0,12,0,12,23,27,0,12,0,12,0,12,9,15,0,12,0,12,0,12,1054,322,119,139,1054,322,0,12,0,12,38,47,0,12,1054,322,112,64,0,12,0,12,466,189,476,279,0,12
"2043","060374300021","Block Group 1, Census Tract 4300.02, Los Angeles County, California",1096,368,0,12,0,12,0,12,0,12,0,12,0,12,0,12,0,12,101,73,27,44,0,12,0,12,0,12,0,12,0,12,0,12,16,26,55,67,0,12,0,12,0,12,0,12,0,12,0,12,1123,378,56,67,1123,378,11,19,20,35,11,18,0,12,1123,378,92,105,0,12,160,141,85,77,786,361,0,12
"2044","060374300025","Block Group 5, Census Tract 4300.02, Los Angeles County, California",2181,583,0,12,0,12,0,12,0,12,0,12,0,12,0,12,0,12,61,93,0,12,0,12,0,12,62,99,0,12,0,12,0,12,7,14,0,12,0,12,0,12,0,12,0,12,0,12,0,12,2283,604,22,27,2386,640,0,12,87,93,199,206,0,12,2386,640,536,257,0,12,192,210,723,249,894,550,0,12
"2045","060374316002","Block Group 2, Census Tract 4316, Los Angeles County, California",1797,285,0,12,0,12,0,12,0,12,0,12,0,12,0,12,0,12,0,12,0,12,0,12,0,12,114,64,0,12,0,12,0,12,0,12,0,12,0,12,0,12,98,56,70,81,0,12,0,12,1773,277,108,98,1797,285,12,17,14,20,0,12,0,12,1797,285,1326,280,0,12,46,69,256,88,151,103,0,12
"2046","060374316001","Block Group 1, Census Tract 4316, Los Angeles County, California",1427,281,0,12,0,12,0,12,0,12,0,12,0,12,0,12,0,12,0,12,0,12,0,12,0,12,45,37,0,12,0,12,0,12,0,12,0,12,0,12,0,12,65,55,38,41,0,12,0,12,1424,277,54,31,1424,277,10,15,23,38,29,49,0,12,1478,277,926,254,0,12,3,8,333,130,175,174,8,13
"2047","060374316003","Block Group 3, Census Tract 4316, Los Angeles County, California",868,267,0,12,0,12,0,12,0,12,8,13,0,12,0,12,0,12,0,12,0,12,10,18,0,12,63,44,18,29,0,12,0,12,0,12,0,12,0,12,0,12,36,33,42,33,0,12,0,12,907,293,57,51,915,295,16,25,10,16,19,22,10,16,915,295,522,206,0,12,0,12,261,226,24,36,14,21
"2048","060371175101","Block Group 1, Census Tract 1175.10, Los Angeles County, California",3257,413,0,12,0,12,0,12,0,12,0,12,0,12,0,12,0,12,355,141,217,87,0,12,0,12,9,20,0,12,12,20,0,12,14,22,0,12,0,12,0,12,24,38,0,12,0,12,0,12,3675,424,931,309,3687,423,49,55,280,128,276,122,0,12,3687,423,274,166,0,12,128,139,348,181,2937,429,0,12
"2049","060371344221","Block Group 1, Census Tract 1344.22, Los Angeles County, California",1357,339,0,12,0,12,0,12,0,12,0,12,0,12,0,12,0,12,0,12,0,12,0,12,0,12,12,17,0,12,0,12,0,12,0,12,0,12,7,11,21,24,4,12,0,12,0,12,0,12,1484,360,35,41,1484,360,0,12,11,25,85,124,4,12,1484,360,361,213,0,12,116,133,758,247,216,194,0,12
"2050","060371417001","Block Group 1, Census Tract 1417, Los Angeles County, California",674,180,0,12,0,12,0,12,0,12,0,12,0,12,0,12,0,12,0,12,0,12,0,12,0,12,0,12,0,12,0,12,0,12,0,12,0,12,0,12,0,12,0,12,0,12,0,12,0,12,703,182,35,48,703,182,0,12,0,12,14,22,0,12,703,182,11,18,0,12,35,54,629,173,16,28,0,12
"2051","060371047032","Block Group 2, Census Tract 1047.03, Los Angeles County, California",904,214,13,20,0,12,0,12,0,12,0,12,0,12,0,12,0,12,65,36,34,42,0,12,0,12,0,12,0,12,0,12,0,12,52,32,13,16,0,12,0,12,0,12,0,12,0,12,0,12,953,221,221,156,953,221,0,12,34,34,62,51,0,12,953,221,0,12,0,12,24,37,49,40,865,212,15,23
"2052","060371044042","Block Group 2, Census Tract 1044.04, Los Angeles County, California",1630,286,10,14,13,19,0,12,0,12,0,12,0,12,0,12,0,12,213,88,144,67,0,12,0,12,0,12,0,12,0,12,0,12,27,22,29,27,0,12,0,12,0,12,0,12,0,12,0,12,1730,288,431,249,1759,296,6,11,145,58,202,117,0,12,1759,296,2,4,0,12,62,101,54,50,1633,294,0,12
"2053","060371044041","Block Group 1, Census Tract 1044.04, Los Angeles County, California",1201,233,0,12,0,12,0,12,0,12,0,12,0,12,0,12,0,12,91,45,59,33,0,12,0,12,14,20,0,12,0,12,0,12,92,46,40,40,0,12,0,12,0,12,0,12,0,12,0,12,1325,279,336,174,1325,279,15,24,51,47,29,27,0,12,1325,279,65,57,0,12,0,12,26,25,1234,284,0,12
"2054","060371041243","Block Group 3, Census Tract 1041.24, Los Angeles County, California",626,205,0,12,0,12,0,12,0,12,0,12,0,12,0,12,0,12,12,20,0,12,0,12,0,12,0,12,0,12,0,12,0,12,0,12,0,12,0,12,0,12,0,12,0,12,0,12,0,12,695,242,28,22,695,242,0,12,12,20,0,12,0,12,695,242,0,12,0,12,31,36,532,196,39,37,22,26
"2055","060375515022","Block Group 2, Census Tract 5515.02, Los Angeles County, California",1773,501,0,12,0,12,0,12,0,12,0,12,0,12,0,12,0,12,130,104,1,2,16,23,0,12,0,12,0,12,21,31,0,12,31,47,0,12,0,12,0,12,0,12,0,12,0,12,0,12,1897,553,125,139,1897,553,18,27,99,109,87,64,0,12,1897,553,77,79,0,12,290,317,174,131,1340,458,0,12
"2056","060375515011","Block Group 1, Census Tract 5515.01, Los Angeles County, California",2945,427,23,37,0,12,0,12,0,12,0,12,0,12,0,12,0,12,170,97,51,53,0,12,0,12,7,11,0,12,13,19,0,12,39,45,14,25,0,12,0,12,25,37,0,12,0,12,0,12,3004,444,236,156,3014,447,85,71,109,78,185,113,0,12,3039,447,214,165,0,12,298,243,452,177,2040,375,25,40
"2057","060379201152","Block Group 2, Census Tract 9201.15, Los Angeles County, California",2713,258,0,12,0,12,0,12,0,12,0,12,0,12,0,12,0,12,23,26,0,12,0,12,0,12,0,12,0,12,0,12,13,22,0,12,0,12,0,12,0,12,0,12,0,12,0,12,13,22,2952,275,69,45,2952,275,20,30,8,13,59,45,13,22,2952,275,542,198,0,12,92,78,1564,260,558,207,44,67
"2058","060379201021","Block Group 1, Census Tract 9201.02, Los Angeles County, California",1498,341,10,17,0,12,0,12,0,12,0,12,0,12,0,12,0,12,40,48,35,44,0,12,0,12,0,12,0,12,0,12,0,12,0,12,0,12,0,12,0,12,18,26,0,12,0,12,0,12,1609,361,105,84,1609,361,0,12,27,35,72,72,0,12,1609,361,133,109,8,13,63,134,539,220,572,245,0,12
"2059","060372214011","Block Group 1, Census Tract 2214.01, Los Angeles County, California",1220,325,0,12,0,12,0,12,0,12,0,12,0,12,0,12,0,12,122,76,59,57,0,12,0,12,0,12,0,12,0,12,0,12,14,21,0,12,0,12,0,12,0,12,0,12,0,12,0,12,1464,385,351,311,1464,385,6,17,133,90,59,49,0,12,1464,385,10,16,0,12,444,163,135,74,799,360,0,12
"2060","060372213042","Block Group 2, Census Tract 2213.04, Los Angeles County, California",968,340,0,12,0,12,0,12,0,12,0,12,0,12,0,12,0,12,80,58,67,84,0,12,0,12,21,23,0,12,0,12,0,12,11,15,7,17,0,12,0,12,24,39,7,15,0,12,20,32,984,416,130,77,984,416,0,12,43,67,118,79,0,12,1057,419,206,90,0,12,207,90,30,21,602,412,0,12
"2061","060372213041","Block Group 1, Census Tract 2213.04, Los Angeles County, California",2434,391,0,12,0,12,0,12,0,12,0,12,0,12,0,12,0,12,343,160,222,155,0,12,0,12,79,50,6,13,17,29,0,12,0,12,59,60,0,12,0,12,0,12,137,70,13,23,0,12,2599,415,698,323,2599,415,41,65,236,128,435,157,46,54,2599,415,678,203,0,12,209,104,80,50,1623,370,0,12
"2062","060372213031","Block Group 1, Census Tract 2213.03, Los Angeles County, California",1512,257,0,12,0,12,0,12,0,12,0,12,0,12,0,12,0,12,190,86,201,143,3,7,0,12,41,31,12,18,0,12,0,12,20,17,14,21,0,12,0,12,12,19,24,35,0,12,0,12,1555,283,389,170,1593,280,30,32,225,118,219,83,4,6,1593,280,225,85,0,12,35,39,94,63,1219,293,0,12
"2063","060372199022","Block Group 2, Census Tract 2199.02, Los Angeles County, California",672,370,5,14,0,12,0,12,0,12,0,12,0,12,0,12,0,12,67,67,6,17,0,12,0,12,0,12,0,12,0,12,0,12,0,12,26,43,0,12,0,12,9,15,0,12,0,12,0,12,685,376,54,108,685,376,0,12,0,12,80,108,0,12,685,376,18,21,0,12,199,130,37,55,407,362,16,25
"2064","060372199021","Block Group 1, Census Tract 2199.02, Los Angeles County, California",2201,460,26,40,0,12,0,12,0,12,0,12,0,12,0,12,0,12,144,96,63,76,0,12,0,12,0,12,0,12,0,12,0,12,70,74,0,12,0,12,0,12,0,12,0,12,0,12,0,12,2299,483,731,511,2299,483,0,12,97,79,157,98,0,12,2299,483,49,44,26,40,324,136,237,143,1625,441,0,12
"2065","060372187021","Block Group 1, Census Tract 2187.02, Los Angeles County, California",823,229,14,20,0,12,0,12,0,12,0,12,0,12,0,12,0,12,71,46,31,42,0,12,0,12,0,12,0,12,0,12,0,12,10,15,22,33,0,12,0,12,0,12,0,12,0,12,0,12,828,230,152,105,828,230,27,30,65,42,102,90,16,26,828,230,8,10,0,12,397,142,29,23,370,185,0,12
"2066","060374047023","Block Group 3, Census Tract 4047.02, Los Angeles County, California",1071,286,0,12,0,12,0,12,0,12,0,12,0,12,0,12,0,12,96,67,26,32,0,12,0,12,31,41,0,12,0,12,0,12,7,11,0,12,0,12,0,12,27,23,8,12,0,12,0,12,1140,322,170,118,1140,322,0,12,26,29,67,57,0,12,1140,322,323,156,0,12,8,13,24,30,785,317,0,12
"2067","060374037211","Block Group 1, Census Tract 4037.21, Los Angeles County, California",1404,388,0,12,0,12,0,12,0,12,0,12,0,12,0,12,0,12,27,43,29,46,0,12,0,12,0,12,0,12,0,12,0,12,35,47,0,12,0,12,0,12,19,31,0,12,0,12,0,12,1484,407,236,167,1484,407,0,12,10,16,99,102,0,12,1484,407,126,126,0,12,41,63,353,212,964,362,0,12
"2068","060375544042","Block Group 2, Census Tract 5544.04, Los Angeles County, California",2428,441,34,53,0,12,0,12,0,12,0,12,0,12,0,12,0,12,56,56,3,7,31,33,0,12,24,32,9,14,5,11,0,12,26,26,5,11,18,28,4,10,29,24,0,12,0,12,0,12,2642,502,587,339,2653,506,43,52,39,38,199,113,0,12,2723,529,611,258,0,12,570,237,493,221,989,412,0,12
"2069","060375545212","Block Group 2, Census Tract 5545.21, Los Angeles County, California",1769,444,17,26,0,12,0,12,0,12,0,12,0,12,0,12,0,12,8,13,0,12,8,14,0,12,43,41,0,12,0,12,0,12,2,5,17,24,0,12,0,12,34,43,11,17,0,12,0,12,1937,481,159,109,1937,481,0,12,45,66,47,43,0,12,1937,481,608,173,0,12,350,300,327,142,395,315,0,12
"2070","060375700033","Block Group 3, Census Tract 5700.03, Los Angeles County, California",630,207,9,14,0,12,0,12,0,12,0,12,0,12,0,12,0,12,40,52,0,12,0,12,0,12,0,12,0,12,0,12,0,12,0,12,0,12,0,12,0,12,0,12,0,12,0,12,0,12,770,301,0,12,756,300,0,12,3,8,22,34,0,12,770,301,59,73,0,12,68,96,313,241,330,196,0,12
"2071","060375700035","Block Group 5, Census Tract 5700.03, Los Angeles County, California",565,149,0,12,0,12,0,12,0,12,0,12,0,12,0,12,0,12,0,12,0,12,0,12,0,12,0,12,0,12,0,12,0,12,11,16,0,12,0,12,0,12,10,17,0,12,0,12,0,12,641,184,22,21,641,184,0,12,0,12,12,19,7,13,641,184,216,147,0,12,38,66,169,82,197,125,0,12
"2072","060375700034","Block Group 4, Census Tract 5700.03, Los Angeles County, California",346,116,0,12,0,12,0,12,0,12,0,12,0,12,0,12,0,12,0,12,0,12,0,12,0,12,0,12,0,12,0,12,0,12,0,12,0,12,0,12,0,12,0,12,0,12,0,12,0,12,368,117,51,39,368,117,0,12,0,12,32,45,0,12,368,117,24,39,0,12,0,12,123,65,221,106,0,12
"2073","060375700032","Block Group 2, Census Tract 5700.03, Los Angeles County, California",1074,301,0,12,0,12,0,12,0,12,0,12,0,12,0,12,0,12,7,12,0,12,0,12,0,12,0,12,0,12,0,12,0,12,7,12,0,12,0,12,0,12,0,12,0,12,0,12,0,12,1142,333,0,12,1142,333,11,17,27,40,0,12,0,12,1142,333,224,153,0,12,114,106,395,143,401,261,0,12
"2074","060375701002","Block Group 2, Census Tract 5701, Los Angeles County, California",2023,404,0,12,0,12,0,12,0,12,0,12,0,12,0,12,0,12,40,37,0,12,0,12,0,12,26,33,0,12,0,12,0,12,4,10,4,10,0,12,0,12,16,19,16,17,0,12,0,12,2009,394,469,277,2017,395,122,152,17,20,106,82,8,11,2078,408,441,197,10,17,397,260,317,163,885,347,0,12
"2075","060375703042","Block Group 2, Census Tract 5703.04, Los Angeles County, California",2210,432,0,12,0,12,0,12,0,12,10,18,0,12,0,12,0,12,113,57,16,22,0,12,0,12,46,48,0,12,0,12,0,12,7,12,15,25,0,12,0,12,0,12,0,12,0,12,0,12,2401,478,234,154,2426,484,19,33,116,96,80,53,0,12,2426,484,262,227,0,12,351,258,68,81,1745,385,0,12
"2076","060375703041","Block Group 1, Census Tract 5703.04, Los Angeles County, California",1244,376,0,12,0,12,0,12,0,12,0,12,0,12,0,12,0,12,35,40,23,42,0,12,0,12,14,22,0,12,0,12,0,12,34,47,13,24,0,12,0,12,0,12,0,12,0,12,0,12,1286,387,217,157,1286,387,0,12,95,65,22,33,0,12,1286,387,92,96,11,17,334,292,124,69,687,283,23,32
"2077","060375706012","Block Group 2, Census Tract 5706.01, Los Angeles County, California",2280,362,22,34,0,12,0,12,0,12,0,12,0,12,0,12,0,12,47,26,49,30,0,12,0,12,31,33,0,12,0,12,0,12,43,36,0,12,0,12,0,12,0,12,0,12,0,12,0,12,2434,399,554,280,2415,402,93,111,156,123,142,67,0,12,2434,399,233,119,0,12,493,229,165,83,1343,322,172,172
"2078","060375754022","Block Group 2, Census Tract 5754.02, Los Angeles County, California",702,160,5,8,0,12,0,12,0,12,0,12,0,12,0,12,0,12,53,37,46,44,0,12,0,12,6,9,0,12,0,12,0,12,7,10,23,31,0,12,0,12,6,9,5,9,0,12,0,12,801,185,215,117,801,185,0,12,30,37,64,48,10,25,801,185,51,56,0,12,145,90,9,13,584,168,0,12
"2079","060375754021","Block Group 1, Census Tract 5754.02, Los Angeles County, California",3042,267,24,25,0,12,0,12,0,12,0,12,0,12,0,12,0,12,474,101,307,109,11,18,0,12,20,23,0,12,0,12,0,12,17,18,36,30,0,12,0,12,6,9,0,12,0,12,0,12,3306,272,831,270,3328,279,70,53,300,107,511,123,36,33,3328,279,140,86,0,12,116,87,191,131,2831,289,0,12
"2080","060375766023","Block Group 3, Census Tract 5766.02, Los Angeles County, California",1167,483,0,12,0,12,0,12,0,12,0,12,0,12,0,12,0,12,0,12,0,12,0,12,0,12,0,12,0,12,0,12,0,12,0,12,0,12,0,12,0,12,0,12,0,12,0,12,0,12,1230,508,212,289,1230,508,0,12,0,12,0,12,0,12,1252,510,64,84,0,12,151,131,575,246,282,372,0,12
"2081","060375766024","Block Group 4, Census Tract 5766.02, Los Angeles County, California",874,318,0,12,0,12,0,12,0,12,0,12,0,12,0,12,0,12,0,12,0,12,0,12,0,12,0,12,0,12,0,12,0,12,0,12,0,12,0,12,0,12,0,12,0,12,0,12,0,12,874,318,258,229,874,318,0,12,14,24,110,101,0,12,874,318,12,19,0,12,50,56,605,259,207,142,0,12
"2082","060375766021","Block Group 1, Census Tract 5766.02, Los Angeles County, California",1285,302,0,12,0,12,0,12,0,12,0,12,0,12,0,12,0,12,8,22,0,12,0,12,0,12,0,12,0,12,0,12,0,12,0,12,0,12,0,12,0,12,0,12,0,12,0,12,0,12,1336,340,152,175,1336,340,0,12,14,22,7,21,0,12,1336,340,77,70,0,12,42,49,851,256,325,246,0,12
"2083","060375766022","Block Group 2, Census Tract 5766.02, Los Angeles County, California",893,304,0,12,0,12,0,12,0,12,0,12,0,12,0,12,0,12,0,12,0,12,0,12,0,12,0,12,0,12,0,12,0,12,0,12,0,12,0,12,0,12,0,12,0,12,0,12,0,12,936,355,168,188,961,367,0,12,31,38,32,54,0,12,961,367,130,111,0,12,64,86,455,199,304,268,0,12
"2084","060375776033","Block Group 3, Census Tract 5776.03, Los Angeles County, California",1301,258,0,12,0,12,0,12,0,12,0,12,0,12,0,12,0,12,21,36,0,12,0,12,0,12,0,12,0,12,0,12,0,12,0,12,0,12,0,12,0,12,0,12,0,12,0,12,0,12,1332,261,28,31,1332,261,0,12,0,12,0,12,14,22,1332,261,66,80,0,12,158,187,995,229,61,46,0,12
"2085","060375776034","Block Group 4, Census Tract 5776.03, Los Angeles County, California",2201,456,0,12,0,12,0,12,0,12,0,12,0,12,0,12,0,12,0,12,0,12,0,12,0,12,0,12,0,12,0,12,0,12,0,12,0,12,0,12,0,12,0,12,0,12,0,12,0,12,2267,464,142,124,2267,464,0,12,38,61,0,12,0,12,2267,464,192,138,119,144,68,94,1250,302,570,322,0,12
"2086","060375776032","Block Group 2, Census Tract 5776.03, Los Angeles County, California",1460,340,0,12,0,12,0,12,0,12,0,12,0,12,0,12,0,12,0,12,0,12,0,12,0,12,0,12,0,12,0,12,0,12,0,12,0,12,0,12,0,12,0,12,0,12,0,12,0,12,1483,348,10,18,1483,348,72,82,0,12,67,61,0,12,1483,348,188,176,0,12,0,12,1114,257,160,147,0,12
"2087","060375776031","Block Group 1, Census Tract 5776.03, Los Angeles County, California",1870,484,0,12,0,12,0,12,0,12,0,12,0,12,0,12,0,12,9,17,0,12,0,12,0,12,0,12,0,12,0,12,0,12,21,29,0,12,0,12,0,12,0,12,0,12,0,12,0,12,1985,502,446,391,1985,502,0,12,33,37,0,12,0,12,1985,502,110,67,16,24,177,125,1234,341,415,208,20,36
"2088","060376010023","Block Group 3, Census Tract 6010.02, Los Angeles County, California",2211,450,0,12,0,12,0,12,0,12,0,12,0,12,0,12,0,12,20,31,0,12,0,12,0,12,0,12,0,12,0,12,0,12,56,63,0,12,0,12,0,12,0,12,0,12,0,12,0,12,2260,464,53,61,2260,464,30,45,60,90,30,38,0,12,2260,464,76,88,0,12,1374,490,44,73,540,367,0,12
"2089","060376014012","Block Group 2, Census Tract 6014.01, Los Angeles County, California",960,332,0,12,0,12,0,12,0,12,0,12,0,12,0,12,0,12,88,57,13,20,0,12,0,12,0,12,0,12,0,12,0,12,0,12,31,39,0,12,0,12,0,12,0,12,0,12,0,12,1049,367,195,130,1062,368,0,12,83,86,81,75,0,12,1062,368,71,98,0,12,156,102,17,20,809,359,0,12
"2090","060376211021","Block Group 1, Census Tract 6211.02, Los Angeles County, California",1070,273,0,12,0,12,0,12,0,12,0,12,0,12,0,12,0,12,0,12,0,12,0,12,0,12,0,12,0,12,0,12,0,12,0,12,0,12,0,12,0,12,0,12,0,12,0,12,0,12,1114,278,36,38,1114,278,7,12,0,12,7,12,0,12,1114,278,45,35,0,12,0,12,827,218,90,67,8,14
"2091","060376213014","Block Group 4, Census Tract 6213.01, Los Angeles County, California",1196,333,0,12,0,12,0,12,0,12,0,12,0,12,0,12,0,12,0,12,0,12,0,12,0,12,0,12,0,12,0,12,0,12,0,12,0,12,0,12,0,12,14,21,0,12,0,12,0,12,1235,348,153,125,1235,348,0,12,0,12,16,25,0,12,1235,348,113,87,0,12,29,46,1008,323,0,12,0,12
"2092","060376213012","Block Group 2, Census Tract 6213.01, Los Angeles County, California",1353,359,0,12,0,12,0,12,0,12,0,12,0,12,0,12,0,12,0,12,0,12,0,12,0,12,0,12,0,12,0,12,0,12,0,12,0,12,0,12,0,12,0,12,0,12,0,12,0,12,1403,371,82,106,1403,371,0,12,49,55,67,54,0,12,1403,371,131,150,0,12,70,83,899,354,187,137,0,12
"2093","060376213011","Block Group 1, Census Tract 6213.01, Los Angeles County, California",2711,488,0,12,0,12,0,12,0,12,0,12,0,12,0,12,0,12,0,12,0,12,0,12,0,12,0,12,0,12,0,12,0,12,0,12,0,12,0,12,0,12,0,12,0,12,0,12,0,12,2884,525,51,56,2884,525,0,12,0,12,73,94,0,12,2884,525,572,281,0,12,125,165,1560,398,455,296,0,12
"2094","060376502002","Block Group 2, Census Tract 6502, Los Angeles County, California",1081,280,0,12,0,12,0,12,0,12,0,12,0,12,0,12,0,12,0,12,0,12,0,12,0,12,44,55,37,53,0,12,0,12,0,12,0,12,0,12,0,12,11,17,0,12,0,12,0,12,1139,282,26,32,1139,282,0,12,0,12,0,12,0,12,1139,282,566,201,0,12,0,12,215,102,342,212,0,12
"2095","060371431001","Block Group 1, Census Tract 1431, Los Angeles County, California",737,260,0,12,0,12,0,12,0,12,0,12,0,12,0,12,0,12,0,12,0,12,0,12,0,12,0,12,0,12,0,12,0,12,0,12,0,12,0,12,0,12,0,12,0,12,0,12,0,12,735,264,0,12,750,265,0,12,0,12,0,12,0,12,750,265,84,83,0,12,0,12,595,252,35,44,0,12
"2096","060371431003","Block Group 3, Census Tract 1431, Los Angeles County, California",2233,416,0,12,0,12,0,12,0,12,0,12,0,12,0,12,0,12,195,205,0,12,0,12,0,12,0,12,0,12,0,12,0,12,0,12,0,12,0,12,0,12,0,12,0,12,0,12,0,12,2350,485,168,128,2350,485,0,12,152,129,21,34,0,12,2350,485,271,164,0,12,90,125,1203,242,687,373,0,12
"2097","060371438001","Block Group 1, Census Tract 1438, Los Angeles County, California",1390,374,0,12,0,12,0,12,0,12,0,12,0,12,0,12,0,12,0,12,0,12,0,12,0,12,0,12,0,12,0,12,0,12,0,12,0,12,0,12,0,12,23,36,0,12,0,12,0,12,1524,417,13,21,1524,417,0,12,50,83,19,29,0,12,1524,417,151,183,0,12,112,123,934,331,289,167,0,12
"2098","060374027021","Block Group 1, Census Tract 4027.02, Los Angeles County, California",1878,423,30,41,0,12,0,12,0,12,0,12,0,12,0,12,0,12,188,116,146,72,0,12,0,12,0,12,0,12,0,12,0,12,12,20,24,38,0,12,0,12,0,12,0,12,0,12,0,12,2264,492,1034,390,2282,491,88,93,191,102,212,86,12,20,2282,491,24,36,0,12,306,227,93,81,1852,453,0,12
"2099","060374027022","Block Group 2, Census Tract 4027.02, Los Angeles County, California",1212,319,0,12,0,12,0,12,0,12,0,12,0,12,0,12,0,12,94,68,98,78,0,12,0,12,0,12,0,12,0,12,0,12,12,19,49,57,0,12,0,12,0,12,0,12,0,12,0,12,1414,405,523,280,1414,405,26,41,47,42,107,73,0,12,1414,405,18,29,0,12,177,193,37,35,1182,384,0,12
"2100","060374027024","Block Group 4, Census Tract 4027.02, Los Angeles County, California",1583,309,32,48,0,12,0,12,0,12,0,12,0,12,0,12,0,12,105,68,114,67,0,12,0,12,0,12,0,12,0,12,0,12,0,12,0,12,0,12,0,12,0,12,0,12,0,12,0,12,1767,320,735,248,1767,320,47,43,130,72,210,104,0,12,1767,320,13,19,0,12,158,100,20,24,1576,314,0,12
"2101","060374027031","Block Group 1, Census Tract 4027.03, Los Angeles County, California",2137,442,0,12,0,12,0,12,0,12,0,12,0,12,0,12,0,12,62,56,47,45,0,12,0,12,15,24,0,12,0,12,0,12,21,32,9,15,0,12,0,12,0,12,0,12,0,12,0,12,2259,454,397,251,2272,457,57,64,118,72,145,95,9,14,2272,457,111,72,9,13,319,179,439,138,1329,391,9,13
"2102","060374032001","Block Group 1, Census Tract 4032, Los Angeles County, California",399,90,0,12,0,12,0,12,0,12,0,12,0,12,0,12,0,12,0,12,0,12,0,12,0,12,11,25,0,12,0,12,0,12,0,12,6,12,4,8,9,20,11,24,0,12,0,12,0,12,282,88,224,115,282,88,0,12,0,12,11,26,0,12,399,90,45,46,0,12,42,37,243,103,69,65,0,12
"2103","060374033031","Block Group 1, Census Tract 4033.03, Los Angeles County, California",2546,311,7,11,0,12,0,12,0,12,55,62,0,12,0,12,0,12,0,12,0,12,15,22,0,12,219,80,29,21,0,12,0,12,0,12,0,12,19,27,0,12,38,28,60,55,0,12,0,12,2741,381,326,201,2741,381,75,89,32,38,131,82,0,12,2741,381,1519,369,0,12,83,70,257,101,863,207,14,18
"2104","060374037022","Block Group 2, Census Tract 4037.02, Los Angeles County, California",1637,319,0,12,0,12,0,12,0,12,0,12,0,12,0,12,0,12,0,12,0,12,0,12,0,12,11,17,4,7,0,12,0,12,37,58,0,12,0,12,32,41,0,12,0,12,0,12,0,12,1668,322,29,32,1668,322,68,75,56,64,78,113,0,12,1668,322,180,114,0,12,36,47,674,228,716,257,0,12
"2105","060375544031","Block Group 1, Census Tract 5544.03, Los Angeles County, California",2629,387,0,12,0,12,0,12,0,12,17,23,0,12,0,12,0,12,68,58,0,12,0,12,0,12,29,26,0,12,0,12,0,12,51,62,32,52,0,12,0,12,14,21,0,12,0,12,0,12,2884,442,720,387,2884,442,22,26,23,35,195,87,0,12,2884,442,320,226,0,12,755,287,242,88,1453,367,0,12
"2106","060371417002","Block Group 2, Census Tract 1417, Los Angeles County, California",1641,303,0,12,0,12,0,12,0,12,0,12,0,12,0,12,0,12,0,12,0,12,15,18,0,12,25,28,0,12,0,12,0,12,0,12,0,12,10,16,0,12,15,23,0,12,0,12,0,12,1754,311,48,65,1754,311,0,12,0,12,11,18,0,12,1754,311,124,114,0,12,13,20,1483,292,62,66,0,12
"2107","060375711012","Block Group 2, Census Tract 5711.01, Los Angeles County, California",747,189,0,12,0,12,0,12,0,12,0,12,0,12,0,12,0,12,0,12,0,12,0,12,0,12,0,12,0,12,0,12,0,12,0,12,0,12,0,12,0,12,9,13,0,12,0,12,0,12,756,189,9,15,756,189,20,28,0,12,36,30,0,12,756,189,114,97,0,12,48,53,410,153,184,122,0,12
"2108","060375711013","Block Group 3, Census Tract 5711.01, Los Angeles County, California",1177,254,0,12,0,12,0,12,0,12,0,12,0,12,0,12,0,12,0,12,0,12,0,12,0,12,0,12,0,12,0,12,0,12,0,12,0,12,0,12,0,12,7,12,0,12,0,12,0,12,1269,268,26,20,1262,265,9,13,10,14,16,26,0,12,1269,268,38,43,9,15,15,23,644,221,509,201,0,12
"2109","060375711022","Block Group 2, Census Tract 5711.02, Los Angeles County, California",885,301,0,12,0,12,0,12,0,12,0,12,0,12,0,12,0,12,0,12,0,12,0,12,0,12,11,18,0,12,0,12,0,12,0,12,0,12,0,12,0,12,9,15,0,12,0,12,0,12,917,310,125,130,917,310,0,12,5,10,8,13,0,12,917,310,150,123,0,12,0,12,470,190,297,215,0,12
"2110","060375711023","Block Group 3, Census Tract 5711.02, Los Angeles County, California",974,233,0,12,0,12,0,12,0,12,0,12,0,12,0,12,0,12,0,12,0,12,0,12,0,12,0,12,0,12,0,12,0,12,0,12,0,12,0,12,0,12,0,12,0,12,0,12,0,12,1039,251,5,9,1039,251,0,12,7,11,0,12,0,12,1039,251,151,186,52,111,88,103,443,185,252,175,0,12
"2111","060375711025","Block Group 5, Census Tract 5711.02, Los Angeles County, California",678,197,0,12,0,12,0,12,0,12,0,12,0,12,0,12,0,12,0,12,0,12,0,12,0,12,0,12,0,12,0,12,0,12,0,12,0,12,0,12,0,12,0,12,0,12,0,12,0,12,759,222,0,12,759,222,0,12,0,12,39,44,0,12,759,222,133,176,0,12,17,33,340,154,227,164,0,12
"2112","060375711021","Block Group 1, Census Tract 5711.02, Los Angeles County, California",709,265,0,12,0,12,0,12,0,12,0,12,0,12,0,12,0,12,0,12,0,12,8,13,0,12,0,12,0,12,0,12,0,12,0,12,0,12,0,12,0,12,0,12,0,12,0,12,0,12,747,309,5,6,757,312,0,12,12,16,0,12,0,12,757,312,11,29,196,282,0,12,407,167,108,95,16,25
"2113","060375715022","Block Group 2, Census Tract 5715.02, Los Angeles County, California",591,179,0,12,0,12,0,12,0,12,0,12,0,12,0,12,0,12,0,12,0,12,0,12,0,12,0,12,0,12,0,12,0,12,0,12,0,12,11,17,0,12,0,12,9,15,0,12,0,12,592,180,31,28,583,180,0,12,0,12,0,12,0,12,592,180,64,43,0,12,134,118,288,77,106,114,0,12
"2114","060375715021","Block Group 1, Census Tract 5715.02, Los Angeles County, California",1081,275,0,12,0,12,0,12,0,12,8,14,0,12,0,12,0,12,12,19,0,12,0,12,0,12,52,50,0,12,0,12,0,12,0,12,0,12,0,12,0,12,28,31,0,12,0,12,0,12,1108,278,72,64,1108,278,0,12,0,12,22,24,0,12,1108,278,305,169,11,16,212,138,159,66,412,215,0,12
"2115","060375716001","Block Group 1, Census Tract 5716, Los Angeles County, California",2131,163,0,12,0,12,0,12,0,12,0,12,0,12,0,12,0,12,91,54,30,27,0,12,0,12,3,6,0,12,0,12,0,12,13,14,27,23,0,12,0,12,0,12,0,12,0,12,0,12,2291,170,1219,271,2309,171,8,14,43,44,50,42,0,12,2309,171,60,35,0,12,1201,259,133,69,772,126,0,12
"2116","060377010005","Block Group 5, Census Tract 7010, Los Angeles County, California",961,315,0,12,0,12,0,12,0,12,0,12,0,12,0,12,0,12,0,12,0,12,0,12,0,12,0,12,0,12,0,12,0,12,0,12,0,12,0,12,0,12,0,12,0,12,0,12,0,12,1013,361,284,286,1013,361,0,12,0,12,0,12,0,12,1013,361,0,12,0,12,17,27,861,293,36,40,0,12
"2117","060377010001","Block Group 1, Census Tract 7010, Los Angeles County, California",608,321,0,12,0,12,0,12,0,12,0,12,0,12,0,12,0,12,0,12,0,12,0,12,0,12,0,12,0,12,0,12,0,12,0,12,0,12,0,12,0,12,0,12,0,12,0,12,0,12,667,341,0,12,667,341,84,139,0,12,39,64,0,12,667,341,0,12,0,12,0,12,667,341,0,12,0,12
"2118","060377010004","Block Group 4, Census Tract 7010, Los Angeles County, California",2417,788,0,12,0,12,0,12,0,12,28,43,0,12,0,12,0,12,0,12,0,12,0,12,0,12,14,23,14,22,0,12,0,12,0,12,0,12,0,12,0,12,0,12,0,12,0,12,0,12,2657,943,83,77,2708,921,0,12,29,42,57,75,0,12,2708,921,229,210,0,12,27,53,1943,504,129,114,0,12
"2119","060377029012","Block Group 2, Census Tract 7029.01, Los Angeles County, California",1660,504,0,12,0,12,0,12,0,12,0,12,0,12,0,12,0,12,0,12,0,12,0,12,0,12,0,12,0,12,0,12,0,12,0,12,0,12,0,12,0,12,0,12,0,12,0,12,0,12,1798,549,168,186,1798,549,0,12,0,12,191,272,0,12,1798,549,71,67,0,12,23,38,1504,481,73,88,0,12
"2120","060379011021","Block Group 1, Census Tract 9011.02, Los Angeles County, California",2128,385,0,12,0,12,0,12,0,12,0,12,0,12,0,12,0,12,20,24,8,15,0,12,0,12,0,12,0,12,0,12,0,12,0,12,0,12,0,12,0,12,0,12,0,12,12,18,0,12,2255,408,269,167,2255,408,30,47,28,45,133,105,0,12,2255,408,69,85,18,31,276,204,1025,269,633,256,146,226
"2121","060379011022","Block Group 2, Census Tract 9011.02, Los Angeles County, California",1352,313,0,12,0,12,0,12,0,12,0,12,0,12,0,12,0,12,0,12,0,12,0,12,0,12,0,12,0,12,0,12,0,12,0,12,0,12,0,12,0,12,0,12,0,12,0,12,0,12,1400,315,121,97,1400,315,0,12,19,32,70,67,0,12,1400,315,63,84,5,9,71,61,848,213,413,300,0,12
"2122","060375306021","Block Group 1, Census Tract 5306.02, Los Angeles County, California",1632,291,0,12,0,12,0,12,0,12,0,12,0,12,0,12,0,12,128,93,18,16,0,12,0,12,0,12,5,7,0,12,0,12,35,27,38,37,0,12,0,12,0,12,0,12,0,12,0,12,1748,289,320,285,1769,299,71,76,109,91,96,93,0,12,1769,299,51,50,0,12,5,7,185,249,1528,295,0,12
"2123","060375326052","Block Group 2, Census Tract 5326.05, Los Angeles County, California",1019,416,0,12,0,12,0,12,0,12,0,12,0,12,0,12,0,12,222,117,18,29,0,12,0,12,0,12,0,12,0,12,0,12,102,116,19,31,0,12,0,12,0,12,0,12,0,12,0,12,1116,446,423,285,1116,446,65,91,37,41,97,98,0,12,1116,446,0,12,0,12,0,12,23,37,1093,439,0,12
"2124","060375326053","Block Group 3, Census Tract 5326.05, Los Angeles County, California",1383,297,0,12,0,12,0,12,0,12,0,12,0,12,0,12,0,12,194,87,73,50,0,12,0,12,0,12,0,12,0,12,0,12,139,73,62,54,0,12,0,12,0,12,0,12,0,12,0,12,1548,351,613,302,1548,351,24,37,62,71,124,90,0,12,1548,351,16,28,13,22,74,79,32,31,1403,373,10,15
"2125","060375355022","Block Group 2, Census Tract 5355.02, Los Angeles County, California",2918,624,0,12,0,12,0,12,0,12,0,12,0,12,0,12,0,12,418,195,500,316,0,12,0,12,0,12,0,12,0,12,0,12,123,87,60,42,0,12,0,12,0,12,0,12,0,12,0,12,3044,651,376,359,3044,651,121,175,108,124,607,330,7,11,3044,651,162,228,0,12,0,12,44,53,2827,683,0,12
"2126","060375406001","Block Group 1, Census Tract 5406, Los Angeles County, California",2551,539,17,27,0,12,0,12,0,12,0,12,0,12,0,12,0,12,184,147,141,96,0,12,0,12,0,12,0,12,0,12,0,12,24,35,23,37,0,12,0,12,0,12,0,12,0,12,0,12,2882,607,954,468,2892,608,46,52,235,125,295,141,0,12,2892,608,0,12,0,12,800,266,22,31,2070,632,0,12
"2127","060375406002","Block Group 2, Census Tract 5406, Los Angeles County, California",1775,669,0,12,0,12,0,12,0,12,0,12,0,12,0,12,0,12,79,68,388,326,0,12,0,12,0,12,0,12,0,12,0,12,25,38,25,38,0,12,0,12,0,12,0,12,0,12,0,12,2028,760,437,284,2089,772,196,140,471,393,97,80,0,12,2089,772,0,12,0,12,353,211,4,9,1732,772,0,12
"2128","060375438021","Block Group 1, Census Tract 5438.02, Los Angeles County, California",1658,650,0,12,0,12,0,12,0,12,0,12,0,12,0,12,0,12,0,12,0,12,0,12,0,12,0,12,0,12,0,12,0,12,0,12,0,12,0,12,0,12,66,74,0,12,0,12,0,12,1891,726,365,240,1891,726,0,12,0,12,21,36,0,12,1891,726,1014,547,0,12,226,263,58,76,580,426,0,12
"2129","060375438023","Block Group 3, Census Tract 5438.02, Los Angeles County, California",1704,510,0,12,0,12,0,12,0,12,0,12,0,12,0,12,0,12,43,62,0,12,0,12,0,12,28,34,1,2,0,12,0,12,0,12,0,12,0,12,0,12,0,12,0,12,0,12,0,12,1700,510,49,49,1700,510,0,12,152,71,69,107,0,12,1705,510,646,312,156,256,2,4,55,57,756,431,30,67
"2130","060372913003","Block Group 3, Census Tract 2913, Los Angeles County, California",892,210,5,8,0,12,0,12,0,12,0,12,0,12,0,12,0,12,6,9,0,12,0,12,0,12,18,23,0,12,0,12,0,12,0,12,0,12,0,12,0,12,12,14,0,12,0,12,0,12,930,219,38,44,930,219,12,18,8,12,42,31,0,12,930,219,442,156,8,12,60,84,144,93,185,131,7,11
"2131","060372913001","Block Group 1, Census Tract 2913, Los Angeles County, California",1051,201,0,12,0,12,0,12,0,12,0,12,0,12,0,12,0,12,32,25,8,10,0,12,0,12,19,19,0,12,0,12,0,12,0,12,25,23,0,12,0,12,19,19,0,12,0,12,0,12,1132,216,13,14,1132,216,0,12,0,12,5,7,0,12,1132,216,444,153,7,10,0,12,246,68,358,115,0,12
"2132","060372941202","Block Group 2, Census Tract 2941.20, Los Angeles County, California",1123,243,14,21,0,12,0,12,0,12,0,12,0,12,0,12,0,12,121,52,64,45,0,12,0,12,2,5,0,12,0,12,0,12,17,14,6,8,0,12,0,12,1,5,0,12,0,12,0,12,1228,254,270,180,1241,254,45,60,84,53,71,43,0,12,1241,254,10,24,0,12,5,8,0,12,1217,255,0,12
"2133","060372941203","Block Group 3, Census Tract 2941.20, Los Angeles County, California",673,224,0,12,0,12,0,12,0,12,0,12,0,12,0,12,0,12,63,50,35,32,0,12,0,12,0,12,0,12,0,12,0,12,23,21,0,12,0,12,0,12,0,12,0,12,0,12,0,12,735,266,155,170,735,266,12,19,18,27,83,55,0,12,735,266,40,58,0,12,43,50,48,74,604,251,0,12
"2134","060376014011","Block Group 1, Census Tract 6014.01, Los Angeles County, California",1996,384,0,12,0,12,0,12,0,12,0,12,0,12,0,12,0,12,180,101,7,11,0,12,0,12,0,12,0,12,0,12,0,12,20,27,13,19,0,12,0,12,0,12,0,12,0,12,0,12,2136,402,251,169,2136,402,24,45,89,52,122,80,0,12,2136,402,64,81,0,12,858,190,70,58,985,385,7,13
"2135","060376014013","Block Group 3, Census Tract 6014.01, Los Angeles County, California",2658,1133,0,12,0,12,0,12,0,12,0,12,0,12,0,12,0,12,45,38,38,45,0,12,0,12,0,12,0,12,0,12,0,12,35,33,61,42,0,12,0,12,0,12,0,12,0,12,0,12,2731,1140,939,706,2751,1144,22,35,166,68,118,89,0,12,2751,1144,110,128,0,12,959,700,355,333,1231,290,9,14
"2136","060376020042","Block Group 2, Census Tract 6020.04, Los Angeles County, California",1423,281,0,12,0,12,0,12,0,12,0,12,0,12,0,12,0,12,186,118,0,12,0,12,0,12,0,12,0,12,0,12,0,12,25,24,16,25,0,12,0,12,0,12,0,12,0,12,0,12,1480,305,356,219,1480,305,100,111,153,109,91,62,0,12,1480,305,58,93,0,12,454,176,49,37,911,303,0,12
"2137","060376023012","Block Group 2, Census Tract 6023.01, Los Angeles County, California",1270,419,0,12,0,12,0,12,0,12,0,12,0,12,0,12,0,12,5,9,0,12,0,12,0,12,0,12,0,12,0,12,0,12,25,40,0,12,0,12,0,12,0,12,0,12,0,12,0,12,1306,415,53,70,1347,442,10,17,55,54,36,35,0,12,1347,442,62,70,33,51,26,36,419,278,796,400,0,12
"2138","060376023011","Block Group 1, Census Tract 6023.01, Los Angeles County, California",1669,517,13,20,0,12,0,12,0,12,0,12,0,12,0,12,0,12,157,138,20,33,0,12,0,12,7,16,0,12,0,12,0,12,33,32,6,11,0,12,0,12,0,12,0,12,0,12,0,12,1693,522,85,87,1693,522,97,153,79,81,122,110,36,46,1693,522,82,108,0,12,165,134,327,114,1104,541,0,12
"2139","060376023014","Block Group 4, Census Tract 6023.01, Los Angeles County, California",765,276,0,12,0,12,0,12,0,12,0,12,0,12,0,12,0,12,59,65,3,11,0,12,0,12,0,12,0,12,0,12,0,12,5,9,0,12,0,12,0,12,0,12,0,12,0,12,0,12,815,296,85,90,815,296,0,12,8,15,19,28,0,12,815,296,7,13,0,12,0,12,189,122,611,294,0,12
"2140","060376024031","Block Group 1, Census Tract 6024.03, Los Angeles County, California",1263,281,8,12,0,12,0,12,0,12,0,12,0,12,0,12,0,12,85,87,44,51,0,12,0,12,26,39,0,12,0,12,0,12,23,37,0,12,0,12,0,12,0,12,0,12,0,12,0,12,1386,312,147,107,1386,312,0,12,42,37,153,105,0,12,1386,312,130,123,23,38,35,30,68,58,1125,331,0,12
"2141","060372281001","Block Group 1, Census Tract 2281, Los Angeles County, California",1284,564,56,87,0,12,0,12,0,12,0,12,0,12,0,12,0,12,201,118,157,140,0,12,0,12,0,12,0,12,0,12,0,12,0,12,0,12,0,12,0,12,0,12,0,12,0,12,0,12,1396,623,283,221,1396,623,0,12,178,109,56,57,0,12,1396,623,15,23,0,12,0,12,0,12,1381,626,0,12
"2142","060372281002","Block Group 2, Census Tract 2281, Los Angeles County, California",2074,637,24,35,0,12,0,12,0,12,0,12,0,12,0,12,0,12,256,149,369,228,0,12,0,12,0,12,0,12,0,12,0,12,26,40,118,118,0,12,0,12,0,12,0,12,0,12,0,12,2344,750,459,334,2344,750,0,12,143,93,188,130,0,12,2344,750,0,12,0,12,48,71,0,12,2282,753,0,12
"2143","060372324002","Block Group 2, Census Tract 2324, Los Angeles County, California",1234,368,0,12,0,12,0,12,0,12,0,12,0,12,0,12,0,12,192,103,60,73,0,12,0,12,0,12,0,12,0,12,0,12,24,29,53,53,0,12,0,12,0,12,0,12,0,12,0,12,1389,410,28,44,1389,410,23,36,88,65,59,50,35,42,1396,410,0,12,0,12,345,246,1,2,1050,373,0,12
"2144","060372324004","Block Group 4, Census Tract 2324, Los Angeles County, California",2307,533,16,25,0,12,0,12,0,12,0,12,0,12,0,12,0,12,311,165,87,77,0,12,0,12,0,12,0,12,0,12,0,12,18,26,0,12,0,12,0,12,0,12,0,12,0,12,0,12,2449,569,512,303,2449,569,20,21,64,44,141,101,0,12,2449,569,0,12,0,12,922,374,60,57,1420,518,0,12
"2145","060372324003","Block Group 3, Census Tract 2324, Los Angeles County, California",1349,420,0,12,0,12,0,12,0,12,0,12,0,12,0,12,0,12,107,90,55,57,0,12,0,12,0,12,0,12,0,12,0,12,15,22,33,47,0,12,0,12,13,21,0,12,0,12,0,12,1417,453,158,130,1417,453,0,12,76,61,92,91,0,12,1417,453,26,41,0,12,660,280,7,12,607,375,0,12
"2146","060372324005","Block Group 5, Census Tract 2324, Los Angeles County, California",1128,415,0,12,0,12,0,12,0,12,0,12,0,12,0,12,0,12,63,52,41,47,0,12,0,12,0,12,0,12,0,12,0,12,62,64,0,12,0,12,0,12,0,12,0,12,0,12,0,12,1213,459,310,220,1213,459,0,12,133,107,58,65,0,12,1213,459,0,12,0,12,509,394,114,64,561,262,0,12
"2147","060372413002","Block Group 2, Census Tract 2413, Los Angeles County, California",1648,227,0,12,0,12,0,12,0,12,0,12,0,12,0,12,0,12,121,60,90,54,0,12,0,12,0,12,0,12,0,12,0,12,45,28,16,24,0,12,0,12,0,12,0,12,0,12,0,12,1761,249,393,180,1761,249,29,32,100,64,74,53,0,12,1761,249,6,10,8,13,875,233,38,30,802,203,0,12
"2148","060374811035","Block Group 5, Census Tract 4811.03, Los Angeles County, California",797,238,0,12,0,12,0,12,0,12,0,12,0,12,0,12,0,12,0,12,0,12,0,12,0,12,113,66,0,12,0,12,0,12,38,59,0,12,0,12,0,12,39,36,22,35,0,12,0,12,797,238,94,72,797,238,0,12,7,11,0,12,13,21,797,238,564,231,0,12,0,12,36,37,197,223,0,12
"2149","060374811032","Block Group 2, Census Tract 4811.03, Los Angeles County, California",764,278,0,12,0,12,0,12,0,12,0,12,0,12,0,12,0,12,28,34,0,12,0,12,0,12,43,38,0,12,0,12,0,12,16,25,0,12,0,12,0,12,15,17,0,12,0,12,0,12,769,282,145,149,777,280,0,12,5,8,0,12,0,12,777,280,206,141,0,12,0,12,105,125,455,198,0,12
"2150","060374811034","Block Group 4, Census Tract 4811.03, Los Angeles County, California",514,175,0,12,0,12,0,12,0,12,0,12,0,12,0,12,0,12,21,36,0,12,0,12,0,12,9,15,0,12,0,12,0,12,0,12,0,12,0,12,0,12,8,15,54,66,0,12,0,12,514,175,24,30,514,175,0,12,0,12,0,12,0,12,514,175,337,149,0,12,0,12,30,33,147,133,0,12
"2151","060371253101","Block Group 1, Census Tract 1253.10, Los Angeles County, California",1069,383,22,37,0,12,0,12,0,12,0,12,0,12,0,12,0,12,88,86,36,57,0,12,0,12,0,12,0,12,0,12,0,12,35,56,3,6,0,12,0,12,2,4,0,12,0,12,0,12,1062,385,224,148,1062,385,22,37,0,12,0,12,0,12,1102,385,19,27,0,12,82,81,423,208,556,259,0,12
"2152","060371272101","Block Group 1, Census Tract 1272.10, Los Angeles County, California",1724,508,0,12,0,12,0,12,0,12,0,12,0,12,0,12,0,12,111,86,41,49,0,12,0,12,23,37,0,12,0,12,0,12,13,21,7,12,0,12,0,12,0,12,0,12,0,12,0,12,1828,537,263,185,1828,537,7,13,35,57,124,92,0,12,1828,537,139,151,0,12,79,112,113,143,1488,530,0,12
"2153","060371310201","Block Group 1, Census Tract 1310.20, Los Angeles County, California",2630,419,0,12,0,12,0,12,0,12,0,12,0,12,0,12,0,12,264,103,132,89,25,39,0,12,46,50,28,37,0,12,0,12,48,42,31,34,17,25,0,12,0,12,0,12,0,12,0,12,2971,470,570,289,2971,470,69,84,42,62,218,133,0,12,2971,470,385,161,0,12,93,76,295,123,2122,488,0,12
"2154","060371310203","Block Group 3, Census Tract 1310.20, Los Angeles County, California",1895,518,0,12,0,12,0,12,0,12,0,12,0,12,0,12,0,12,27,44,31,38,11,19,0,12,0,12,0,12,0,12,0,12,10,15,0,12,0,12,0,12,0,12,0,12,0,12,0,12,1978,531,563,309,1978,531,31,46,117,69,106,72,0,12,1978,531,128,169,0,12,104,100,545,240,1057,423,0,12
"2155","060374800111","Block Group 1, Census Tract 4800.11, Los Angeles County, California",2400,493,9,14,0,12,0,12,0,12,28,35,0,12,0,12,0,12,80,97,0,12,11,18,0,12,153,86,39,38,0,12,0,12,0,12,0,12,10,18,0,12,31,32,71,74,0,12,0,12,2583,488,723,417,2627,514,0,12,62,57,57,56,0,12,2627,514,1305,327,7,11,18,28,514,138,707,454,0,12
"2156","060374806001","Block Group 1, Census Tract 4806, Los Angeles County, California",1238,246,0,12,0,12,0,12,0,12,0,12,0,12,0,12,0,12,0,12,0,12,0,12,0,12,20,33,0,12,0,12,0,12,14,23,0,12,0,12,0,12,0,12,0,12,0,12,0,12,1364,279,94,69,1364,279,0,12,0,12,32,26,0,12,1364,279,273,170,0,12,37,38,623,245,338,173,0,12
"2157","060374806002","Block Group 2, Census Tract 4806, Los Angeles County, California",447,203,0,12,0,12,0,12,0,12,0,12,0,12,0,12,0,12,0,12,0,12,0,12,0,12,32,52,0,12,0,12,0,12,0,12,0,12,0,12,0,12,13,20,15,23,0,12,0,12,466,212,13,20,466,212,0,12,0,12,26,30,0,12,466,212,124,110,0,12,15,24,297,203,30,47,0,12
"2158","060374806004","Block Group 4, Census Tract 4806, Los Angeles County, California",3204,461,0,12,0,12,0,12,0,12,0,12,0,12,0,12,0,12,0,12,0,12,0,12,0,12,32,48,0,12,13,20,0,12,0,12,0,12,0,12,0,12,0,12,0,12,0,12,0,12,3362,460,464,319,3362,460,0,12,46,43,50,60,0,12,3362,460,828,290,0,12,357,255,1263,318,623,292,0,12
"2159","060374806005","Block Group 5, Census Tract 4806, Los Angeles County, California",748,230,0,12,0,12,0,12,0,12,0,12,0,12,0,12,0,12,0,12,0,12,0,12,0,12,0,12,0,12,0,12,0,12,0,12,0,12,0,12,0,12,0,12,0,12,0,12,0,12,774,230,45,58,774,230,0,12,104,143,47,52,0,12,774,230,89,70,0,12,0,12,440,140,245,211,0,12
"2160","060374817132","Block Group 2, Census Tract 4817.13, Los Angeles County, California",596,197,0,12,0,12,0,12,0,12,18,27,0,12,0,12,0,12,0,12,0,12,0,12,0,12,44,37,45,47,0,12,0,12,0,12,0,12,0,12,0,12,18,27,90,45,0,12,0,12,596,197,151,145,596,197,0,12,0,12,76,77,21,28,596,197,562,200,0,12,0,12,26,36,8,16,0,12
"2161","060374817131","Block Group 1, Census Tract 4817.13, Los Angeles County, California",1999,328,0,12,0,12,0,12,0,12,58,56,0,12,0,12,0,12,31,38,24,38,0,12,0,12,327,117,91,53,0,12,0,12,0,12,0,12,0,12,0,12,50,38,161,66,0,12,0,12,2140,358,207,128,2140,358,19,29,47,52,43,42,0,12,2140,358,1547,311,0,12,0,12,28,44,556,213,0,12
"2162","060377002002","Block Group 2, Census Tract 7002, Los Angeles County, California",610,192,0,12,0,12,0,12,0,12,0,12,0,12,0,12,0,12,0,12,0,12,0,12,0,12,0,12,0,12,0,12,0,12,0,12,0,12,0,12,0,12,0,12,0,12,0,12,0,12,610,192,90,54,610,192,0,12,34,55,51,49,0,12,610,192,38,51,0,12,100,104,403,155,53,69,0,12
"2163","060377002004","Block Group 4, Census Tract 7002, Los Angeles County, California",727,243,0,12,0,12,0,12,0,12,0,12,0,12,0,12,0,12,0,12,0,12,0,12,0,12,0,12,0,12,0,12,0,12,0,12,0,12,0,12,0,12,0,12,0,12,0,12,0,12,1083,264,94,124,1083,264,0,12,0,12,0,12,0,12,1083,264,0,12,0,12,0,12,1066,266,17,28,0,12
"2164","060376013011","Block Group 1, Census Tract 6013.01, Los Angeles County, California",700,173,0,12,0,12,0,12,0,12,0,12,0,12,0,12,0,12,0,12,0,12,0,12,0,12,0,12,0,12,0,12,0,12,0,12,0,12,0,12,0,12,0,12,0,12,0,12,0,12,743,185,14,19,743,185,8,11,10,15,36,36,0,12,743,185,31,21,0,12,430,159,142,51,121,79,6,9
"2165","060376030041","Block Group 1, Census Tract 6030.04, Los Angeles County, California",1464,145,4,7,0,12,0,12,0,12,0,12,0,12,0,12,0,12,49,35,32,42,0,12,0,12,30,30,0,12,1,4,0,12,14,15,0,12,0,12,0,12,14,17,15,19,0,12,0,12,1461,151,179,92,1461,151,11,19,65,39,120,68,0,12,1549,163,591,136,0,12,424,155,69,39,458,160,0,12
"2166","060371201041","Block Group 1, Census Tract 1201.04, Los Angeles County, California",2118,203,6,8,0,12,0,12,0,12,0,12,0,12,0,12,0,12,160,64,158,81,0,12,0,12,21,19,0,12,0,12,0,12,12,17,25,26,9,17,0,12,24,21,0,12,10,15,0,12,2228,214,448,167,2224,214,0,12,153,73,99,46,0,12,2228,214,344,113,9,12,146,65,239,81,1447,236,0,12
"2167","060371201031","Block Group 1, Census Tract 1201.03, Los Angeles County, California",3115,365,71,61,32,29,0,12,0,12,0,12,0,12,0,12,0,12,640,146,366,138,0,12,0,12,0,12,0,12,0,12,0,12,47,36,52,34,0,12,0,12,0,12,0,12,0,12,0,12,3393,368,1636,358,3452,399,80,68,255,101,308,118,2,6,3452,399,100,88,0,12,53,38,63,60,3236,405,0,12
"2168","060371193411","Block Group 1, Census Tract 1193.41, Los Angeles County, California",2724,200,0,12,0,12,0,12,0,12,0,12,0,12,0,12,0,12,284,85,64,32,44,44,17,23,13,15,0,12,7,11,0,12,86,39,55,47,35,36,15,20,0,12,0,12,7,11,19,28,2890,202,487,126,2890,202,37,37,171,70,236,86,0,12,2890,202,772,146,0,12,137,121,401,123,1560,226,0,12
"2169","060379110013","Block Group 3, Census Tract 9110.01, Los Angeles County, California",1783,533,0,12,0,12,0,12,0,12,0,12,0,12,0,12,0,12,17,25,44,54,60,78,0,12,0,12,0,12,0,12,0,12,0,12,0,12,37,55,0,12,0,12,0,12,0,12,0,12,1915,619,93,79,1915,619,28,41,96,86,221,144,0,12,1915,619,51,63,0,12,64,125,904,203,821,532,0,12
"2170","060379107162","Block Group 2, Census Tract 9107.16, Los Angeles County, California",2899,430,12,20,0,12,0,12,0,12,0,12,0,12,0,12,0,12,159,143,154,239,0,12,11,18,0,12,0,12,0,12,0,12,93,71,41,62,40,63,0,12,0,12,0,12,0,12,0,12,3073,489,555,359,3125,506,0,12,143,116,259,197,0,12,3125,506,122,93,0,12,325,189,715,191,1944,434,0,12
"2171","060379107152","Block Group 2, Census Tract 9107.15, Los Angeles County, California",1475,374,0,12,0,12,0,12,0,12,0,12,0,12,0,12,0,12,42,44,17,25,0,12,0,12,0,12,0,12,0,12,0,12,7,11,7,12,0,12,0,12,0,12,0,12,0,12,0,12,1642,410,214,157,1642,410,74,113,49,60,160,109,0,12,1642,410,9,15,0,12,421,297,129,71,1061,361,0,12
"2172","060379107153","Block Group 3, Census Tract 9107.15, Los Angeles County, California",2464,554,0,12,0,12,0,12,0,12,0,12,0,12,0,12,0,12,331,209,31,51,0,12,0,12,0,12,0,12,0,12,0,12,0,12,0,12,0,12,0,12,0,12,0,12,0,12,0,12,2685,637,412,296,2685,637,0,12,108,77,66,59,0,12,2685,637,107,127,0,12,321,307,356,171,1858,577,25,41
"2173","060372112011","Block Group 1, Census Tract 2112.01, Los Angeles County, California",788,182,0,12,0,12,0,12,0,12,0,12,0,12,0,12,0,12,115,79,101,84,0,12,0,12,0,12,0,12,0,12,0,12,40,32,49,38,0,12,0,12,0,12,0,12,0,12,0,12,812,183,64,49,812,183,0,12,185,134,41,37,13,21,812,183,45,31,0,12,87,46,96,39,555,197,0,12
"2174","060376501013","Block Group 3, Census Tract 6501.01, Los Angeles County, California",2079,389,0,12,0,12,0,12,0,12,0,12,0,12,0,12,0,12,0,12,0,12,0,12,0,12,0,12,0,12,0,12,0,12,0,12,27,42,0,12,0,12,20,34,0,12,0,12,0,12,2269,416,182,153,2269,416,30,40,28,43,0,12,0,12,2269,416,913,310,57,69,9,21,536,247,532,271,0,12
"2175","060374039011","Block Group 1, Census Tract 4039.01, Los Angeles County, California",776,179,0,12,0,12,0,12,0,12,0,12,0,12,0,12,0,12,6,10,0,12,0,12,0,12,3,7,0,12,0,12,0,12,11,16,0,12,0,12,0,12,5,8,0,12,0,12,0,12,823,187,76,97,823,187,0,12,0,12,30,34,0,12,823,187,46,32,0,12,6,9,392,118,301,113,0,12
"2176","060374039013","Block Group 3, Census Tract 4039.01, Los Angeles County, California",1261,246,0,12,0,12,6,9,0,12,0,12,0,12,0,12,0,12,8,12,0,12,0,12,0,12,15,12,41,32,0,12,0,12,0,12,9,12,0,12,0,12,13,16,0,12,0,12,0,12,1270,248,209,118,1280,248,10,15,9,12,27,24,0,12,1280,248,183,105,12,19,0,12,382,99,673,225,30,50
"2177","060374039012","Block Group 2, Census Tract 4039.01, Los Angeles County, California",1037,270,0,12,0,12,0,12,0,12,0,12,0,12,0,12,0,12,0,12,0,12,0,12,0,12,7,10,0,12,0,12,0,12,0,12,9,12,0,12,0,12,0,12,0,12,0,12,0,12,1071,286,122,91,1071,286,56,53,25,35,10,15,0,12,1071,286,83,57,0,12,39,39,232,95,717,268,0,12
"2178","060374041004","Block Group 4, Census Tract 4041, Los Angeles County, California",771,314,0,12,0,12,0,12,0,12,0,12,0,12,0,12,0,12,121,124,0,12,0,12,0,12,0,12,0,12,0,12,0,12,0,12,0,12,0,12,0,12,0,12,0,12,0,12,0,12,902,392,11,18,902,392,27,48,28,33,41,51,0,12,902,392,81,91,0,12,10,15,42,33,769,395,0,12
"2179","060374041003","Block Group 3, Census Tract 4041, Los Angeles County, California",2197,380,0,12,0,12,0,12,0,12,0,12,0,12,0,12,0,12,67,63,40,48,0,12,0,12,9,14,0,12,0,12,0,12,0,12,0,12,0,12,0,12,0,12,0,12,0,12,0,12,2450,434,164,192,2450,434,64,69,147,87,101,49,0,12,2450,434,167,107,0,12,193,149,106,69,1945,450,0,12
"2180","060374041001","Block Group 1, Census Tract 4041, Los Angeles County, California",1229,301,0,12,0,12,0,12,0,12,0,12,0,12,0,12,0,12,93,70,67,64,0,12,0,12,10,18,0,12,0,12,0,12,0,12,27,30,0,12,0,12,27,40,0,12,0,12,0,12,1303,296,123,160,1336,320,8,18,28,36,111,70,0,12,1336,320,41,48,27,40,15,24,185,152,1015,322,0,12
"2181","060374041002","Block Group 2, Census Tract 4041, Los Angeles County, California",1523,487,0,12,0,12,0,12,0,12,0,12,0,12,0,12,0,12,154,113,92,91,0,12,0,12,0,12,8,13,0,12,0,12,41,38,24,28,0,12,0,12,0,12,0,12,0,12,0,12,1589,527,0,12,1589,527,0,12,168,153,85,63,0,12,1589,527,143,153,0,12,0,12,75,66,1356,485,0,12
"2182","060374048022","Block Group 2, Census Tract 4048.02, Los Angeles County, California",2058,508,0,12,0,12,0,12,0,12,0,12,12,20,0,12,0,12,158,95,217,147,0,12,0,12,14,20,0,12,0,12,0,12,59,65,38,32,12,19,0,12,20,30,0,12,0,12,0,12,2095,515,274,206,2116,518,4,6,5,7,184,119,0,12,2116,518,332,254,0,12,9,21,24,28,1747,505,0,12
"2183","060375416053","Block Group 3, Census Tract 5416.05, Los Angeles County, California",1380,411,0,12,0,12,0,12,0,12,0,12,0,12,0,12,0,12,43,42,63,53,0,12,0,12,0,12,0,12,0,12,0,12,31,33,15,30,0,12,0,12,0,12,0,12,0,12,0,12,1438,421,312,231,1438,421,0,12,74,58,62,70,14,24,1438,421,120,179,0,12,490,296,18,27,810,321,0,12
"2184","060375416062","Block Group 2, Census Tract 5416.06, Los Angeles County, California",904,175,1,5,0,12,0,12,0,12,0,12,0,12,0,12,0,12,109,56,18,18,0,12,0,12,0,12,0,12,0,12,0,12,0,12,13,17,0,12,0,12,0,12,0,12,0,12,0,12,965,197,113,64,965,197,21,27,79,64,52,49,0,12,965,197,0,12,0,12,290,98,7,11,668,187,0,12
"2185","060375416061","Block Group 1, Census Tract 5416.06, Los Angeles County, California",1226,190,10,15,0,12,0,12,0,12,0,12,0,12,0,12,0,12,96,59,80,50,0,12,0,12,0,12,0,12,0,12,0,12,31,31,14,17,0,12,0,12,0,12,0,12,0,12,0,12,1383,223,384,203,1383,223,0,12,41,40,114,64,0,12,1383,223,0,12,0,12,121,76,12,18,1250,236,0,12
"2186","060375431007","Block Group 7, Census Tract 5431, Los Angeles County, California",1233,511,0,12,0,12,0,12,0,12,0,12,0,12,0,12,0,12,84,69,65,79,0,12,0,12,0,12,0,12,0,12,0,12,31,43,7,19,0,12,0,12,0,12,0,12,0,12,0,12,1231,519,85,127,1231,519,0,12,24,27,64,67,7,19,1242,518,0,12,0,12,290,218,42,58,910,528,0,12
"2187","060375431005","Block Group 5, Census Tract 5431, Los Angeles County, California",735,412,0,12,0,12,0,12,0,12,0,12,0,12,0,12,0,12,30,37,0,12,0,12,0,12,0,12,0,12,0,12,0,12,0,12,0,12,0,12,0,12,0,12,0,12,0,12,0,12,757,411,19,21,757,411,0,12,13,21,11,18,0,12,757,411,0,12,0,12,610,396,0,12,147,130,0,12
"2188","060375431001","Block Group 1, Census Tract 5431, Los Angeles County, California",892,423,0,12,0,12,0,12,0,12,0,12,0,12,0,12,0,12,11,22,25,50,0,12,0,12,0,12,0,12,0,12,0,12,0,12,19,29,0,12,0,12,0,12,0,12,0,12,0,12,937,444,60,92,937,444,0,12,11,22,23,31,0,12,937,444,0,12,0,12,341,249,0,12,596,397,0,12
"2189","060375431006","Block Group 6, Census Tract 5431, Los Angeles County, California",839,304,0,12,0,12,0,12,0,12,0,12,0,12,0,12,0,12,40,63,0,12,0,12,0,12,0,12,0,12,0,12,0,12,0,12,0,12,0,12,0,12,0,12,0,12,0,12,0,12,839,304,90,108,839,304,0,12,51,79,8,13,0,12,839,304,0,12,0,12,765,298,0,12,40,63,0,12
"2190","060375431002","Block Group 2, Census Tract 5431, Los Angeles County, California",605,340,0,12,0,12,0,12,0,12,0,12,0,12,0,12,0,12,14,25,15,21,0,12,0,12,0,12,0,12,0,12,0,12,5,9,0,12,0,12,0,12,0,12,0,12,0,12,0,12,710,446,353,411,710,446,0,12,29,38,22,29,0,12,710,446,13,20,0,12,538,416,12,21,147,144,0,12
"2191","060375432022","Block Group 2, Census Tract 5432.02, Los Angeles County, California",1027,286,0,12,0,12,0,12,0,12,0,12,0,12,0,12,0,12,13,19,48,63,0,12,0,12,0,12,0,12,0,12,0,12,26,30,25,29,0,12,0,12,0,12,0,12,0,12,0,12,1188,344,288,204,1188,344,0,12,40,38,50,63,0,12,1188,344,0,12,0,12,259,231,26,45,903,292,0,12
"2192","060375432023","Block Group 3, Census Tract 5432.02, Los Angeles County, California",1539,457,0,12,0,12,0,12,0,12,0,12,0,12,0,12,0,12,123,72,111,74,0,12,0,12,0,12,0,12,0,12,0,12,6,8,21,31,0,12,0,12,0,12,0,12,0,12,0,12,1692,544,527,432,1692,544,0,12,62,46,162,106,0,12,1692,544,0,12,0,12,317,155,18,29,1357,566,0,12
"2193","060375432024","Block Group 4, Census Tract 5432.02, Los Angeles County, California",1104,425,52,56,23,36,0,12,0,12,0,12,0,12,0,12,0,12,117,120,85,74,0,12,0,12,0,12,0,12,0,12,0,12,31,46,83,70,0,12,0,12,0,12,0,12,0,12,0,12,1219,447,213,164,1219,447,0,12,0,12,105,88,0,12,1219,447,0,12,0,12,129,111,0,12,1090,454,0,12
"2194","060372409002","Block Group 2, Census Tract 2409, Los Angeles County, California",1816,514,8,14,0,12,0,12,0,12,0,12,0,12,0,12,0,12,365,208,39,48,0,12,0,12,0,12,0,12,11,20,14,24,0,12,12,26,0,12,0,12,0,12,0,12,0,12,0,12,1963,558,383,233,1985,565,91,103,120,91,127,117,12,19,1985,565,0,12,0,12,245,268,0,12,1740,556,0,12
"2195","060375433042","Block Group 2, Census Tract 5433.04, Los Angeles County, California",2025,476,0,12,0,12,0,12,0,12,0,12,0,12,0,12,0,12,8,16,0,12,0,12,0,12,0,12,0,12,0,12,0,12,12,26,0,12,0,12,0,12,14,31,9,14,0,12,0,12,2062,483,104,87,2062,483,0,12,26,36,66,76,0,12,2069,484,78,67,0,12,1672,454,71,60,165,150,0,12
"2196","060375433044","Block Group 4, Census Tract 5433.04, Los Angeles County, California",1156,407,18,35,0,12,0,12,0,12,0,12,0,12,0,12,0,12,19,36,0,12,0,12,0,12,0,12,0,12,0,12,0,12,0,12,0,12,0,12,0,12,0,12,0,12,0,12,0,12,1174,408,115,114,1174,408,0,12,54,88,4,15,0,12,1174,408,31,48,0,12,1021,405,9,13,113,146,0,12
"2197","060375436041","Block Group 1, Census Tract 5436.04, Los Angeles County, California",2881,502,0,12,0,12,0,12,0,12,0,12,0,12,0,12,0,12,0,12,10,18,0,12,0,12,212,143,0,12,0,12,0,12,16,26,0,12,0,12,0,12,15,21,0,12,0,12,0,12,3165,597,94,72,3165,597,0,12,19,25,38,36,24,33,3165,597,1531,553,0,12,306,237,159,71,930,459,0,12
"2198","060375436042","Block Group 2, Census Tract 5436.04, Los Angeles County, California",2020,399,0,12,0,12,0,12,0,12,0,12,0,12,0,12,0,12,30,29,0,12,0,12,0,12,0,12,0,12,0,12,0,12,67,63,0,12,0,12,0,12,17,21,0,12,0,12,0,12,2038,397,91,73,2061,399,0,12,7,14,97,77,0,12,2061,399,983,326,0,12,98,83,270,171,710,269,0,12
"2199","060375331071","Block Group 1, Census Tract 5331.07, Los Angeles County, California",623,179,0,12,6,9,0,12,0,12,0,12,0,12,0,12,0,12,90,61,33,21,0,12,0,12,0,12,0,12,0,12,0,12,17,18,21,24,0,12,0,12,0,12,0,12,0,12,0,12,636,181,117,106,636,181,10,11,27,25,39,29,0,12,636,181,6,8,0,12,0,12,35,39,595,184,0,12
"2200","060374641006","Block Group 6, Census Tract 4641, Los Angeles County, California",1269,383,0,12,0,12,0,12,0,12,0,12,0,12,0,12,0,12,0,12,0,12,0,12,0,12,30,33,0,12,0,12,0,12,0,12,0,12,0,12,0,12,0,12,9,16,0,12,0,12,1346,385,199,238,1346,385,0,12,0,12,49,77,9,16,1346,385,675,406,0,12,0,12,500,262,171,217,0,12
"2201","060371247001","Block Group 1, Census Tract 1247, Los Angeles County, California",1017,314,0,12,0,12,0,12,0,12,0,12,0,12,0,12,0,12,0,12,0,12,0,12,0,12,0,12,0,12,0,12,0,12,0,12,0,12,40,61,0,12,0,12,0,12,0,12,0,12,1097,362,0,12,1097,362,0,12,0,12,18,29,0,12,1097,362,100,83,12,21,0,12,903,292,82,96,0,12
"2202","060371253202","Block Group 2, Census Tract 1253.20, Los Angeles County, California",3009,322,0,12,0,12,0,12,0,12,0,12,0,12,0,12,0,12,115,94,52,53,57,68,0,12,0,12,0,12,0,12,0,12,74,89,0,12,40,41,0,12,0,12,0,12,0,12,0,12,3054,329,691,383,3054,329,0,12,156,105,132,91,0,12,3054,329,484,232,0,12,205,134,1371,431,911,250,47,74
"2203","060371282102","Block Group 2, Census Tract 1282.10, Los Angeles County, California",1580,332,23,35,0,12,0,12,0,12,0,12,0,12,0,12,0,12,376,136,27,35,0,12,0,12,0,12,0,12,0,12,0,12,34,40,21,32,0,12,0,12,0,12,0,12,0,12,0,12,1702,341,614,260,1702,341,0,12,101,90,192,107,0,12,1702,341,8,12,0,12,186,122,127,86,1373,358,0,12
"2204","060371282201","Block Group 1, Census Tract 1282.20, Los Angeles County, California",1260,202,0,12,0,12,0,12,0,12,0,12,0,12,0,12,0,12,41,35,41,45,28,30,48,69,0,12,0,12,14,22,0,12,0,12,0,12,19,26,0,12,11,17,10,17,0,12,0,12,1359,234,208,117,1359,234,0,12,53,49,75,58,0,12,1359,234,57,57,0,12,57,36,792,198,453,172,0,12
"2205","060371282202","Block Group 2, Census Tract 1282.20, Los Angeles County, California",1505,217,0,12,0,12,0,12,0,12,0,12,0,12,0,12,0,12,162,88,0,12,94,75,0,12,0,12,0,12,0,12,0,12,0,12,18,27,18,28,41,43,0,12,0,12,0,12,0,12,1553,219,428,164,1553,219,49,72,99,84,49,40,0,12,1553,219,75,86,0,12,58,40,595,157,779,238,0,12
"2206","060375706011","Block Group 1, Census Tract 5706.01, Los Angeles County, California",1912,312,0,12,0,12,0,12,0,12,0,12,0,12,0,12,0,12,27,33,15,27,0,12,0,12,32,30,0,12,0,12,0,12,0,12,0,12,0,12,0,12,0,12,9,14,0,12,0,12,2126,357,446,295,2126,357,21,25,41,45,70,54,0,12,2126,357,411,172,28,44,367,285,204,117,1027,312,55,82
"2207","060375706024","Block Group 4, Census Tract 5706.02, Los Angeles County, California",936,251,0,12,0,12,0,12,0,12,8,14,0,12,0,12,0,12,0,12,0,12,0,12,0,12,64,66,0,12,0,12,0,12,24,39,21,34,0,12,0,12,66,53,0,12,0,12,0,12,1010,284,10,16,1010,284,0,12,81,87,18,30,0,12,1010,284,520,249,0,12,19,25,167,98,243,168,0,12
"2208","060375706021","Block Group 1, Census Tract 5706.02, Los Angeles County, California",1814,445,0,12,0,12,0,12,0,12,16,25,0,12,0,12,0,12,26,30,40,65,0,12,0,12,12,19,0,12,0,12,0,12,19,32,0,12,0,12,0,12,54,53,16,25,0,12,0,12,1865,447,116,116,1909,454,9,14,48,46,26,32,0,12,1909,454,462,198,52,77,337,209,112,54,906,371,0,12
"2209","060375706023","Block Group 3, Census Tract 5706.02, Los Angeles County, California",895,241,0,12,0,12,0,12,0,12,0,12,0,12,0,12,0,12,18,29,0,12,0,12,0,12,49,56,13,21,0,12,0,12,25,40,6,10,0,12,0,12,13,20,0,12,0,12,0,12,951,268,60,61,951,268,0,12,0,12,0,12,0,12,951,268,278,169,0,12,142,96,37,33,481,254,0,12
"2210","060372721003","Block Group 3, Census Tract 2721, Los Angeles County, California",715,208,0,12,0,12,0,12,0,12,0,12,0,12,0,12,0,12,0,12,0,12,0,12,0,12,0,12,0,12,0,12,0,12,0,12,0,12,0,12,0,12,0,12,0,12,0,12,0,12,807,271,0,12,807,271,0,12,0,12,17,18,0,12,807,271,22,25,11,19,0,12,534,148,185,197,0,12
"2211","060372721004","Block Group 4, Census Tract 2721, Los Angeles County, California",742,336,0,12,0,12,0,12,0,12,0,12,0,12,0,12,0,12,0,12,0,12,0,12,0,12,0,12,0,12,0,12,0,12,0,12,0,12,0,12,0,12,0,12,0,12,0,12,0,12,772,336,17,28,772,336,0,12,0,12,0,12,0,12,772,336,10,16,0,12,0,12,477,136,285,257,0,12
"2212","060372721005","Block Group 5, Census Tract 2721, Los Angeles County, California",783,341,0,12,0,12,0,12,0,12,0,12,0,12,0,12,0,12,121,187,0,12,0,12,0,12,0,12,0,12,0,12,0,12,31,48,0,12,0,12,0,12,0,12,0,12,0,12,0,12,825,350,191,243,825,350,0,12,65,95,121,187,0,12,825,350,36,42,0,12,11,17,460,187,318,313,0,12
"2213","060372723013","Block Group 3, Census Tract 2723.01, Los Angeles County, California",998,184,0,12,0,12,0,12,0,12,0,12,0,12,0,12,0,12,0,12,0,12,0,12,0,12,0,12,0,12,0,12,0,12,21,27,0,12,0,12,0,12,13,22,0,12,0,12,0,12,1068,198,225,126,1068,198,0,12,36,28,100,78,9,14,1068,198,113,76,0,12,21,16,458,148,381,153,10,16
"2214","060372723011","Block Group 1, Census Tract 2723.01, Los Angeles County, California",868,238,0,12,0,12,0,12,0,12,0,12,0,12,0,12,0,12,19,29,0,12,11,19,0,12,0,12,0,12,0,12,0,12,13,22,0,12,0,12,0,12,72,109,0,12,0,12,0,12,909,247,26,39,909,247,11,17,12,21,0,12,0,12,909,247,165,114,0,12,0,12,453,133,247,133,0,12
"2215","060372723012","Block Group 2, Census Tract 2723.01, Los Angeles County, California",1055,206,0,12,0,12,0,12,0,12,0,12,0,12,0,12,0,12,10,17,3,6,0,12,0,12,2,7,3,7,0,12,0,12,39,61,0,12,38,49,0,12,3,7,0,12,11,16,0,12,947,197,41,52,947,197,17,25,7,12,90,105,0,12,1068,208,162,86,0,12,55,46,537,111,227,104,0,12
"2216","060372723021","Block Group 1, Census Tract 2723.02, Los Angeles County, California",2438,520,48,69,0,12,9,15,0,12,0,12,0,12,0,12,0,12,95,104,287,262,0,12,0,12,0,12,0,12,14,24,0,12,44,51,9,14,62,49,27,29,7,11,23,37,0,12,0,12,2534,544,305,227,2534,544,14,23,220,133,317,319,0,12,2534,544,246,126,0,12,40,32,747,182,1441,555,0,12
"2217","060372754001","Block Group 1, Census Tract 2754, Los Angeles County, California",1217,237,0,12,0,12,0,12,0,12,0,12,0,12,0,12,0,12,0,12,0,12,0,12,0,12,0,12,0,12,0,12,0,12,27,39,0,12,0,12,0,12,28,43,0,12,0,12,0,12,1287,246,17,17,1287,246,0,12,0,12,42,53,0,12,1287,246,151,59,0,12,89,96,604,158,344,117,0,12
"2218","060372754002","Block Group 2, Census Tract 2754, Los Angeles County, California",2655,272,0,12,0,12,0,12,0,12,0,12,0,12,0,12,0,12,0,12,0,12,0,12,0,12,26,37,10,15,0,12,0,12,11,18,0,12,0,12,0,12,27,41,0,12,0,12,0,12,2782,292,63,40,2782,292,0,12,19,23,17,20,0,12,2782,292,463,178,0,12,11,18,2035,311,184,87,0,12
"2219","060372766011","Block Group 1, Census Tract 2766.01, Los Angeles County, California",1069,220,0,12,0,12,0,12,0,12,0,12,0,12,0,12,0,12,25,29,0,12,0,12,0,12,0,12,0,12,0,12,0,12,0,12,0,12,0,12,0,12,0,12,0,12,0,12,0,12,1113,225,34,42,1113,225,0,12,24,27,0,12,0,12,1113,225,187,141,0,12,200,173,567,172,148,99,0,12
"2220","060375331072","Block Group 2, Census Tract 5331.07, Los Angeles County, California",2691,286,0,12,22,36,0,12,0,12,0,12,0,12,0,12,0,12,434,99,333,119,0,12,0,12,0,12,0,12,0,12,0,12,72,38,55,36,0,12,0,12,0,12,0,12,0,12,0,12,2842,301,1114,219,2867,303,45,44,235,115,346,128,0,12,2867,303,0,12,0,12,0,12,0,12,2867,303,0,12
"2221","060375337032","Block Group 2, Census Tract 5337.03, Los Angeles County, California",2937,541,68,61,12,18,0,12,0,12,0,12,0,12,0,12,0,12,338,138,162,110,0,12,0,12,0,12,0,12,0,12,0,12,124,65,110,92,0,12,0,12,0,12,0,12,0,12,0,12,3248,648,256,178,3248,648,72,85,176,114,195,129,35,39,3248,648,0,12,0,12,0,12,0,12,3248,648,0,12
"2222","060375342012","Block Group 2, Census Tract 5342.01, Los Angeles County, California",1465,301,32,29,0,12,0,12,0,12,0,12,0,12,0,12,0,12,244,81,43,37,0,12,0,12,5,9,0,12,0,12,0,12,28,37,17,18,0,12,0,12,0,12,0,12,0,12,0,12,1594,340,280,164,1594,340,44,41,147,80,187,78,0,12,1594,340,12,19,0,12,10,15,36,24,1526,343,10,16
"2223","060373008005","Block Group 5, Census Tract 3008, Los Angeles County, California",789,294,0,12,0,12,18,31,0,12,0,12,0,12,0,12,0,12,0,12,0,12,0,12,0,12,20,31,0,12,0,12,0,12,14,22,0,12,0,12,0,12,35,52,0,12,0,12,0,12,986,462,108,96,986,462,0,12,0,12,22,33,0,12,986,462,396,394,0,12,0,12,493,320,14,22,0,12
"2224","060373008004","Block Group 4, Census Tract 3008, Los Angeles County, California",1402,476,0,12,0,12,0,12,0,12,0,12,0,12,0,12,0,12,19,31,0,12,0,12,0,12,1,13,0,12,0,12,0,12,0,12,0,12,0,12,0,12,0,12,0,12,0,12,0,12,1402,476,237,248,1402,476,0,12,14,22,14,22,0,12,1402,476,366,342,0,12,0,12,782,307,177,149,12,19
"2225","060373008002","Block Group 2, Census Tract 3008, Los Angeles County, California",1042,315,0,12,0,12,0,12,0,12,0,12,0,12,0,12,0,12,0,12,0,12,0,12,0,12,26,41,0,12,0,12,0,12,0,12,0,12,0,12,0,12,37,40,0,12,0,12,0,12,1029,326,87,48,1029,326,0,12,13,30,16,25,0,12,1062,329,209,167,0,12,24,37,666,323,153,99,0,12
"2226","060373107021","Block Group 1, Census Tract 3107.02, Los Angeles County, California",2149,477,0,12,0,12,0,12,0,12,0,12,0,12,0,12,0,12,1,3,0,12,56,75,0,12,40,61,0,12,0,12,0,12,35,54,0,12,70,81,101,116,0,12,13,21,0,12,0,12,2196,484,459,393,2196,484,0,12,103,62,101,104,50,81,2196,484,316,153,0,12,35,41,1356,434,368,232,0,12
"2227","060373117003","Block Group 3, Census Tract 3117, Los Angeles County, California",498,220,0,12,0,12,0,12,0,12,0,12,0,12,0,12,0,12,0,12,0,12,0,12,0,12,0,12,0,12,0,12,0,12,0,12,0,12,0,12,0,12,0,12,0,12,0,12,0,12,541,246,14,21,541,246,0,12,0,12,20,32,0,12,541,246,27,39,0,12,17,29,341,180,79,118,38,61
"2228","060373117002","Block Group 2, Census Tract 3117, Los Angeles County, California",1074,345,0,12,0,12,0,12,0,12,0,12,0,12,0,12,0,12,0,12,0,12,0,12,0,12,0,12,0,12,0,12,0,12,0,12,0,12,0,12,0,12,16,26,0,12,0,12,0,12,1151,356,17,26,1151,356,0,12,41,65,0,12,0,12,1151,356,53,86,0,12,0,12,893,322,160,146,24,41
"2229","060375729002","Block Group 2, Census Tract 5729, Los Angeles County, California",2057,415,24,28,0,12,0,12,0,12,0,12,0,12,0,12,0,12,339,129,230,113,0,12,0,12,0,12,0,12,0,12,0,12,28,39,56,53,8,14,0,12,0,12,0,12,0,12,0,12,2338,525,895,504,2338,525,20,37,242,122,219,153,21,33,2338,525,152,123,113,180,83,81,95,103,1895,508,0,12
"2230","060375737002","Block Group 2, Census Tract 5737, Los Angeles County, California",553,118,0,12,0,12,0,12,0,12,0,12,0,12,0,12,0,12,0,12,0,12,0,12,0,12,0,12,0,12,0,12,0,12,0,12,0,12,0,12,0,12,0,12,0,12,0,12,0,12,645,134,124,91,645,134,0,12,0,12,7,11,0,12,645,134,71,86,0,12,18,27,261,80,272,140,0,12
"2231","060375737003","Block Group 3, Census Tract 5737, Los Angeles County, California",1129,258,0,12,0,12,0,12,0,12,0,12,0,12,0,12,0,12,0,12,0,12,0,12,0,12,0,12,0,12,0,12,0,12,0,12,9,14,0,12,0,12,0,12,0,12,0,12,0,12,1170,260,29,42,1170,260,0,12,0,12,0,12,0,12,1170,260,102,111,0,12,0,12,710,244,319,156,0,12
"2232","060375737004","Block Group 4, Census Tract 5737, Los Angeles County, California",851,253,0,12,0,12,0,12,0,12,0,12,0,12,0,12,0,12,0,12,0,12,0,12,0,12,0,12,0,12,0,12,0,12,0,12,0,12,0,12,0,12,0,12,0,12,0,12,0,12,956,277,64,67,964,277,14,22,29,41,26,39,0,12,964,277,86,42,10,17,66,67,399,153,223,132,27,41
"2233","060375737006","Block Group 6, Census Tract 5737, Los Angeles County, California",662,172,0,12,0,12,0,12,0,12,0,12,0,12,0,12,0,12,0,12,0,12,0,12,0,12,0,12,0,12,0,12,0,12,0,12,0,12,0,12,0,12,8,16,0,12,0,12,0,12,679,182,6,10,679,182,0,12,38,56,9,14,0,12,679,182,49,49,9,15,15,25,479,177,70,55,0,12
"2234","060374641007","Block Group 7, Census Tract 4641, Los Angeles County, California",1205,527,0,12,0,12,0,12,0,12,0,12,0,12,0,12,0,12,0,12,0,12,0,12,0,12,131,150,0,12,0,12,0,12,0,12,0,12,0,12,0,12,0,12,0,12,0,12,0,12,1205,527,0,12,1205,527,0,12,0,12,0,12,0,12,1205,527,986,554,0,12,0,12,197,152,0,12,0,12
"2235","060374814023","Block Group 3, Census Tract 4814.02, Los Angeles County, California",1004,447,0,12,0,12,0,12,0,12,0,12,0,12,0,12,0,12,0,12,0,12,0,12,0,12,171,160,44,71,0,12,0,12,0,12,0,12,0,12,0,12,45,56,79,90,0,12,0,12,1125,554,360,460,1125,554,0,12,41,67,0,12,0,12,1125,554,714,521,0,12,0,12,154,142,257,292,0,12
"2236","060374814026","Block Group 6, Census Tract 4814.02, Los Angeles County, California",401,151,0,12,0,12,0,12,0,12,0,12,0,12,0,12,0,12,0,12,0,12,0,12,0,12,50,64,12,19,0,12,0,12,0,12,0,12,0,12,0,12,15,25,0,12,0,12,0,12,401,151,31,50,401,151,0,12,17,29,0,12,0,12,401,151,288,160,0,12,0,12,60,60,53,71,0,12
"2237","060374814024","Block Group 4, Census Tract 4814.02, Los Angeles County, California",736,274,0,12,0,12,0,12,0,12,0,12,0,12,0,12,0,12,0,12,0,12,0,12,0,12,182,180,0,12,0,12,0,12,0,12,0,12,0,12,0,12,26,45,20,31,0,12,0,12,765,279,55,61,765,279,0,12,20,31,0,12,0,12,765,279,620,275,0,12,5,11,61,93,79,101,0,12
"2238","060374814025","Block Group 5, Census Tract 4814.02, Los Angeles County, California",967,233,0,12,0,12,0,12,0,12,0,12,0,12,0,12,0,12,0,12,0,12,0,12,0,12,207,91,129,87,0,12,0,12,0,12,2,8,0,12,0,12,28,31,31,44,0,12,0,12,971,241,159,115,984,244,0,12,47,76,65,82,0,12,984,244,794,239,50,79,0,12,53,65,2,8,0,12
"2239","060374828003","Block Group 3, Census Tract 4828, Los Angeles County, California",2031,335,0,12,0,12,0,12,0,12,0,12,0,12,0,12,0,12,0,12,0,12,0,12,0,12,121,69,11,19,0,12,0,12,0,12,36,56,8,12,0,12,99,72,45,45,0,12,0,12,2186,366,156,162,2186,366,17,26,12,18,40,31,0,12,2186,366,1378,384,0,12,0,12,50,37,739,275,0,12
"2240","060375032011","Block Group 1, Census Tract 5032.01, Los Angeles County, California",799,245,0,12,0,12,0,12,0,12,0,12,0,12,0,12,0,12,0,12,0,12,0,12,0,12,15,23,0,12,0,12,0,12,17,29,0,12,0,12,0,12,0,12,0,12,0,12,0,12,838,280,10,23,838,280,0,12,0,12,17,27,0,12,860,280,179,187,0,12,0,12,134,92,520,202,0,12
"2241","060375032012","Block Group 2, Census Tract 5032.01, Los Angeles County, California",1625,338,10,19,0,12,0,12,0,12,0,12,0,12,0,12,0,12,0,12,0,12,0,12,0,12,0,12,0,12,0,12,0,12,0,12,15,27,0,12,0,12,0,12,0,12,0,12,0,12,1703,359,97,89,1703,359,0,12,16,19,8,12,0,12,1703,359,297,234,0,12,124,178,392,176,863,377,0,12
"2242","060376510011","Block Group 1, Census Tract 6510.01, Los Angeles County, California",1086,306,0,12,0,12,0,12,0,12,0,12,0,12,0,12,0,12,15,24,0,12,0,12,0,12,14,16,7,11,0,12,0,12,0,12,0,12,0,12,0,12,0,12,0,12,0,12,0,12,1155,331,63,52,1155,331,10,16,11,18,49,68,0,12,1155,331,311,161,0,12,0,12,374,175,439,275,0,12
"2243","060376510012","Block Group 2, Census Tract 6510.01, Los Angeles County, California",939,205,0,12,0,12,0,12,0,12,0,12,0,12,0,12,0,12,0,12,0,12,0,12,0,12,0,12,0,12,0,12,0,12,0,12,0,12,0,12,0,12,5,8,0,12,0,12,0,12,972,208,21,32,972,208,11,18,29,33,0,12,0,12,972,208,363,216,96,104,0,12,313,112,101,78,0,12
"2244","060376704111","Block Group 1, Census Tract 6704.11, Los Angeles County, California",2423,344,0,12,0,12,0,12,0,12,0,12,0,12,0,12,0,12,0,12,0,12,7,11,0,12,0,12,0,12,0,12,0,12,0,12,0,12,0,12,0,12,9,14,0,12,0,12,0,12,2514,361,71,68,2523,360,0,12,17,29,10,17,0,12,2523,360,703,217,78,117,51,68,1502,295,80,45,0,12
"2245","060377010002","Block Group 2, Census Tract 7010, Los Angeles County, California",731,314,0,12,0,12,0,12,0,12,0,12,0,12,0,12,0,12,0,12,0,12,25,41,0,12,0,12,0,12,0,12,0,12,0,12,0,12,0,12,0,12,0,12,0,12,0,12,0,12,731,314,23,24,731,314,0,12,0,12,14,25,0,12,731,314,112,148,0,12,22,35,564,247,14,25,19,30
"2246","060372037201","Block Group 1, Census Tract 2037.20, Los Angeles County, California",2392,417,58,89,0,12,0,12,0,12,0,12,0,12,0,12,0,12,215,101,336,149,0,12,0,12,0,12,0,12,0,12,0,12,17,26,89,54,0,12,0,12,0,12,0,12,0,12,0,12,2457,438,809,381,2457,438,56,107,133,112,310,129,0,12,2457,438,8,18,0,12,0,12,12,19,2437,435,0,12
"2247","060372042002","Block Group 2, Census Tract 2042, Los Angeles County, California",1522,248,8,12,0,12,0,12,0,12,0,12,0,12,0,12,0,12,158,78,230,92,0,12,0,12,15,13,0,12,0,12,0,12,17,19,23,25,0,12,0,12,0,12,0,12,0,12,0,12,1771,337,529,209,1771,337,55,51,95,61,144,85,0,12,1771,337,40,24,0,12,0,12,0,12,1731,340,0,12
"2248","060372043001","Block Group 1, Census Tract 2043, Los Angeles County, California",875,346,10,15,0,12,0,12,0,12,0,12,0,12,0,12,0,12,77,61,0,12,0,12,0,12,0,12,0,12,0,12,0,12,45,29,55,44,0,12,0,12,8,12,0,12,0,12,0,12,946,395,148,131,946,395,0,12,13,19,0,12,26,42,946,395,22,25,0,12,0,12,28,31,896,389,0,12
"2249","060372043004","Block Group 4, Census Tract 2043, Los Angeles County, California",1416,456,0,12,0,12,0,12,0,12,0,12,0,12,0,12,0,12,89,76,145,87,0,12,0,12,0,12,0,12,0,12,0,12,0,12,80,60,0,12,0,12,28,27,0,12,0,12,0,12,1468,505,623,437,1468,505,11,21,23,22,140,100,0,12,1557,509,46,39,0,12,20,27,83,42,1400,510,0,12
"2250","060372043003","Block Group 3, Census Tract 2043, Los Angeles County, California",832,303,0,12,0,12,0,12,0,12,0,12,0,12,0,12,0,12,136,104,109,65,0,12,0,12,0,12,0,12,0,12,0,12,15,22,18,28,0,12,0,12,0,12,0,12,0,12,0,12,984,376,252,220,984,376,44,52,136,110,73,61,18,28,984,376,0,12,0,12,0,12,14,15,970,377,0,12
"2251","060372093002","Block Group 2, Census Tract 2093, Los Angeles County, California",2630,371,0,12,0,12,0,12,0,12,0,12,0,12,0,12,0,12,237,89,176,100,0,12,0,12,23,36,0,12,0,12,0,12,32,32,45,46,0,12,0,12,13,19,0,12,0,12,0,12,2814,421,1114,383,2799,421,0,12,300,112,378,137,26,40,2814,421,438,156,0,12,231,100,274,114,1798,392,0,12
"2252","060374033231","Block Group 1, Census Tract 4033.23, Los Angeles County, California",1619,302,0,12,0,12,0,12,0,12,22,33,0,12,0,12,0,12,0,12,0,12,0,12,0,12,151,81,10,16,0,12,0,12,24,32,0,12,0,12,0,12,58,63,10,16,0,12,0,12,1731,314,85,74,1731,314,22,33,33,47,82,75,0,12,1731,314,1452,333,0,12,41,44,93,79,131,114,0,12
"2253","060374033233","Block Group 3, Census Tract 4033.23, Los Angeles County, California",1778,332,0,12,0,12,0,12,0,12,22,35,0,12,0,12,0,12,0,12,0,12,0,12,0,12,208,118,25,39,0,12,0,12,0,12,0,12,0,12,0,12,14,21,55,84,0,12,0,12,1886,350,63,76,1886,350,18,29,0,12,61,57,0,12,1886,350,1326,356,0,12,81,67,245,102,44,45,73,114
"2254","060374034011","Block Group 1, Census Tract 4034.01, Los Angeles County, California",1510,386,0,12,0,12,0,12,0,12,0,12,0,12,0,12,0,12,0,12,0,12,0,12,0,12,97,62,57,64,0,12,0,12,0,12,14,22,0,12,0,12,6,12,0,12,0,12,0,12,1557,376,137,122,1557,376,0,12,74,66,0,12,0,12,1557,376,750,210,0,12,2,4,169,137,595,383,0,12
"2255","060374034013","Block Group 3, Census Tract 4034.01, Los Angeles County, California",2192,363,0,12,0,12,0,12,0,12,0,12,0,12,0,12,0,12,0,12,0,12,0,12,0,12,72,67,0,12,0,12,0,12,9,14,0,12,0,12,0,12,63,52,25,27,0,12,0,12,2365,380,116,88,2365,380,0,12,61,64,0,12,0,12,2365,380,1267,328,0,12,382,315,197,95,519,240,0,12
"2256","060374040002","Block Group 2, Census Tract 4040, Los Angeles County, California",573,195,0,12,0,12,0,12,0,12,0,12,0,12,0,12,0,12,1,9,0,12,0,12,0,12,6,13,0,12,0,12,0,12,0,12,1,11,0,12,0,12,9,17,0,12,0,12,0,12,573,195,75,66,573,195,0,12,14,28,10,15,0,12,573,195,81,95,0,12,0,12,56,39,436,209,0,12
"2257","060374040001","Block Group 1, Census Tract 4040, Los Angeles County, California",1118,227,0,12,0,12,0,12,0,12,0,12,0,12,0,12,0,12,27,30,0,12,0,12,0,12,12,19,0,12,0,12,0,12,16,19,28,30,0,12,0,12,0,12,0,12,0,12,0,12,1224,294,42,46,1224,294,0,12,0,12,16,25,0,12,1224,294,58,54,12,20,4,5,256,141,894,311,0,12
"2258","060374040004","Block Group 4, Census Tract 4040, Los Angeles County, California",1612,442,0,12,0,12,0,12,0,12,0,12,0,12,0,12,0,12,27,25,0,12,18,31,0,12,0,12,0,12,0,12,0,12,0,12,0,12,0,12,0,12,0,12,0,12,0,12,0,12,1738,477,308,209,1738,477,0,12,0,12,98,123,0,12,1738,477,184,163,0,12,55,67,349,143,1150,458,0,12
"2259","060376028021","Block Group 1, Census Tract 6028.02, Los Angeles County, California",894,283,0,12,0,12,0,12,0,12,0,12,0,12,0,12,0,12,18,36,4,12,0,12,0,12,0,12,0,12,0,12,0,12,4,12,0,12,0,12,0,12,17,26,0,12,0,12,0,12,964,317,40,48,975,326,23,38,11,19,79,75,0,12,981,326,39,58,18,30,556,263,7,12,361,249,0,12
"2260","060376028024","Block Group 4, Census Tract 6028.02, Los Angeles County, California",1479,339,0,12,0,12,0,12,0,12,0,12,0,12,0,12,0,12,66,77,0,12,0,12,0,12,0,12,0,12,0,12,0,12,0,12,17,20,0,12,0,12,0,12,0,12,0,12,0,12,1568,382,64,47,1568,382,0,12,31,43,15,22,0,12,1568,382,0,12,0,12,1120,334,14,22,434,234,0,12
"2261","060376028023","Block Group 3, Census Tract 6028.02, Los Angeles County, California",668,272,0,12,0,12,0,12,0,12,0,12,0,12,0,12,0,12,0,12,0,12,0,12,0,12,0,12,0,12,0,12,0,12,22,32,22,32,0,12,0,12,0,12,0,12,0,12,0,12,668,272,13,20,668,272,0,12,30,45,53,84,0,12,668,272,14,22,0,12,454,212,0,12,200,196,0,12
"2262","060376028012","Block Group 2, Census Tract 6028.01, Los Angeles County, California",983,358,0,12,0,12,0,12,0,12,0,12,0,12,0,12,0,12,29,44,0,12,0,12,0,12,0,12,0,12,0,12,0,12,0,12,0,12,0,12,0,12,0,12,0,12,0,12,54,49,1099,396,229,169,1099,396,0,12,0,12,71,88,0,12,1099,396,30,50,0,12,816,370,0,12,244,209,0,12
"2263","060376025091","Block Group 1, Census Tract 6025.09, Los Angeles County, California",1936,475,0,12,11,18,0,12,0,12,0,12,0,12,0,12,0,12,206,102,31,34,0,12,0,12,43,33,0,12,0,12,0,12,0,12,34,40,0,12,0,12,36,46,0,12,0,12,0,12,2043,506,251,152,2043,506,59,96,137,83,78,76,0,12,2043,506,250,148,154,212,2,9,21,19,1616,441,0,12
"2264","060376025094","Block Group 4, Census Tract 6025.09, Los Angeles County, California",645,270,0,12,0,12,0,12,0,12,0,12,0,12,0,12,0,12,41,64,32,53,0,12,0,12,0,12,0,12,0,12,0,12,0,12,19,30,0,12,0,12,0,12,0,12,0,12,0,12,664,286,120,138,664,286,0,12,0,12,77,72,0,12,664,286,0,12,0,12,249,195,47,71,368,220,0,12
"2265","060374049011","Block Group 1, Census Tract 4049.01, Los Angeles County, California",1588,390,0,12,0,12,0,12,0,12,0,12,0,12,0,12,0,12,61,55,28,45,0,12,0,12,87,65,52,55,0,12,0,12,24,28,32,45,0,12,0,12,23,26,20,37,0,12,0,12,1656,415,139,87,1656,415,19,29,101,80,158,82,13,26,1656,415,529,202,0,12,107,167,36,38,984,343,0,12
"2266","060374049013","Block Group 3, Census Tract 4049.01, Los Angeles County, California",1827,439,0,12,0,12,0,12,0,12,0,12,0,12,0,12,0,12,124,115,141,136,0,12,0,12,84,49,50,56,0,12,0,12,0,12,0,12,0,12,0,12,31,49,14,21,0,12,0,12,1953,478,164,210,1953,478,0,12,122,104,160,89,0,12,1953,478,519,193,0,12,28,59,133,161,1273,445,0,12
"2267","060374049012","Block Group 2, Census Tract 4049.01, Los Angeles County, California",1944,669,0,12,0,12,0,12,0,12,0,12,0,12,0,12,0,12,116,87,212,213,0,12,0,12,8,12,0,12,0,12,0,12,22,29,151,115,0,12,0,12,50,50,0,12,0,12,0,12,2091,747,238,213,2091,747,9,16,23,33,161,100,0,12,2091,747,171,134,0,12,16,43,38,46,1866,741,0,12
"2268","060372626043","Block Group 3, Census Tract 2626.04, Los Angeles County, California",1187,263,0,12,0,12,0,12,0,12,0,12,0,12,0,12,0,12,0,12,0,12,0,12,0,12,0,12,0,12,0,12,0,12,0,12,0,12,0,12,20,36,0,12,0,12,0,12,0,12,1244,304,175,122,1244,304,0,12,0,12,0,12,16,26,1244,304,48,86,0,12,0,12,1178,306,18,29,0,12
"2269","060372626042","Block Group 2, Census Tract 2626.04, Los Angeles County, California",1005,508,0,12,0,12,0,12,0,12,0,12,0,12,0,12,0,12,0,12,0,12,0,12,0,12,0,12,0,12,0,12,0,12,8,19,0,12,0,12,0,12,0,12,0,12,0,12,0,12,1039,525,10,20,1039,525,0,12,18,29,0,12,0,12,1039,525,34,36,0,12,0,12,885,500,97,85,0,12
"2270","060372625011","Block Group 1, Census Tract 2625.01, Los Angeles County, California",737,159,0,12,0,12,0,12,0,12,0,12,0,12,0,12,0,12,0,12,0,12,0,12,0,12,0,12,0,12,0,12,0,12,0,12,0,12,0,12,0,12,0,12,0,12,0,12,0,12,835,194,74,59,835,194,0,12,25,38,7,13,0,12,835,194,62,62,0,12,0,12,700,173,28,25,0,12
"2271","060372625012","Block Group 2, Census Tract 2625.01, Los Angeles County, California",879,174,0,12,0,12,0,12,0,12,0,12,0,12,0,12,0,12,0,12,0,12,0,12,0,12,0,12,0,12,0,12,0,12,0,12,0,12,0,12,0,12,0,12,0,12,0,12,0,12,1012,249,57,41,1012,249,0,12,0,12,0,12,0,12,1012,249,78,81,0,12,0,12,811,189,28,45,9,14
"2272","060372625013","Block Group 3, Census Tract 2625.01, Los Angeles County, California",1766,296,0,12,0,12,0,12,0,12,0,12,0,12,0,12,0,12,0,12,0,12,0,12,0,12,0,12,0,12,0,12,0,12,0,12,0,12,0,12,0,12,0,12,0,12,0,12,0,12,1927,334,31,29,1938,337,0,12,0,12,11,18,0,12,1938,337,28,32,0,12,0,12,1772,329,112,97,0,12
"2273","060372412022","Block Group 2, Census Tract 2412.02, Los Angeles County, California",1077,386,1,2,0,12,0,12,0,12,0,12,0,12,0,12,0,12,197,104,0,12,0,12,0,12,0,12,0,12,0,12,0,12,18,27,46,48,0,12,0,12,0,12,0,12,0,12,0,12,1134,429,64,45,1134,429,0,12,101,75,21,31,0,12,1139,430,0,12,0,12,386,220,0,12,751,371,0,12
"2274","060372412023","Block Group 3, Census Tract 2412.02, Los Angeles County, California",1117,459,0,12,0,12,0,12,0,12,0,12,0,12,0,12,0,12,70,59,37,63,0,12,0,12,0,12,0,12,0,12,0,12,0,12,0,12,0,12,0,12,0,12,0,12,0,12,0,12,1363,542,609,379,1363,542,0,12,84,55,62,51,0,12,1363,542,0,12,0,12,180,139,0,12,1022,537,0,12
"2275","060371286011","Block Group 1, Census Tract 1286.01, Los Angeles County, California",2978,481,0,12,0,12,0,12,0,12,0,12,0,12,0,12,0,12,57,56,170,214,89,76,0,12,0,12,0,12,0,12,0,12,0,12,8,15,0,12,24,40,0,12,0,12,0,12,0,12,3175,501,909,356,3175,501,107,87,178,106,306,194,12,20,3175,501,139,166,0,12,201,218,1308,351,1481,389,0,12
"2276","060371281021","Block Group 1, Census Tract 1281.02, Los Angeles County, California",2683,405,11,16,0,12,0,12,0,12,0,12,0,12,0,12,0,12,265,117,62,50,42,43,0,12,11,18,0,12,14,22,0,12,11,17,58,42,0,12,0,12,11,17,0,12,0,12,0,12,2858,436,559,361,2858,436,22,33,167,95,397,163,0,12,2858,436,214,124,0,12,172,147,607,179,1852,391,0,12
"2277","060371281022","Block Group 2, Census Tract 1281.02, Los Angeles County, California",1684,401,0,12,0,12,0,12,0,12,0,12,0,12,0,12,0,12,88,67,67,58,0,12,0,12,18,32,0,12,0,12,0,12,10,14,17,25,0,12,0,12,34,39,11,19,0,12,0,12,1767,430,520,264,1767,430,0,12,151,88,212,124,17,25,1767,430,163,185,0,12,164,113,357,154,1021,328,0,12
"2278","060371281012","Block Group 2, Census Tract 1281.01, Los Angeles County, California",1182,338,0,12,0,12,14,23,0,12,0,12,0,12,0,12,0,12,105,74,18,26,13,16,0,12,0,12,0,12,0,12,0,12,0,12,0,12,21,32,21,32,0,12,0,12,0,12,0,12,1215,335,291,248,1215,335,0,12,21,27,25,28,0,12,1215,335,28,34,0,12,14,22,474,133,699,324,0,12
"2279","060371278063","Block Group 3, Census Tract 1278.06, Los Angeles County, California",990,318,0,12,0,12,0,12,0,12,0,12,0,12,0,12,0,12,169,117,14,23,0,12,0,12,32,31,0,12,0,12,0,12,6,11,0,12,0,12,0,12,0,12,0,12,0,12,0,12,1041,359,263,261,1041,359,52,62,97,114,76,59,0,12,1041,359,154,116,0,12,25,22,165,74,644,358,0,12
"2280","060371278061","Block Group 1, Census Tract 1278.06, Los Angeles County, California",1395,376,45,52,0,12,0,12,0,12,0,12,0,12,0,12,0,12,235,161,160,109,0,12,0,12,0,12,0,12,0,12,0,12,22,36,0,12,0,12,70,78,0,12,0,12,0,12,0,12,1476,381,274,190,1476,381,34,53,83,79,175,136,0,12,1476,381,115,127,0,12,38,61,272,141,1051,399,0,12
"2281","060371278041","Block Group 1, Census Tract 1278.04, Los Angeles County, California",4099,275,24,41,0,12,0,12,0,12,0,12,0,12,0,12,0,12,378,138,168,116,35,39,0,12,31,29,10,15,0,12,0,12,0,12,6,10,0,12,17,26,14,22,0,12,0,12,0,12,4345,291,721,283,4345,291,33,44,239,112,217,133,6,10,4352,292,543,171,0,12,208,78,1344,208,2115,349,22,35
"2282","060371278032","Block Group 2, Census Tract 1278.03, Los Angeles County, California",2519,604,0,12,23,35,25,40,0,12,0,12,0,12,0,12,0,12,330,189,121,138,51,80,0,12,0,12,0,12,0,12,0,12,40,44,39,53,40,42,22,34,0,12,0,12,0,12,0,12,2781,652,524,354,2781,652,0,12,68,71,210,120,0,12,2781,652,95,88,0,12,108,104,767,306,1800,680,0,12
"2283","060371277111","Block Group 1, Census Tract 1277.11, Los Angeles County, California",2792,376,0,12,0,12,0,12,0,12,0,12,0,12,0,12,0,12,320,145,22,35,36,39,0,12,12,20,0,12,0,12,0,12,6,10,33,39,0,12,18,25,0,12,0,12,0,12,0,12,3003,424,735,385,3003,424,104,95,155,77,210,132,72,70,3003,424,218,133,0,12,173,89,798,180,1794,389,0,12
"2284","060371277112","Block Group 2, Census Tract 1277.11, Los Angeles County, California",509,168,0,12,0,12,0,12,0,12,0,12,0,12,0,12,0,12,14,19,0,12,0,12,0,12,0,12,0,12,0,12,0,12,11,23,0,12,0,12,0,12,0,12,0,12,0,12,0,12,585,207,8,12,585,207,0,12,15,24,19,24,0,12,585,207,29,47,0,12,119,147,319,114,106,70,0,12
"2285","060371276031","Block Group 1, Census Tract 1276.03, Los Angeles County, California",1576,283,7,11,0,12,0,12,0,12,0,12,0,12,0,12,0,12,232,94,99,55,0,12,0,12,6,8,0,12,0,12,0,12,5,12,0,12,5,8,0,12,0,12,0,12,0,12,0,12,1772,332,324,173,1772,332,0,12,104,62,135,79,0,12,1772,332,37,29,7,10,38,31,257,101,1432,343,0,12
"2286","060371271031","Block Group 1, Census Tract 1271.03, Los Angeles County, California",2858,381,28,41,0,12,0,12,0,12,8,19,0,12,0,12,0,12,256,127,45,47,55,57,0,12,17,27,0,12,0,12,0,12,27,32,6,14,31,40,7,13,25,27,0,12,0,12,0,12,3109,432,450,292,3109,432,11,18,160,117,91,57,0,12,3109,432,238,176,0,12,116,88,765,299,1820,472,0,12
"2287","060371255021","Block Group 1, Census Tract 1255.02, Los Angeles County, California",2348,285,0,12,0,12,0,12,0,12,0,12,0,12,0,12,0,12,0,12,0,12,0,12,0,12,0,12,0,12,0,12,0,12,9,15,10,15,11,17,0,12,0,12,0,12,0,12,0,12,2448,297,407,162,2448,297,18,27,195,139,84,74,0,12,2448,297,298,179,11,17,135,76,1561,271,373,186,0,12
"2288","060372945202","Block Group 2, Census Tract 2945.20, Los Angeles County, California",1905,256,40,47,24,27,0,12,0,12,0,12,0,12,0,12,0,12,233,82,126,65,0,12,0,12,0,12,0,12,0,12,0,12,8,12,28,18,0,12,0,12,0,12,0,12,0,12,0,12,2059,280,391,169,2059,280,49,36,84,50,196,77,0,12,2059,280,18,20,0,12,2,4,99,50,1931,286,9,13
"2289","060372945201","Block Group 1, Census Tract 2945.20, Los Angeles County, California",1459,224,9,13,0,12,0,12,0,12,0,12,0,12,0,12,0,12,124,55,20,23,0,12,0,12,0,12,0,12,0,12,0,12,13,13,43,47,0,12,0,12,0,12,0,12,0,12,0,12,1646,257,327,183,1643,257,9,14,63,40,40,26,15,22,1651,257,6,9,0,12,78,116,32,27,1535,266,0,12
"2290","060372948201","Block Group 1, Census Tract 2948.20, Los Angeles County, California",1991,269,12,18,0,12,0,12,0,12,0,12,0,12,0,12,0,12,346,102,167,80,0,12,0,12,0,12,0,12,0,12,0,12,94,51,67,43,0,12,0,12,0,12,0,12,0,12,0,12,2140,288,456,231,2140,288,25,26,133,71,164,67,14,23,2140,288,0,12,0,12,24,27,5,7,2111,294,0,12
"2291","060372948202","Block Group 2, Census Tract 2948.20, Los Angeles County, California",1170,239,0,12,0,12,0,12,0,12,0,12,0,12,0,12,0,12,195,77,144,68,0,12,0,12,0,12,0,12,0,12,0,12,9,10,4,7,0,12,0,12,0,12,0,12,0,12,0,12,1333,267,358,214,1333,267,40,56,103,54,145,66,0,12,1333,267,58,57,0,12,7,9,21,22,1247,268,0,12
"2292","060372962202","Block Group 2, Census Tract 2962.20, Los Angeles County, California",2464,545,16,26,0,12,0,12,0,12,0,12,0,12,0,12,0,12,266,114,95,68,0,12,0,12,11,18,0,12,0,12,0,12,48,40,48,47,0,12,0,12,0,12,0,12,0,12,0,12,2591,571,1006,499,2591,571,0,12,68,63,62,89,52,61,2591,571,64,64,0,12,339,207,175,121,1935,527,0,12
"2293","060372962201","Block Group 1, Census Tract 2962.20, Los Angeles County, California",858,334,22,37,0,12,0,12,0,12,0,12,0,12,0,12,0,12,71,64,75,91,0,12,0,12,0,12,0,12,0,12,0,12,35,51,0,12,0,12,0,12,0,12,0,12,0,12,0,12,858,334,459,293,858,334,0,12,10,16,0,12,4,7,858,334,18,23,21,34,84,63,7,11,709,330,0,12
"2294","060372962203","Block Group 3, Census Tract 2962.20, Los Angeles County, California",985,200,0,12,0,12,0,12,0,12,0,12,0,12,0,12,0,12,0,12,0,12,0,12,0,12,86,100,0,12,0,12,0,12,53,51,7,14,0,12,0,12,57,60,38,38,0,12,0,12,998,202,246,158,965,190,0,12,5,9,26,32,0,12,998,202,340,219,0,12,145,161,230,101,258,122,0,12
"2295","060372973002","Block Group 2, Census Tract 2973, Los Angeles County, California",488,218,0,12,0,12,0,12,0,12,0,12,0,12,0,12,0,12,0,12,0,12,0,12,0,12,0,12,0,12,0,12,0,12,0,12,0,12,0,12,0,12,0,12,0,12,0,12,0,12,611,302,0,12,580,302,0,12,0,12,0,12,0,12,611,302,22,34,25,25,103,75,212,152,176,233,0,12
"2296","060372973001","Block Group 1, Census Tract 2973, Los Angeles County, California",815,184,0,12,0,12,0,12,0,12,0,12,0,12,0,12,0,12,0,12,0,12,0,12,0,12,0,12,0,12,0,12,0,12,0,12,0,12,0,12,0,12,9,13,0,12,0,12,0,12,845,197,44,34,808,188,6,9,0,12,15,16,0,12,872,199,39,36,0,12,24,27,523,148,265,138,0,12
"2297","060371060101","Block Group 1, Census Tract 1060.10, Los Angeles County, California",2883,315,0,12,0,12,0,12,0,12,0,12,0,12,0,12,0,12,113,61,5,7,0,12,0,12,0,12,0,12,0,12,0,12,62,44,4,8,0,12,0,12,0,12,0,12,0,12,0,12,3087,372,312,135,3093,372,69,88,32,24,104,86,0,12,3093,372,118,55,0,12,124,64,550,146,2227,397,0,12
"2298","060371060201","Block Group 1, Census Tract 1060.20, Los Angeles County, California",2328,442,12,20,0,12,0,12,0,12,0,12,0,12,0,12,0,12,159,114,42,36,0,12,0,12,0,12,0,12,0,12,0,12,118,90,25,28,0,12,0,12,0,12,0,12,0,12,0,12,2404,461,202,167,2418,468,9,15,73,55,78,68,0,12,2418,468,29,61,0,12,14,19,329,167,2034,454,0,12
"2299","060371061112","Block Group 2, Census Tract 1061.11, Los Angeles County, California",2547,317,0,12,0,12,0,12,0,12,0,12,0,12,0,12,0,12,31,41,0,12,0,12,0,12,25,20,0,12,0,12,0,12,18,20,0,12,0,12,8,14,0,12,0,12,0,12,0,12,2787,349,64,48,2787,349,0,12,28,42,110,81,0,12,2787,349,297,108,0,12,151,135,658,168,1611,315,22,35
"2300","060371061111","Block Group 1, Census Tract 1061.11, Los Angeles County, California",1389,268,29,38,0,12,0,12,0,12,0,12,0,12,0,12,0,12,47,56,0,12,0,12,0,12,0,12,0,12,0,12,0,12,0,12,0,12,9,15,0,12,12,17,0,12,0,12,0,12,1404,267,141,138,1404,267,0,12,10,16,133,98,0,12,1404,267,125,107,0,12,34,50,478,137,767,270,0,12
"2301","060372766013","Block Group 3, Census Tract 2766.01, Los Angeles County, California",731,168,0,12,0,12,0,12,0,12,0,12,0,12,0,12,0,12,0,12,0,12,0,12,0,12,0,12,0,12,0,12,0,12,0,12,0,12,0,12,0,12,0,12,0,12,0,12,0,12,777,185,32,31,777,185,0,12,0,12,8,12,0,12,777,185,96,82,0,12,24,37,522,192,97,83,0,12
"2302","060372766014","Block Group 4, Census Tract 2766.01, Los Angeles County, California",1126,263,0,12,0,12,0,12,0,12,0,12,0,12,0,12,0,12,0,12,0,12,0,12,0,12,0,12,0,12,0,12,0,12,0,12,0,12,0,12,0,12,0,12,0,12,0,12,0,12,1196,273,155,158,1196,273,0,12,0,12,0,12,0,12,1196,273,135,79,0,12,0,12,787,179,74,74,0,12
"2303","060376502004","Block Group 4, Census Tract 6502, Los Angeles County, California",1798,315,0,12,0,12,0,12,0,12,0,12,0,12,0,12,0,12,20,33,0,12,0,12,0,12,76,68,0,12,0,12,0,12,12,19,0,12,0,12,0,12,28,27,0,12,0,12,0,12,1874,342,155,119,1874,342,0,12,35,37,54,48,10,16,1874,342,465,181,0,12,20,25,594,165,634,226,15,22
"2304","060376502001","Block Group 1, Census Tract 6502, Los Angeles County, California",1202,299,0,12,0,12,0,12,0,12,0,12,0,12,0,12,0,12,0,12,0,12,0,12,0,12,0,12,0,12,0,12,0,12,0,12,0,12,0,12,0,12,8,13,14,23,0,12,0,12,1319,345,168,213,1319,345,0,12,21,32,21,30,0,12,1324,345,255,131,0,12,11,19,900,346,134,85,0,12
"2305","060376503003","Block Group 3, Census Tract 6503, Los Angeles County, California",1172,327,0,12,0,12,0,12,0,12,0,12,0,12,0,12,0,12,0,12,0,12,0,12,0,12,0,12,0,12,0,12,0,12,0,12,0,12,0,12,0,12,18,25,0,12,0,12,0,12,1189,332,52,68,1174,335,0,12,43,61,0,12,0,12,1189,332,267,186,37,57,93,90,396,158,243,199,0,12
"2306","060376503004","Block Group 4, Census Tract 6503, Los Angeles County, California",2129,528,0,12,0,12,0,12,0,12,0,12,0,12,0,12,0,12,0,12,0,12,68,93,0,12,0,12,0,12,24,39,0,12,0,12,0,12,0,12,0,12,0,12,37,60,0,12,0,12,2482,626,405,437,2482,626,207,324,60,92,146,169,0,12,2482,626,1100,420,0,12,184,172,435,262,670,497,60,92
"2307","060376700011","Block Group 1, Census Tract 6700.01, Los Angeles County, California",1812,262,0,12,0,12,0,12,0,12,0,12,0,12,0,12,0,12,24,32,0,12,0,12,0,12,0,12,0,12,0,12,0,12,0,12,0,12,0,12,0,12,0,12,0,12,0,12,0,12,1841,271,72,53,1837,274,37,35,36,38,67,70,0,12,1902,272,225,137,0,12,139,148,776,157,708,254,0,12
"2308","060374021022","Block Group 2, Census Tract 4021.02, Los Angeles County, California",1946,350,0,12,0,12,0,12,0,12,0,12,0,12,0,12,0,12,33,39,42,46,0,12,0,12,25,24,0,12,0,12,0,12,9,14,29,45,0,12,0,12,0,12,0,12,0,12,0,12,2059,383,202,128,2103,396,28,44,31,36,16,19,0,12,2150,398,192,72,44,85,260,139,291,112,1271,397,64,110
"2309","060374021021","Block Group 1, Census Tract 4021.02, Los Angeles County, California",1916,438,0,12,0,12,0,12,0,12,0,12,0,12,0,12,0,12,78,60,49,59,0,12,0,12,0,12,0,12,0,12,0,12,0,12,22,35,0,12,0,12,0,12,0,12,0,12,0,12,2077,470,248,231,2077,470,0,12,37,34,106,88,0,12,2077,470,154,201,0,12,180,111,186,95,1494,426,0,12
"2310","060374033211","Block Group 1, Census Tract 4033.21, Los Angeles County, California",3037,438,0,12,0,12,0,12,0,12,0,12,0,12,0,12,0,12,8,13,0,12,12,19,0,12,81,82,19,32,0,12,0,12,46,49,0,12,18,30,15,18,77,80,10,16,0,12,0,12,3209,446,159,96,3209,446,79,95,52,43,163,118,0,12,3220,444,1454,276,0,12,94,104,538,178,955,347,0,12
"2311","060374033212","Block Group 2, Census Tract 4033.21, Los Angeles County, California",1905,295,0,12,0,12,0,12,0,12,38,47,0,12,0,12,0,12,10,15,0,12,11,17,0,12,97,97,27,24,0,12,0,12,0,12,0,12,0,12,0,12,0,12,11,17,0,12,0,12,2109,354,379,223,2109,354,90,103,31,35,95,95,0,12,2123,358,800,280,0,12,122,139,589,191,554,228,0,12
"2312","060371197003","Block Group 3, Census Tract 1197, Los Angeles County, California",1483,421,0,12,0,12,0,12,0,12,0,12,0,12,0,12,0,12,67,55,52,72,0,12,0,12,4,7,4,7,0,12,0,12,0,12,41,73,0,12,0,12,0,12,0,12,0,12,0,12,1517,439,16,17,1526,439,0,12,24,40,64,60,0,12,1526,439,148,124,0,12,0,12,172,116,1206,379,0,12
"2313","060371197002","Block Group 2, Census Tract 1197, Los Angeles County, California",1902,417,0,12,0,12,0,12,0,12,0,12,0,12,0,12,0,12,58,62,17,23,0,12,25,40,6,10,3,7,0,12,0,12,9,13,0,12,98,106,0,12,7,24,0,12,0,12,0,12,1996,439,162,128,2004,436,89,105,59,51,110,94,2,21,2004,436,787,243,0,12,0,12,457,319,714,317,0,12
"2314","060371175301","Block Group 1, Census Tract 1175.30, Los Angeles County, California",2542,430,19,24,0,12,0,12,0,12,0,12,0,12,0,12,0,12,447,168,229,86,0,12,0,12,10,15,0,12,0,12,0,12,57,48,0,12,0,12,0,12,53,49,8,15,0,12,0,12,2781,491,606,340,2803,492,10,16,48,46,167,93,0,12,2803,492,237,152,0,12,30,46,58,62,2462,501,0,12
"2315","060371193101","Block Group 1, Census Tract 1193.10, Los Angeles County, California",1950,296,0,12,0,12,0,12,0,12,0,12,0,12,0,12,0,12,194,135,100,84,7,12,0,12,0,12,0,12,40,38,0,12,31,35,10,17,33,53,45,39,0,12,0,12,0,12,0,12,2014,301,456,230,2014,301,44,80,48,52,166,101,16,28,2014,301,191,76,0,12,84,55,279,134,1454,314,6,10
"2316","060371194002","Block Group 2, Census Tract 1194, Los Angeles County, California",1763,410,0,12,0,12,0,12,0,12,0,12,0,12,0,12,0,12,73,70,72,59,0,12,0,12,11,15,0,12,0,12,0,12,82,58,60,53,0,12,0,12,14,19,0,12,0,12,0,12,1843,440,449,383,1854,441,17,25,245,174,98,60,0,12,1854,441,136,135,0,12,0,12,111,121,1584,430,0,12
"2317","060371194003","Block Group 3, Census Tract 1194, Los Angeles County, California",1386,453,0,12,0,12,0,12,0,12,0,12,0,12,0,12,0,12,166,95,0,12,0,12,0,12,0,12,0,12,0,12,0,12,7,12,23,36,22,33,0,12,28,45,0,12,0,12,0,12,1415,474,48,45,1415,474,0,12,202,192,52,40,0,12,1415,474,116,80,0,12,0,12,130,94,1169,482,0,12
"2318","060375402031","Block Group 1, Census Tract 5402.03, Los Angeles County, California",2762,553,56,51,0,12,0,12,0,12,0,12,0,12,0,12,0,12,217,100,66,48,0,12,0,12,6,14,0,12,0,12,0,12,43,44,25,32,0,12,0,12,10,22,0,12,0,12,0,12,2901,563,869,289,2901,563,68,61,135,71,225,86,0,12,2967,573,16,36,0,12,165,139,15,29,2731,538,40,61
"2319","060375410021","Block Group 1, Census Tract 5410.02, Los Angeles County, California",3182,290,0,12,0,12,0,12,0,12,0,12,0,12,0,12,0,12,29,32,20,26,0,12,0,12,0,12,0,12,0,12,0,12,11,15,2,4,8,13,0,12,0,12,0,12,0,12,0,12,3256,288,532,383,3277,282,16,27,39,36,167,73,0,12,3318,280,34,34,0,12,1828,358,485,166,958,240,0,12
"2320","060375418023","Block Group 3, Census Tract 5418.02, Los Angeles County, California",1854,413,57,72,0,12,0,12,0,12,0,12,0,12,0,12,0,12,201,94,49,51,0,12,0,12,0,12,0,12,0,12,0,12,31,39,11,20,0,12,0,12,22,37,0,12,0,12,0,12,1945,444,207,211,1945,444,49,49,54,50,190,138,0,12,1945,444,64,86,0,12,171,154,8,13,1691,466,0,12
"2321","060375418022","Block Group 2, Census Tract 5418.02, Los Angeles County, California",1438,438,0,12,0,12,0,12,0,12,0,12,0,12,0,12,0,12,230,137,64,57,0,12,0,12,0,12,0,12,0,12,0,12,0,12,0,12,0,12,0,12,12,22,0,12,0,12,0,12,1572,524,143,207,1572,524,0,12,181,144,138,119,0,12,1572,524,43,77,0,12,404,189,0,12,1125,548,0,12
"2322","060375418021","Block Group 1, Census Tract 5418.02, Los Angeles County, California",999,333,0,12,0,12,0,12,0,12,0,12,0,12,0,12,0,12,34,37,63,65,0,12,0,12,0,12,0,12,0,12,0,12,51,53,0,12,0,12,0,12,0,12,0,12,0,12,0,12,1108,370,190,150,1108,370,67,84,65,55,88,77,0,12,1108,370,0,12,0,12,0,12,26,32,1082,372,0,12
"2323","060375430003","Block Group 3, Census Tract 5430, Los Angeles County, California",551,316,0,12,0,12,0,12,0,12,0,12,0,12,0,12,0,12,55,66,0,12,0,12,0,12,0,12,0,12,0,12,0,12,0,12,27,42,0,12,0,12,0,12,0,12,0,12,0,12,663,363,223,210,663,363,18,30,0,12,24,37,0,12,663,363,0,12,0,12,238,192,0,12,425,360,0,12
"2324","060375430001","Block Group 1, Census Tract 5430, Los Angeles County, California",1423,327,23,32,0,12,0,12,0,12,0,12,0,12,0,12,0,12,258,173,42,66,0,12,0,12,0,12,0,12,0,12,0,12,65,95,0,12,0,12,0,12,0,12,0,12,0,12,0,12,1558,309,185,205,1558,309,0,12,112,100,70,83,0,12,1558,309,0,12,0,12,541,356,2,6,1004,402,0,12
"2325","060375430005","Block Group 5, Census Tract 5430, Los Angeles County, California",1090,459,0,12,0,12,0,12,0,12,0,12,0,12,0,12,0,12,18,28,0,12,0,12,0,12,0,12,0,12,0,12,0,12,48,72,0,12,0,12,0,12,0,12,0,12,0,12,0,12,1090,459,23,27,1090,459,0,12,14,23,0,12,13,21,1090,459,9,15,11,17,571,254,0,12,487,411,0,12
"2326","060376032002","Block Group 2, Census Tract 6032, Los Angeles County, California",1087,268,0,12,0,12,0,12,0,12,0,12,0,12,0,12,0,12,20,32,0,12,0,12,0,12,80,62,0,12,0,12,0,12,8,14,0,12,0,12,0,12,38,36,0,12,0,12,0,12,1125,279,72,57,1125,279,0,12,0,12,81,47,7,13,1125,279,534,164,0,12,89,100,209,151,266,230,0,12
"2327","060374055003","Block Group 3, Census Tract 4055, Los Angeles County, California",898,217,0,12,0,12,0,12,0,12,0,12,0,12,0,12,0,12,31,38,0,12,0,12,0,12,0,12,0,12,0,12,0,12,0,12,0,12,0,12,0,12,0,12,0,12,0,12,0,12,987,254,103,174,987,254,0,12,8,12,0,12,0,12,987,254,32,30,0,12,22,30,90,59,843,258,0,12
"2328","060374055001","Block Group 1, Census Tract 4055, Los Angeles County, California",372,158,0,12,0,12,0,12,0,12,0,12,0,12,0,12,0,12,0,12,0,12,0,12,0,12,24,28,14,24,0,12,0,12,0,12,9,15,0,12,0,12,0,12,0,12,0,12,0,12,372,158,46,63,372,158,0,12,0,12,0,12,0,12,372,158,153,86,0,12,0,12,67,62,152,118,0,12
"2329","060374055002","Block Group 2, Census Tract 4055, Los Angeles County, California",1934,384,20,24,0,12,0,12,0,12,0,12,0,12,0,12,0,12,35,38,0,12,0,12,0,12,42,66,0,12,0,12,0,12,0,12,0,12,0,12,0,12,0,12,0,12,0,12,0,12,2129,431,106,88,2129,431,21,34,51,53,5,8,0,12,2129,431,459,274,0,12,3,4,188,160,1447,375,32,48
"2330","060374055005","Block Group 5, Census Tract 4055, Los Angeles County, California",1131,302,35,53,0,12,0,12,0,12,0,12,0,12,0,12,0,12,8,13,0,12,0,12,0,12,56,41,13,20,0,12,0,12,14,17,28,38,0,12,0,12,0,12,0,12,0,12,0,12,1228,325,62,62,1228,325,0,12,12,19,15,17,0,12,1228,325,264,140,10,19,0,12,230,167,644,262,28,36
"2331","060374055006","Block Group 6, Census Tract 4055, Los Angeles County, California",978,295,0,12,0,12,0,12,0,12,0,12,0,12,0,12,0,12,33,27,79,94,0,12,0,12,47,40,0,12,0,12,0,12,11,17,0,12,0,12,0,12,20,33,11,18,0,12,0,12,1030,322,58,65,1030,322,15,24,22,26,63,62,0,12,1030,322,268,166,0,12,26,46,163,120,559,321,0,12
"2332","060374055004","Block Group 4, Census Tract 4055, Los Angeles County, California",782,238,0,12,0,12,0,12,0,12,0,12,0,12,0,12,0,12,0,12,0,12,0,12,0,12,17,27,0,12,0,12,0,12,20,22,0,12,0,12,0,12,22,35,20,28,0,12,0,12,832,274,11,17,850,281,0,12,0,12,0,12,0,12,850,281,223,138,0,12,0,12,167,98,433,236,0,12
"2333","060374084011","Block Group 1, Census Tract 4084.01, Los Angeles County, California",2061,469,0,12,0,12,0,12,0,12,0,12,0,12,0,12,0,12,18,22,0,12,0,12,50,84,154,145,11,17,0,12,0,12,5,11,5,11,0,12,0,12,50,44,0,12,0,12,18,27,2124,503,224,184,2124,503,0,12,53,68,133,97,7,11,2159,500,512,279,0,12,113,161,300,97,1226,445,0,12
"2334","060374084012","Block Group 2, Census Tract 4084.01, Los Angeles County, California",2158,491,0,12,0,12,0,12,0,12,0,12,0,12,0,12,0,12,9,13,0,12,0,12,0,12,124,63,0,12,0,12,0,12,17,26,78,79,0,12,0,12,10,14,52,50,0,12,0,12,2230,490,135,125,2230,490,0,12,52,59,38,37,0,12,2230,490,618,128,0,12,0,12,117,121,1495,464,0,12
"2335","060374084021","Block Group 1, Census Tract 4084.02, Los Angeles County, California",1292,335,0,12,0,12,0,12,0,12,0,12,0,12,0,12,0,12,39,44,0,12,0,12,0,12,60,40,0,12,0,12,0,12,56,54,0,12,0,12,0,12,17,21,21,23,0,12,0,12,1326,344,172,162,1342,348,0,12,0,12,43,45,0,12,1342,348,225,110,0,12,0,12,203,89,903,341,11,17
"2336","060374084022","Block Group 2, Census Tract 4084.02, Los Angeles County, California",1506,405,8,14,0,12,0,12,0,12,0,12,0,12,0,12,0,12,15,23,0,12,0,12,0,12,34,37,0,12,0,12,0,12,10,16,0,12,0,12,0,12,78,83,0,12,0,12,0,12,1525,402,10,15,1525,402,0,12,28,43,8,13,5,11,1525,402,371,171,0,12,0,12,336,151,818,324,0,12
"2337","060374306002","Block Group 2, Census Tract 4306, Los Angeles County, California",995,292,0,12,0,12,0,12,0,12,0,12,0,12,0,12,0,12,0,12,0,12,0,12,0,12,44,44,0,12,0,12,0,12,0,12,0,12,0,12,0,12,12,18,41,41,0,12,0,12,1021,297,196,258,1021,297,0,12,11,15,55,65,6,9,1021,297,477,176,0,12,26,41,446,279,16,25,0,12
"2338","060373011004","Block Group 4, Census Tract 3011, Los Angeles County, California",719,238,0,12,0,12,0,12,0,12,0,12,0,12,0,12,0,12,0,12,0,12,0,12,0,12,0,12,0,12,0,12,0,12,0,12,0,12,0,12,0,12,0,12,0,12,0,12,0,12,739,238,30,32,739,238,0,12,16,25,0,12,0,12,739,238,49,38,0,12,25,42,574,232,35,37,0,12
"2339","060373011005","Block Group 5, Census Tract 3011, Los Angeles County, California",1555,473,0,12,0,12,0,12,0,12,0,12,0,12,0,12,0,12,0,12,0,12,241,220,0,12,0,12,0,12,0,12,0,12,0,12,0,12,54,67,44,71,0,12,0,12,0,12,0,12,1612,510,137,112,1612,510,0,12,96,150,108,118,0,12,1612,510,81,69,0,12,33,56,1371,505,79,68,0,12
"2340","060373011001","Block Group 1, Census Tract 3011, Los Angeles County, California",747,353,0,12,0,12,0,12,0,12,0,12,0,12,0,12,0,12,0,12,0,12,0,12,0,12,0,12,0,12,0,12,0,12,0,12,0,12,0,12,0,12,0,12,0,12,0,12,0,12,781,353,46,75,744,325,0,12,0,12,0,12,0,12,781,353,43,50,0,12,13,23,411,269,314,324,0,12
"2341","060373011003","Block Group 3, Census Tract 3011, Los Angeles County, California",832,282,0,12,0,12,0,12,0,12,0,12,0,12,0,12,0,12,0,12,0,12,0,12,0,12,0,12,0,12,0,12,0,12,0,12,0,12,72,68,0,12,0,12,0,12,0,12,0,12,942,298,0,12,942,298,0,12,0,12,27,45,0,12,942,298,49,50,0,12,0,12,817,304,52,82,0,12
"2342","060373022023","Block Group 3, Census Tract 3022.02, Los Angeles County, California",791,220,0,12,0,12,0,12,0,12,0,12,0,12,0,12,0,12,56,56,14,23,17,27,20,31,0,12,0,12,0,12,0,12,14,23,0,12,0,12,20,30,0,12,0,12,0,12,0,12,831,239,188,144,831,239,0,12,47,52,71,57,0,12,831,239,300,178,0,12,0,12,111,56,416,206,0,12
"2343","060373022024","Block Group 4, Census Tract 3022.02, Los Angeles County, California",679,263,0,12,0,12,0,12,0,12,0,12,0,12,0,12,0,12,0,12,13,19,43,53,40,36,0,12,0,12,0,12,0,12,7,10,14,19,36,33,75,73,0,12,0,12,0,12,0,12,724,290,114,86,724,290,0,12,7,11,9,13,0,12,724,290,18,29,0,12,0,12,447,185,241,193,0,12
"2344","060373023023","Block Group 3, Census Tract 3023.02, Los Angeles County, California",1254,289,0,12,0,12,0,12,0,12,0,12,0,12,0,12,0,12,89,57,0,12,52,49,0,12,7,12,9,15,0,12,0,12,62,75,28,36,57,41,43,58,0,12,19,31,0,12,0,12,1194,290,211,184,1194,290,43,67,44,51,65,54,0,12,1310,313,220,119,0,12,11,12,571,199,501,246,0,12
"2345","060373023024","Block Group 4, Census Tract 3023.02, Los Angeles County, California",1152,261,0,12,0,12,0,12,0,12,0,12,0,12,0,12,0,12,50,45,0,12,12,13,0,12,0,12,0,12,0,12,0,12,0,12,0,12,0,12,7,12,0,12,0,12,0,12,0,12,1152,261,112,72,1152,261,0,12,71,60,27,31,0,12,1152,261,171,95,0,12,38,38,412,129,488,233,0,12
"2346","060373113001","Block Group 1, Census Tract 3113, Los Angeles County, California",767,234,0,12,0,12,0,12,0,12,0,12,0,12,0,12,0,12,47,51,0,12,0,12,0,12,1,8,0,12,0,12,0,12,13,21,0,12,0,12,0,12,1,11,1,11,0,12,0,12,818,248,191,180,804,246,5,18,19,33,34,58,0,12,818,248,26,62,0,12,14,22,470,173,294,192,0,12
"2347","060373113002","Block Group 2, Census Tract 3113, Los Angeles County, California",1404,226,0,12,10,16,0,12,0,12,0,12,0,12,0,12,0,12,0,12,0,12,0,12,0,12,0,12,0,12,0,12,0,12,0,12,0,12,16,24,0,12,0,12,0,12,0,12,0,12,1498,241,150,190,1498,241,19,28,100,106,48,59,9,14,1498,241,168,151,0,12,33,47,795,159,397,208,0,12
"2348","060373200001","Block Group 1, Census Tract 3200, Los Angeles County, California",0,12,0,12,0,12,0,12,0,12,0,12,0,12,0,12,0,12,0,12,0,12,0,12,0,12,0,12,0,12,0,12,0,12,0,12,0,12,0,12,0,12,0,12,0,12,0,12,0,12,0,12,0,12,0,12,0,12,0,12,0,12,0,12,0,12,0,12,0,12,0,12,0,12,0,12,0,12
"2349","060374086291","Block Group 1, Census Tract 4086.29, Los Angeles County, California",1335,198,0,12,0,12,0,12,0,12,0,12,0,12,0,12,0,12,0,12,0,12,6,9,0,12,143,66,7,10,0,12,0,12,0,12,0,12,0,12,0,12,30,18,6,9,0,12,0,12,1368,199,185,165,1368,199,0,12,25,19,57,53,0,12,1368,199,808,139,0,12,45,46,202,75,291,187,6,9
"2350","060374307241","Block Group 1, Census Tract 4307.24, Los Angeles County, California",2227,363,0,12,0,12,0,12,0,12,20,32,0,12,0,12,0,12,28,40,0,12,0,12,0,12,242,127,11,21,0,12,0,12,0,12,0,12,0,12,0,12,13,20,66,62,0,12,0,12,2396,443,270,175,2396,443,0,12,12,25,57,59,22,37,2396,443,1699,437,0,12,70,71,287,123,316,224,0,12
"2351","060374311004","Block Group 4, Census Tract 4311, Los Angeles County, California",638,204,1,2,0,12,0,12,0,12,0,12,0,12,0,12,0,12,48,57,0,12,0,12,0,12,0,12,0,12,0,12,0,12,0,12,0,12,0,12,0,12,0,12,0,12,0,12,0,12,663,228,13,22,663,228,0,12,0,12,48,57,0,12,668,229,29,48,59,97,2,2,206,169,372,257,0,12
"2352","060374311003","Block Group 3, Census Tract 4311, Los Angeles County, California",1129,334,0,12,0,12,0,12,0,12,0,12,0,12,0,12,0,12,26,41,0,12,0,12,0,12,0,12,0,12,0,12,0,12,0,12,24,37,0,12,0,12,9,14,0,12,0,12,0,12,1141,335,151,113,1141,335,0,12,32,41,64,61,0,12,1141,335,136,152,0,12,83,73,293,176,629,362,0,12
"2353","060374311001","Block Group 1, Census Tract 4311, Los Angeles County, California",2043,650,0,12,0,12,0,12,0,12,0,12,0,12,0,12,0,12,50,51,0,12,0,12,0,12,0,12,173,202,0,12,0,12,26,34,16,27,0,12,0,12,0,12,0,12,0,12,0,12,2063,655,59,79,2063,655,0,12,97,86,109,93,0,12,2063,655,565,269,0,12,12,20,193,148,1274,656,0,12
"2354","060374323001","Block Group 1, Census Tract 4323, Los Angeles County, California",1596,344,0,12,0,12,0,12,0,12,16,18,0,12,0,12,0,12,80,89,130,111,0,12,0,12,99,69,25,29,0,12,0,12,39,49,9,15,3,6,0,12,19,17,20,27,0,12,0,12,1714,428,332,237,1726,428,0,12,99,71,125,103,0,12,1726,428,492,278,274,349,0,12,95,70,856,340,0,12
"2355","060374323003","Block Group 3, Census Tract 4323, Los Angeles County, California",1273,323,0,12,0,12,0,12,0,12,0,12,0,12,0,12,0,12,50,52,9,15,0,12,0,12,67,45,29,29,0,12,0,12,0,12,9,15,0,12,0,12,14,19,5,10,0,12,0,12,1448,381,115,87,1448,381,0,12,60,78,28,34,0,12,1448,381,492,238,16,27,0,12,207,136,733,314,0,12
"2356","060374082122","Block Group 2, Census Tract 4082.12, Los Angeles County, California",1999,408,0,12,0,12,0,12,0,12,0,12,0,12,0,12,0,12,0,12,0,12,0,12,0,12,136,78,81,81,0,12,0,12,40,51,31,48,0,12,0,12,107,63,123,113,0,12,0,12,2213,442,308,200,2213,442,0,12,35,39,91,75,0,12,2213,442,1364,301,0,12,40,49,89,70,698,355,0,12
"2357","060374086262","Block Group 2, Census Tract 4086.26, Los Angeles County, California",920,207,0,12,0,12,0,12,0,12,0,12,0,12,0,12,0,12,11,16,0,12,0,12,0,12,60,55,61,65,0,12,0,12,0,12,0,12,0,12,0,12,40,40,10,15,0,12,0,12,969,226,51,44,969,226,0,12,101,99,10,16,10,15,969,226,588,178,0,12,0,12,84,60,297,184,0,12
"2358","060374318002","Block Group 2, Census Tract 4318, Los Angeles County, California",1762,391,0,12,0,12,0,12,0,12,14,22,0,12,0,12,0,12,4,9,0,12,0,12,0,12,57,39,8,14,0,12,0,12,9,14,12,26,0,12,0,12,172,102,16,18,0,12,0,12,1807,423,50,36,1807,423,0,12,16,23,30,45,0,12,1858,430,1220,392,0,12,14,17,466,190,138,84,0,12
"2359","060374318003","Block Group 3, Census Tract 4318, Los Angeles County, California",1725,298,0,12,0,12,0,12,0,12,0,12,0,12,0,12,0,12,39,61,0,12,0,12,0,12,74,64,181,231,0,12,0,12,0,12,0,12,0,12,0,12,25,29,16,25,0,12,0,12,1807,306,126,136,1807,306,0,12,24,27,6,11,0,12,1807,306,1254,323,0,12,0,12,351,140,157,142,0,12
"2360","060375732023","Block Group 3, Census Tract 5732.02, Los Angeles County, California",1995,418,0,12,0,12,0,12,0,12,7,12,0,12,0,12,0,12,125,89,61,51,23,35,0,12,20,24,0,12,0,12,0,12,42,49,26,41,0,12,0,12,10,16,0,12,0,12,0,12,2180,473,320,135,2211,471,0,12,73,75,112,76,0,12,2220,472,469,254,0,12,329,153,51,46,1354,353,17,28
"2361","060375732022","Block Group 2, Census Tract 5732.02, Los Angeles County, California",2225,402,0,12,0,12,0,12,0,12,0,12,0,12,0,12,0,12,117,78,13,23,0,12,0,12,66,46,0,12,0,12,0,12,9,15,10,17,0,12,0,12,37,38,0,12,0,12,0,12,2340,428,442,201,2340,428,0,12,212,149,134,85,0,12,2340,428,356,203,0,12,496,239,237,169,1124,312,115,113
"2362","060374070012","Block Group 2, Census Tract 4070.01, Los Angeles County, California",3175,625,29,45,0,12,0,12,0,12,0,12,0,12,0,12,0,12,427,187,120,77,0,12,0,12,33,43,0,12,0,12,0,12,85,64,31,30,0,12,0,12,5,8,0,12,0,12,0,12,3342,639,718,470,3342,639,25,26,146,83,297,184,0,12,3342,639,123,126,0,12,16,17,0,12,3192,655,0,12
"2363","060374070013","Block Group 3, Census Tract 4070.01, Los Angeles County, California",1731,522,0,12,0,12,0,12,0,12,0,12,0,12,0,12,0,12,244,121,6,10,5,8,0,12,0,12,0,12,0,12,0,12,86,80,12,19,0,12,0,12,0,12,0,12,0,12,0,12,1914,615,125,137,1936,623,22,34,56,50,97,87,0,12,1936,623,22,42,0,12,0,12,61,44,1829,628,0,12
"2364","060374303021","Block Group 1, Census Tract 4303.02, Los Angeles County, California",1175,304,0,12,0,12,0,12,0,12,0,12,0,12,0,12,0,12,0,12,0,12,0,12,0,12,29,43,0,12,0,12,0,12,0,12,0,12,0,12,0,12,0,12,0,12,0,12,0,12,1207,320,141,117,1207,320,0,12,62,102,22,35,0,12,1207,320,56,69,17,27,0,12,400,148,662,281,0,12
"2365","060371920021","Block Group 1, Census Tract 1920.02, Los Angeles County, California",422,102,0,12,0,12,0,12,0,12,0,12,0,12,0,12,0,12,0,12,0,12,0,12,0,12,0,12,0,12,0,12,0,12,0,12,0,12,0,12,0,12,0,12,0,12,0,12,0,12,434,108,15,23,434,108,0,12,31,29,18,19,0,12,434,108,22,24,0,12,0,12,350,103,45,33,0,12
"2366","060371920023","Block Group 3, Census Tract 1920.02, Los Angeles County, California",1202,267,0,12,0,12,0,12,0,12,0,12,0,12,0,12,0,12,0,12,0,12,12,20,0,12,0,12,0,12,0,12,0,12,0,12,0,12,12,19,0,12,0,12,0,12,8,14,0,12,1215,260,140,129,1215,260,0,12,59,51,8,12,0,12,1240,262,69,53,0,12,29,31,993,245,109,107,0,12
"2367","060371061142","Block Group 2, Census Tract 1061.14, Los Angeles County, California",1479,410,0,12,0,12,0,12,0,12,0,12,0,12,0,12,0,12,134,84,133,84,0,12,0,12,0,12,0,12,0,12,0,12,48,40,42,49,0,12,0,12,0,12,0,12,0,12,0,12,1522,424,309,276,1522,424,0,12,25,39,14,18,0,12,1522,424,34,53,0,12,47,70,27,24,1414,442,0,12
"2368","060371066423","Block Group 3, Census Tract 1066.42, Los Angeles County, California",988,275,9,15,0,12,0,12,0,12,0,12,0,12,0,12,0,12,13,18,0,12,0,12,0,12,0,12,0,12,0,12,0,12,0,12,0,12,0,12,0,12,0,12,0,12,0,12,0,12,1003,272,66,69,1003,272,0,12,0,12,18,29,0,12,1010,272,154,155,0,12,107,104,451,174,250,222,0,12
"2369","060371066422","Block Group 2, Census Tract 1066.42, Los Angeles County, California",752,188,0,12,0,12,0,12,0,12,0,12,0,12,0,12,0,12,0,12,0,12,15,20,0,12,0,12,0,12,0,12,0,12,16,24,0,12,0,12,0,12,0,12,0,12,0,12,0,12,789,197,12,19,789,197,0,12,0,12,0,12,0,12,789,197,0,12,0,12,0,12,508,154,270,139,0,12
"2370","060374819012","Block Group 2, Census Tract 4819.01, Los Angeles County, California",604,200,0,12,0,12,0,12,0,12,4,10,0,12,0,12,0,12,9,15,0,12,0,12,0,12,26,30,49,56,0,12,0,12,0,12,0,12,0,12,0,12,27,39,59,55,0,12,0,12,604,200,133,122,604,200,0,12,0,12,7,10,0,12,604,200,210,142,0,12,7,10,232,132,145,100,0,12
"2371","060374641004","Block Group 4, Census Tract 4641, Los Angeles County, California",621,246,0,12,0,12,0,12,0,12,22,34,0,12,0,12,0,12,28,45,0,12,0,12,0,12,0,12,0,12,0,12,0,12,0,12,0,12,0,12,0,12,43,49,0,12,0,12,0,12,647,270,0,12,647,270,0,12,0,12,28,45,0,12,647,270,407,231,0,12,0,12,145,92,51,61,0,12
"2372","060374641001","Block Group 1, Census Tract 4641, Los Angeles County, California",1099,255,0,12,0,12,0,12,0,12,0,12,0,12,0,12,0,12,0,12,0,12,0,12,0,12,0,12,0,12,0,12,0,12,0,12,0,12,0,12,0,12,0,12,0,12,0,12,0,12,1172,283,0,12,1172,283,0,12,0,12,0,12,17,29,1172,283,506,220,27,42,0,12,494,237,119,94,0,12
"2373","060374641005","Block Group 5, Census Tract 4641, Los Angeles County, California",859,239,0,12,0,12,0,12,0,12,0,12,0,12,0,12,0,12,0,12,0,12,0,12,0,12,54,69,23,36,0,12,0,12,0,12,0,12,0,12,0,12,0,12,0,12,0,12,0,12,859,239,158,189,859,239,0,12,0,12,0,12,0,12,859,239,426,197,0,12,0,12,368,240,0,12,0,12
"2374","060375439052","Block Group 2, Census Tract 5439.05, Los Angeles County, California",1966,331,5,7,0,12,0,12,0,12,0,12,0,12,0,12,0,12,252,115,89,56,0,12,0,12,0,12,0,12,0,12,0,12,69,59,44,36,0,12,0,12,9,15,7,10,0,12,0,12,2164,369,477,236,2164,369,23,27,110,74,240,114,20,29,2164,369,150,104,105,156,134,119,0,12,1770,342,0,12
"2375","060374823033","Block Group 3, Census Tract 4823.03, Los Angeles County, California",2361,532,16,25,0,12,0,12,0,12,0,12,0,12,0,12,0,12,64,67,0,12,0,12,0,12,299,122,94,70,0,12,0,12,99,92,62,78,0,12,0,12,89,75,43,56,0,12,0,12,2613,563,302,204,2608,563,0,12,30,28,20,26,0,12,2613,563,1569,478,0,12,0,12,7,11,1037,325,0,12
"2376","060371091001","Block Group 1, Census Tract 1091, Los Angeles County, California",1034,253,0,12,0,12,0,12,0,12,0,12,0,12,0,12,0,12,51,42,12,14,0,12,0,12,0,12,0,12,0,12,0,12,21,18,7,10,0,12,0,12,0,12,0,12,0,12,0,12,1066,253,54,33,1073,256,0,12,0,12,24,17,0,12,1073,256,109,158,0,12,0,12,271,67,693,238,0,12
"2377","060371091002","Block Group 2, Census Tract 1091, Los Angeles County, California",1571,360,0,12,0,12,0,12,0,12,0,12,0,12,0,12,0,12,83,57,44,38,0,12,0,12,0,12,0,12,0,12,0,12,30,25,5,7,53,71,64,82,19,23,7,16,0,12,0,12,1504,356,68,54,1539,364,5,9,0,12,73,43,0,12,1724,404,221,113,0,12,8,16,410,206,1078,270,7,10
"2378","060371095002","Block Group 2, Census Tract 1095, Los Angeles County, California",1816,416,10,16,0,12,0,12,0,12,0,12,0,12,0,12,0,12,220,114,77,66,0,12,0,12,0,12,0,12,0,12,0,12,81,104,34,55,0,12,0,12,0,12,0,12,0,12,0,12,2061,518,552,531,2061,518,12,19,31,26,58,46,0,12,2061,518,78,92,0,12,63,96,79,99,1841,526,0,12
"2379","060371095001","Block Group 1, Census Tract 1095, Los Angeles County, California",1073,459,0,12,0,12,0,12,0,12,0,12,0,12,0,12,0,12,197,117,42,54,0,12,0,12,0,12,0,12,0,12,0,12,27,34,9,16,0,12,0,12,0,12,0,12,0,12,0,12,1111,473,406,279,1111,473,0,12,80,87,24,40,0,12,1111,473,0,12,0,12,0,12,15,28,1096,465,0,12
"2380","060371112022","Block Group 2, Census Tract 1112.02, Los Angeles County, California",1701,404,0,12,0,12,0,12,0,12,0,12,0,12,0,12,0,12,0,12,0,12,24,27,0,12,0,12,0,12,0,12,0,12,0,12,7,16,0,12,0,12,8,16,0,12,0,12,0,12,1659,416,121,80,1659,416,17,28,18,22,15,24,0,12,1772,424,233,165,0,12,94,120,1063,334,347,187,0,12
"2381","060371112023","Block Group 3, Census Tract 1112.02, Los Angeles County, California",2231,514,0,12,0,12,42,67,0,12,0,12,0,12,0,12,0,12,20,28,19,27,0,12,0,12,33,34,6,16,0,12,0,12,0,12,0,12,0,12,0,12,5,8,0,12,0,12,0,12,2367,521,86,99,2367,521,0,12,0,12,49,58,0,12,2367,521,381,162,0,12,8,14,1104,380,865,393,9,20
"2382","060371112021","Block Group 1, Census Tract 1112.02, Los Angeles County, California",1011,266,0,12,0,12,0,12,0,12,0,12,0,12,0,12,0,12,0,12,0,12,0,12,0,12,4,8,0,12,0,12,0,12,0,12,28,47,0,12,0,12,0,12,0,12,0,12,0,12,1030,272,30,43,1030,272,19,29,38,57,70,74,0,12,1030,272,125,112,0,12,0,12,482,218,362,271,0,12
"2383","060371113012","Block Group 2, Census Tract 1113.01, Los Angeles County, California",1613,409,0,12,0,12,0,12,0,12,0,12,0,12,0,12,0,12,48,71,0,12,0,12,0,12,75,78,41,66,0,12,0,12,0,12,0,12,0,12,0,12,0,12,0,12,48,76,0,12,1657,429,349,271,1657,429,23,39,53,66,161,135,0,12,1657,429,749,419,0,12,121,136,276,160,489,385,0,12
"2384","060371113011","Block Group 1, Census Tract 1113.01, Los Angeles County, California",1344,453,0,12,0,12,0,12,0,12,0,12,0,12,0,12,0,12,20,30,19,29,0,12,0,12,0,12,0,12,0,12,0,12,0,12,0,12,0,12,0,12,0,12,21,34,0,12,0,12,1568,637,69,75,1573,637,11,17,0,12,116,114,0,12,1580,635,434,501,0,12,60,80,564,377,448,286,0,12
"2385","060371151013","Block Group 3, Census Tract 1151.01, Los Angeles County, California",1540,381,0,12,0,12,0,12,0,12,0,12,0,12,0,12,0,12,41,47,45,60,4,11,0,12,0,12,0,12,0,12,0,12,0,12,0,12,0,12,0,12,0,12,0,12,0,12,0,12,1619,397,20,30,1619,397,71,104,7,15,83,75,0,12,1619,397,98,92,0,12,0,12,843,211,653,305,0,12
"2386","060371151012","Block Group 2, Census Tract 1151.01, Los Angeles County, California",1510,266,0,12,0,12,0,12,0,12,0,12,0,12,0,12,0,12,10,18,10,17,0,12,0,12,8,13,0,12,0,12,0,12,0,12,10,18,0,12,0,12,0,12,0,12,0,12,0,12,1579,280,130,106,1579,280,0,12,0,12,73,54,10,16,1579,280,104,70,0,12,47,54,1038,183,353,197,0,12
"2387","060371151011","Block Group 1, Census Tract 1151.01, Los Angeles County, California",1861,377,0,12,0,12,0,12,0,12,0,12,0,12,0,12,0,12,68,74,31,48,7,11,0,12,10,16,0,12,0,12,0,12,0,12,0,12,9,13,0,12,7,12,0,12,0,12,0,12,1885,377,87,75,1885,377,55,79,79,85,165,119,7,12,1885,377,379,122,0,12,214,263,874,222,345,306,0,12
"2388","060371193401","Block Group 1, Census Tract 1193.40, Los Angeles County, California",3812,226,18,19,0,12,0,12,0,12,0,12,0,12,0,12,0,12,665,142,428,129,0,12,0,12,12,19,0,12,0,12,0,12,18,19,68,42,0,12,0,12,14,21,0,12,0,12,0,12,4264,269,2032,391,4264,269,100,88,287,124,452,128,0,12,4264,269,103,99,0,12,158,130,4,7,3999,291,0,12
"2389","060371204003","Block Group 3, Census Tract 1204, Los Angeles County, California",1377,782,44,58,44,58,0,12,0,12,0,12,0,12,0,12,0,12,86,115,50,66,0,12,0,12,57,64,0,12,0,12,0,12,71,76,31,51,0,12,0,12,0,12,0,12,0,12,0,12,1474,850,54,62,1474,850,0,12,15,26,43,68,0,12,1474,850,354,273,0,12,0,12,22,35,1098,784,0,12
"2390","060371204001","Block Group 1, Census Tract 1204, Los Angeles County, California",3048,553,7,13,20,33,0,12,0,12,0,12,0,12,0,12,0,12,192,176,150,111,19,29,0,12,0,12,0,12,0,12,0,12,12,19,8,17,48,60,68,74,0,12,10,22,0,12,0,12,3216,597,305,197,3216,597,17,27,30,38,168,106,52,81,3270,599,611,294,0,12,351,272,811,315,1390,627,0,12
"2391","060371232031","Block Group 1, Census Tract 1232.03, Los Angeles County, California",1355,438,0,12,0,12,0,12,0,12,0,12,0,12,0,12,0,12,178,115,83,69,0,12,0,12,0,12,0,12,0,12,0,12,47,65,9,16,0,12,0,12,0,12,0,12,0,12,0,12,1503,468,332,211,1503,468,0,12,130,91,91,77,0,12,1503,468,0,12,0,12,34,55,109,61,1360,462,0,12
"2392","060371232033","Block Group 3, Census Tract 1232.03, Los Angeles County, California",1240,410,0,12,0,12,0,12,0,12,0,12,0,12,0,12,0,12,131,59,30,40,0,12,0,12,0,12,0,12,0,12,0,12,37,44,0,12,0,12,0,12,0,12,0,12,0,12,0,12,1323,443,88,110,1323,443,0,12,101,101,74,59,0,12,1323,443,0,12,0,12,155,170,233,175,935,393,0,12
"2393","060371236021","Block Group 1, Census Tract 1236.02, Los Angeles County, California",1955,293,0,12,0,12,0,12,0,12,0,12,0,12,0,12,0,12,112,47,58,89,58,45,0,12,10,14,0,12,9,14,0,12,29,41,38,54,0,12,28,43,0,12,0,12,0,12,0,12,2020,312,491,268,2020,312,9,18,29,36,156,120,0,12,2020,312,103,86,0,12,205,160,742,216,956,242,0,12
"2394","060376024032","Block Group 2, Census Tract 6024.03, Los Angeles County, California",1892,314,0,12,0,12,0,12,0,12,0,12,0,12,0,12,0,12,138,76,18,19,0,12,0,12,0,12,0,12,0,12,0,12,62,75,29,40,0,12,0,12,8,14,0,12,0,12,0,12,2039,351,148,86,2039,351,0,12,55,46,79,60,0,12,2039,351,150,127,0,12,580,225,77,55,1207,340,0,12
"2395","060376030013","Block Group 3, Census Tract 6030.01, Los Angeles County, California",2101,575,0,12,0,12,0,12,0,12,14,23,0,12,0,12,0,12,83,97,0,12,0,12,0,12,31,30,0,12,0,12,0,12,9,10,4,9,0,12,0,12,47,44,7,7,0,12,0,12,2052,598,67,67,2052,598,31,48,100,103,133,153,0,12,2154,583,790,297,0,12,587,403,102,74,670,409,0,12
"2396","060376030012","Block Group 2, Census Tract 6030.01, Los Angeles County, California",1876,640,0,12,0,12,0,12,0,12,0,12,0,12,0,12,0,12,191,173,121,119,0,12,0,12,43,59,0,12,0,12,0,12,15,30,0,12,0,12,0,12,0,12,0,12,0,12,0,12,1876,640,449,352,1876,640,0,12,33,52,277,252,0,12,1876,640,278,265,0,12,469,342,36,28,1093,571,0,12
"2397","060376030011","Block Group 1, Census Tract 6030.01, Los Angeles County, California",1062,312,0,12,0,12,0,12,0,12,0,12,0,12,0,12,0,12,50,57,21,39,0,12,0,12,28,30,0,12,0,12,0,12,26,31,21,39,0,12,11,25,27,32,0,12,0,12,0,12,1023,318,138,160,1023,318,0,12,62,81,88,90,0,12,1082,321,365,203,0,12,193,158,24,32,443,239,0,12
"2398","060375034014","Block Group 4, Census Tract 5034.01, Los Angeles County, California",670,310,0,12,0,12,0,12,0,12,0,12,0,12,0,12,0,12,57,89,0,12,0,12,0,12,0,12,0,12,0,12,0,12,0,12,0,12,0,12,0,12,0,12,0,12,0,12,0,12,778,392,0,12,778,392,0,12,32,56,0,12,0,12,778,392,28,44,0,12,0,12,359,283,391,268,0,12
"2399","060375034015","Block Group 5, Census Tract 5034.01, Los Angeles County, California",1446,706,0,12,0,12,0,12,0,12,0,12,0,12,0,12,0,12,0,12,0,12,0,12,0,12,0,12,0,12,0,12,0,12,16,25,0,12,0,12,0,12,0,12,0,12,0,12,0,12,1596,818,15,24,1596,818,0,12,66,88,16,25,0,12,1596,818,0,12,0,12,0,12,344,233,1236,783,0,12
"2400","060375034013","Block Group 3, Census Tract 5034.01, Los Angeles County, California",1265,472,0,12,0,12,0,12,0,12,0,12,0,12,0,12,0,12,22,36,0,12,0,12,0,12,0,12,0,12,0,12,0,12,48,84,0,12,0,12,0,12,0,12,0,12,0,12,0,12,1368,547,66,65,1368,547,0,12,18,30,0,12,0,12,1368,547,122,87,0,12,63,102,516,323,661,455,0,12
"2401","060375324001","Block Group 1, Census Tract 5324, Los Angeles County, California",41,19,2,3,0,12,0,12,0,12,0,12,0,12,0,12,0,12,0,12,0,12,0,12,0,12,0,12,0,12,0,12,0,12,2,3,0,12,0,12,0,12,0,12,0,12,0,12,0,12,45,23,0,12,45,23,0,12,3,4,0,12,0,12,45,23,0,12,0,12,1,3,8,10,36,20,0,12
"2402","060374025022","Block Group 2, Census Tract 4025.02, Los Angeles County, California",5447,542,0,17,0,17,0,17,0,17,7,11,0,17,0,17,0,17,516,150,175,79,0,17,0,17,147,79,12,18,0,17,0,17,106,59,36,43,0,17,0,17,84,69,25,40,0,17,0,17,5885,577,1471,497,5885,577,64,62,132,91,462,154,0,17,5885,577,798,181,0,17,239,214,248,88,4559,571,0,17
"2403","060372392023","Block Group 3, Census Tract 2392.02, Los Angeles County, California",1737,526,0,12,0,12,0,12,0,12,0,12,0,12,0,12,0,12,339,233,46,60,0,12,0,12,0,12,0,12,0,12,0,12,16,26,20,29,0,12,0,12,0,12,0,12,0,12,0,12,1797,537,283,203,1813,539,16,35,62,60,94,98,0,12,1813,539,0,12,0,12,185,139,7,13,1621,572,0,12
"2404","060372392021","Block Group 1, Census Tract 2392.02, Los Angeles County, California",2257,610,0,12,0,12,0,12,0,12,0,12,0,12,0,12,0,12,517,188,180,102,0,12,0,12,0,12,0,12,0,12,0,12,37,51,48,75,0,12,0,12,0,12,0,12,0,12,0,12,2490,664,631,380,2490,664,177,155,316,167,204,125,0,12,2490,664,0,12,0,12,196,142,0,12,2294,637,0,12
"2405","060372392022","Block Group 2, Census Tract 2392.02, Los Angeles County, California",1513,678,21,32,0,12,0,12,0,12,0,12,0,12,0,12,0,12,250,117,241,278,0,12,0,12,0,12,0,12,0,12,0,12,0,12,26,40,0,12,0,12,0,12,0,12,0,12,0,12,1696,803,330,241,1696,803,0,12,146,130,148,106,0,12,1696,803,0,12,0,12,42,69,0,12,1580,742,41,58
"2406","060372392013","Block Group 3, Census Tract 2392.01, Los Angeles County, California",707,281,0,12,0,12,0,12,0,12,0,12,0,12,0,12,0,12,80,55,104,117,0,12,0,12,0,12,0,12,0,12,0,12,0,12,31,44,0,12,0,12,0,12,0,12,0,12,0,12,740,289,144,104,747,289,0,12,116,84,128,122,0,12,747,289,0,12,0,12,106,86,18,29,623,283,0,12
"2407","060372392012","Block Group 2, Census Tract 2392.01, Los Angeles County, California",1277,367,0,12,0,12,0,12,0,12,0,12,0,12,0,12,0,12,333,179,147,127,0,12,0,12,0,12,0,12,0,12,0,12,20,27,0,12,0,12,0,12,0,12,0,12,0,12,0,12,1431,418,519,237,1431,418,0,12,65,57,87,68,0,12,1431,418,0,12,0,12,112,75,9,13,1302,410,6,11
"2408","060375010021","Block Group 1, Census Tract 5010.02, Los Angeles County, California",1168,267,0,12,0,12,0,12,0,12,0,12,0,12,0,12,0,12,22,19,8,13,0,12,0,12,0,12,0,12,0,12,0,12,0,12,9,15,0,12,0,12,0,12,0,12,0,12,0,12,1209,286,25,25,1209,286,0,12,11,18,14,17,0,12,1209,286,27,41,0,12,0,12,108,60,1074,290,0,12
"2409","060375010023","Block Group 3, Census Tract 5010.02, Los Angeles County, California",826,190,0,12,0,12,0,12,0,12,0,12,0,12,0,12,0,12,0,12,0,12,0,12,0,12,0,12,0,12,0,12,0,12,0,12,0,12,0,12,0,12,0,12,0,12,0,12,0,12,862,196,28,30,862,196,0,12,15,21,34,35,0,12,862,196,20,31,0,12,0,12,156,105,686,162,0,12
"2410","060375010024","Block Group 4, Census Tract 5010.02, Los Angeles County, California",745,288,0,12,0,12,0,12,0,12,0,12,0,12,0,12,0,12,21,34,22,36,0,12,0,12,0,12,0,12,0,12,0,12,8,13,0,12,0,12,0,12,0,12,0,12,0,12,0,12,745,288,62,54,745,288,0,12,46,48,43,69,0,12,745,288,19,30,0,12,0,12,102,65,609,281,15,25
"2411","060374034021","Block Group 1, Census Tract 4034.02, Los Angeles County, California",2150,289,0,12,0,12,0,12,0,12,2,5,0,12,0,12,0,12,0,12,0,12,0,12,0,12,105,37,34,35,0,12,0,12,0,12,0,12,0,12,0,12,29,21,34,39,0,12,0,12,2316,310,156,61,2316,310,6,9,74,87,39,27,0,12,2316,310,1225,220,98,145,51,54,222,75,687,210,14,21
"2412","060374044011","Block Group 1, Census Tract 4044.01, Los Angeles County, California",685,194,0,12,0,12,0,12,0,12,0,12,0,12,0,12,0,12,67,45,6,9,0,12,0,12,0,12,0,12,0,12,0,12,7,10,20,24,0,12,0,12,0,12,0,12,0,12,0,12,722,203,30,31,735,203,0,12,40,45,37,32,0,12,735,203,44,38,2,4,0,12,83,54,577,209,0,12
"2413","060374044013","Block Group 3, Census Tract 4044.01, Los Angeles County, California",1161,243,0,12,0,12,0,12,0,12,0,12,0,12,0,12,0,12,88,70,0,12,0,12,0,12,0,12,0,12,4,6,0,12,19,15,0,12,0,12,0,12,0,12,0,12,0,12,0,12,1271,251,86,62,1271,251,38,41,6,9,93,76,11,16,1271,251,30,32,0,12,21,33,137,73,1083,251,0,12
"2414","060374044012","Block Group 2, Census Tract 4044.01, Los Angeles County, California",1629,309,21,23,0,12,0,12,0,12,0,12,0,12,0,12,0,12,95,51,59,67,0,12,0,12,0,12,0,12,0,12,0,12,19,19,51,39,0,12,0,12,0,12,0,12,0,12,0,12,1709,304,383,206,1709,304,0,12,111,109,110,99,0,12,1709,304,22,18,0,12,21,22,151,67,1495,308,0,12
"2415","060374071021","Block Group 1, Census Tract 4071.02, Los Angeles County, California",1497,355,0,12,0,12,0,12,0,12,6,9,0,12,0,12,0,12,90,60,29,30,0,12,0,12,50,53,47,53,0,12,0,12,23,27,7,13,0,12,0,12,0,12,0,12,0,12,0,12,1566,406,70,41,1574,406,0,12,77,69,109,68,0,12,1574,406,212,149,0,12,23,39,32,39,1255,425,29,46
"2416","060374071022","Block Group 2, Census Tract 4071.02, Los Angeles County, California",2120,515,0,12,0,12,0,12,0,12,0,12,0,12,0,12,0,12,237,121,96,65,0,12,0,12,65,57,25,39,0,12,0,12,10,13,36,44,0,12,0,12,0,12,41,50,0,12,0,12,2212,525,128,130,2212,525,38,41,141,100,219,111,0,12,2212,525,505,219,0,12,0,12,18,20,1689,535,0,12
"2417","060374071023","Block Group 3, Census Tract 4071.02, Los Angeles County, California",1672,417,7,11,0,12,0,12,0,12,0,12,0,12,0,12,0,12,158,110,43,38,0,12,0,12,12,18,27,42,0,12,0,12,41,43,0,12,0,12,0,12,0,12,0,12,0,12,0,12,1904,492,59,46,1924,496,11,16,102,94,61,44,0,12,1924,496,221,179,0,12,35,37,65,51,1540,533,0,12
"2418","060372011102","Block Group 2, Census Tract 2011.10, Los Angeles County, California",722,178,0,12,0,12,0,12,0,12,0,12,0,12,0,12,0,12,0,12,0,12,0,12,0,12,8,11,0,12,0,12,0,12,30,44,0,12,0,12,0,12,5,8,13,15,0,12,0,12,771,186,141,70,771,186,0,12,38,43,16,15,0,12,771,186,123,64,0,12,9,12,84,49,555,183,0,12
"2419","060372011101","Block Group 1, Census Tract 2011.10, Los Angeles County, California",594,170,0,12,0,12,0,12,0,12,0,12,0,12,0,12,0,12,24,40,14,14,0,12,0,12,11,18,0,12,0,12,0,12,16,26,0,12,0,12,0,12,0,12,0,12,0,12,0,12,628,177,78,50,628,177,23,37,6,11,20,19,0,12,628,177,75,47,0,12,0,12,86,36,467,183,0,12
"2420","060372098101","Block Group 1, Census Tract 2098.10, Los Angeles County, California",1208,224,20,22,0,12,0,12,0,12,0,12,0,12,0,12,0,12,161,55,143,62,0,12,0,12,24,23,8,14,0,12,0,12,22,21,26,26,0,12,0,12,37,34,76,91,5,9,0,12,1101,188,362,136,1101,188,32,36,143,79,196,92,4,7,1291,231,201,132,5,7,58,47,64,46,953,192,0,12
"2421","060374318001","Block Group 1, Census Tract 4318, Los Angeles County, California",1940,466,0,12,0,12,0,12,0,12,17,27,0,12,0,12,0,12,39,66,0,12,0,12,0,12,114,143,48,49,0,12,0,12,8,18,39,44,0,12,0,12,60,54,16,17,0,12,28,43,1891,475,400,172,1908,477,0,12,45,50,129,165,0,12,1990,477,887,299,29,48,97,79,408,231,483,263,0,12
"2422","060374603023","Block Group 3, Census Tract 4603.02, Los Angeles County, California",1013,391,0,12,0,12,0,12,0,12,0,12,0,12,0,12,0,12,37,47,0,12,0,12,0,12,0,12,0,12,0,12,0,12,46,59,0,12,0,12,0,12,0,12,0,12,0,12,0,12,1036,395,98,93,1036,395,0,12,0,12,118,118,0,12,1036,395,32,33,0,12,356,178,233,97,393,331,0,12
"2423","060374603024","Block Group 4, Census Tract 4603.02, Los Angeles County, California",1403,439,21,29,0,12,0,12,0,12,0,12,0,12,0,12,0,12,168,107,28,38,0,12,0,12,0,12,0,12,0,12,0,12,26,39,85,87,0,12,0,12,0,12,0,12,0,12,0,12,1610,503,142,216,1610,503,28,38,23,37,0,12,40,62,1610,503,21,22,0,12,255,235,151,99,1173,500,0,12
"2424","060374637001","Block Group 1, Census Tract 4637, Los Angeles County, California",888,215,0,12,0,12,0,12,0,12,0,12,0,12,0,12,0,12,0,12,0,12,0,12,0,12,0,12,0,12,0,12,0,12,0,12,0,12,0,12,0,12,0,12,0,12,0,12,0,12,957,256,89,74,957,256,0,12,12,19,12,20,0,12,957,256,86,72,0,12,0,12,741,200,92,68,0,12
"2425","060371310101","Block Group 1, Census Tract 1310.10, Los Angeles County, California",2828,581,12,18,0,12,0,12,0,12,0,12,0,12,0,12,0,12,551,183,77,70,13,27,0,12,50,62,26,43,0,12,0,12,0,12,8,13,21,17,52,70,6,14,0,12,8,12,0,12,3007,613,445,316,2996,615,17,25,156,128,133,106,0,12,3007,613,304,207,0,12,0,12,762,215,1895,558,0,12
"2426","060379201101","Block Group 1, Census Tract 9201.10, Los Angeles County, California",2950,172,0,12,0,12,0,12,0,12,0,12,0,12,0,12,0,12,0,12,0,12,0,12,0,12,0,12,0,12,0,12,0,12,9,13,0,12,0,12,0,12,22,25,0,12,0,12,0,12,3071,143,28,34,3088,148,25,25,20,23,0,12,0,12,3088,148,446,126,8,15,112,100,1937,182,536,86,0,12
"2427","060375514023","Block Group 3, Census Tract 5514.02, Los Angeles County, California",865,283,0,12,0,12,0,12,0,12,0,12,0,12,0,12,0,12,13,25,40,45,0,12,0,12,0,12,0,12,0,12,0,12,0,12,0,12,0,12,0,12,0,12,0,12,0,12,0,12,927,327,31,44,927,327,107,139,52,58,35,46,0,12,930,328,44,64,1,2,2,4,235,143,648,316,0,12
"2428","060375514011","Block Group 1, Census Tract 5514.01, Los Angeles County, California",2192,406,22,40,0,12,0,12,0,12,0,12,0,12,0,12,0,12,134,81,33,49,0,12,0,12,0,12,0,12,0,12,0,12,40,57,10,15,0,12,0,12,0,12,0,12,0,12,0,12,2357,454,321,209,2375,455,23,35,56,54,151,79,0,12,2375,455,164,188,0,12,40,68,142,85,2029,398,0,12
"2429","060373010003","Block Group 3, Census Tract 3010, Los Angeles County, California",1282,341,0,12,0,12,0,12,0,12,0,12,0,12,0,12,0,12,8,13,0,12,40,51,0,12,0,12,0,12,0,12,0,12,5,9,42,68,25,41,55,81,11,17,0,12,0,12,0,12,1304,339,180,162,1315,341,0,12,56,54,0,12,0,12,1315,341,207,138,0,12,8,14,646,289,454,206,0,12
"2430","060373020022","Block Group 2, Census Tract 3020.02, Los Angeles County, California",2390,408,0,12,0,12,0,12,0,12,0,12,0,12,0,12,0,12,26,40,23,36,108,93,0,12,0,12,0,12,0,12,0,12,0,12,0,12,209,100,16,25,0,12,0,12,0,12,0,12,2598,441,536,261,2598,441,19,22,91,67,46,42,0,12,2598,441,489,273,0,12,76,107,1663,312,342,232,0,12
"2431","060375745002","Block Group 2, Census Tract 5745, Los Angeles County, California",1865,302,0,12,0,12,0,12,0,12,0,12,0,12,0,12,0,12,0,12,0,12,0,12,0,12,0,12,0,12,0,12,0,12,16,26,0,12,0,12,0,12,0,12,19,31,0,12,0,12,1963,327,92,117,1963,327,0,12,17,27,14,23,0,12,1963,327,274,180,0,12,4,8,1442,271,173,126,0,12
"2432","060375745003","Block Group 3, Census Tract 5745, Los Angeles County, California",1168,310,0,12,0,12,0,12,0,12,0,12,0,12,0,12,0,12,0,12,0,12,0,12,0,12,0,12,0,12,0,12,0,12,0,12,0,12,0,12,0,12,14,28,0,12,0,12,0,12,1380,366,0,12,1380,366,0,12,0,12,0,12,0,12,1380,366,120,107,0,12,65,111,789,244,330,304,0,12
"2433","060375745001","Block Group 1, Census Tract 5745, Los Angeles County, California",1512,356,0,12,0,12,0,12,0,12,0,12,0,12,0,12,0,12,0,12,0,12,0,12,0,12,0,12,0,12,0,12,0,12,0,12,0,12,0,12,0,12,0,12,0,12,0,12,0,12,1661,393,64,72,1661,393,0,12,0,12,16,24,13,21,1661,393,118,92,0,12,199,154,994,315,350,123,0,12
"2434","060375745004","Block Group 4, Census Tract 5745, Los Angeles County, California",1530,336,0,12,0,12,0,12,0,12,0,12,0,12,0,12,0,12,0,12,0,12,0,12,0,12,0,12,0,12,0,12,0,12,0,12,0,12,0,12,0,12,0,12,0,12,0,12,0,12,1627,392,43,49,1627,392,0,12,0,12,15,24,0,12,1627,392,87,97,0,12,77,78,1061,406,261,141,0,12
"2435","060375335022","Block Group 2, Census Tract 5335.02, Los Angeles County, California",528,162,0,12,0,12,0,12,0,12,0,12,0,12,0,12,0,12,17,16,44,37,0,12,0,12,0,12,0,12,0,12,0,12,9,14,45,50,0,12,0,12,0,12,0,12,0,12,5,10,574,180,94,78,579,182,0,12,30,29,18,18,0,12,579,182,0,12,0,12,0,12,20,26,559,179,0,12
"2436","060375335021","Block Group 1, Census Tract 5335.02, Los Angeles County, California",1403,261,0,12,0,12,0,12,0,12,0,12,0,12,0,12,0,12,266,123,78,37,0,12,0,12,0,12,0,12,0,12,0,12,29,28,69,44,0,12,0,12,0,12,0,12,0,12,0,12,1533,257,161,104,1564,277,21,29,80,53,124,71,18,27,1564,277,0,12,0,12,0,12,44,53,1520,279,0,12
"2437","060375335032","Block Group 2, Census Tract 5335.03, Los Angeles County, California",330,138,0,12,0,12,0,12,0,12,0,12,0,12,0,12,0,12,85,40,35,24,0,12,0,12,0,12,0,12,0,12,0,12,17,19,16,14,0,12,0,12,0,12,0,12,0,12,0,12,375,165,65,65,375,165,46,44,32,40,29,36,0,12,375,165,0,12,0,12,0,12,0,12,369,164,0,12
"2438","060375335031","Block Group 1, Census Tract 5335.03, Los Angeles County, California",1645,263,0,12,0,12,0,12,0,12,0,12,0,12,0,12,0,12,195,73,131,83,0,12,0,12,0,12,0,12,0,12,0,12,16,22,34,36,0,12,0,12,0,12,0,12,0,12,0,12,1766,278,379,166,1766,278,19,21,107,66,168,81,15,22,1766,278,0,12,0,12,110,143,7,18,1649,258,0,12
"2439","060375337012","Block Group 2, Census Tract 5337.01, Los Angeles County, California",1588,285,76,57,12,20,0,12,0,12,0,12,0,12,0,12,0,12,226,101,138,67,0,12,0,12,0,12,0,12,0,12,0,12,70,41,86,45,0,12,0,12,0,12,0,12,0,12,0,12,1727,318,423,210,1727,318,60,66,70,52,77,42,0,12,1727,318,8,14,0,12,14,22,47,39,1645,322,8,13
"2440","060375337011","Block Group 1, Census Tract 5337.01, Los Angeles County, California",1175,239,21,24,0,12,0,12,0,12,0,12,0,12,0,12,0,12,146,61,65,40,0,12,0,12,0,12,0,12,0,12,0,12,12,19,10,18,0,12,0,12,0,12,0,12,0,12,0,12,1265,254,281,163,1271,255,42,51,73,40,151,92,0,12,1271,255,0,12,0,12,0,12,47,34,1224,253,0,12
"2441","060375340022","Block Group 2, Census Tract 5340.02, Los Angeles County, California",1254,297,0,12,0,12,0,12,0,12,0,12,0,12,0,12,0,12,193,105,81,64,0,12,0,12,0,12,0,12,0,12,0,12,88,61,27,35,0,12,0,12,0,12,0,12,0,12,0,12,1344,309,335,165,1355,311,16,24,59,45,167,83,0,12,1355,311,0,12,0,12,0,12,82,69,1273,294,0,12
"2442","060375340021","Block Group 1, Census Tract 5340.02, Los Angeles County, California",3046,479,0,12,0,12,0,12,0,12,0,12,0,12,0,12,0,12,389,124,33,30,0,12,0,12,17,23,0,12,0,12,0,12,123,60,68,51,0,12,0,12,11,19,0,12,0,12,0,12,3138,499,855,437,3138,499,22,26,175,138,228,109,6,9,3273,502,43,47,0,12,39,28,141,90,3047,495,0,12
"2443","060375341021","Block Group 1, Census Tract 5341.02, Los Angeles County, California",524,238,0,12,0,12,0,12,0,12,0,12,0,12,0,12,0,12,64,41,30,36,0,12,0,12,0,12,0,12,0,12,0,12,31,31,8,13,0,12,0,12,0,12,0,12,0,12,0,12,585,268,252,216,585,268,0,12,0,12,19,22,0,12,585,268,0,12,0,12,17,27,0,12,568,267,0,12
"2444","060375341022","Block Group 2, Census Tract 5341.02, Los Angeles County, California",2002,338,13,24,0,12,0,12,0,12,0,12,0,12,0,12,0,12,358,127,168,113,0,12,0,12,0,12,0,12,0,12,0,12,54,49,66,53,0,12,0,12,0,12,0,12,0,12,0,12,2318,404,679,306,2318,404,44,69,121,100,222,130,0,12,2318,404,0,12,0,12,61,81,0,12,2257,403,0,12
"2445","060372392011","Block Group 1, Census Tract 2392.01, Los Angeles County, California",1403,370,0,12,0,12,0,12,0,12,0,12,0,12,0,12,0,12,172,113,161,125,0,12,0,12,0,12,0,12,0,12,0,12,23,20,0,12,0,12,0,12,0,12,0,12,0,12,0,12,1575,405,420,310,1575,405,80,95,121,86,71,57,0,12,1575,405,0,12,0,12,344,219,0,12,1220,405,0,12
"2446","060372374022","Block Group 2, Census Tract 2374.02, Los Angeles County, California",1242,354,0,12,0,12,0,12,0,12,0,12,0,12,0,12,0,12,122,51,85,100,0,12,0,12,0,12,0,12,0,12,0,12,18,21,27,36,0,12,0,12,0,12,0,12,0,12,0,12,1290,367,215,165,1290,367,98,117,113,71,99,76,0,12,1290,367,0,12,0,12,349,157,6,6,694,288,0,12
"2447","060372374021","Block Group 1, Census Tract 2374.02, Los Angeles County, California",1216,314,0,12,0,12,0,12,0,12,0,12,0,12,0,12,0,12,179,110,25,31,0,12,0,12,0,12,0,12,0,12,0,12,28,42,22,34,0,12,0,12,0,12,0,12,0,12,0,12,1284,341,25,17,1284,341,0,12,69,58,79,74,0,12,1284,341,0,12,0,12,522,187,11,9,746,365,0,12
"2448","060372374023","Block Group 3, Census Tract 2374.02, Los Angeles County, California",727,229,1,6,0,12,0,12,0,12,0,12,0,12,0,12,0,12,51,42,32,39,0,12,0,12,0,12,0,12,0,12,0,12,1,6,10,16,0,12,0,12,0,12,0,12,0,12,0,12,761,238,213,143,761,238,5,8,52,47,39,34,0,12,761,238,0,12,0,12,286,194,45,51,430,198,0,12
"2449","060372374013","Block Group 3, Census Tract 2374.01, Los Angeles County, California",1613,372,5,8,0,12,0,12,0,12,0,12,0,12,0,12,0,12,157,82,122,92,0,12,0,12,0,12,0,12,0,12,0,12,46,45,8,13,0,12,0,12,0,12,0,12,0,12,0,12,1716,401,573,337,1716,401,67,108,115,78,163,124,13,20,1716,401,0,12,0,12,511,173,63,59,1129,376,0,12
"2450","060372374012","Block Group 2, Census Tract 2374.01, Los Angeles County, California",1325,310,0,12,0,12,0,12,0,12,0,12,0,12,0,12,0,12,209,85,32,34,0,12,0,12,0,12,0,12,0,12,0,12,6,10,0,12,0,12,0,12,0,12,0,12,0,12,0,12,1380,334,481,275,1380,334,23,26,66,56,83,73,0,12,1380,334,0,12,0,12,301,116,5,7,1064,349,0,12
"2451","060372374011","Block Group 1, Census Tract 2374.01, Los Angeles County, California",1121,469,0,12,0,12,0,12,0,12,0,12,0,12,0,12,0,12,105,71,155,130,0,12,0,12,0,12,0,12,0,12,0,12,0,12,17,19,0,12,0,12,0,12,0,12,0,12,0,12,1121,469,495,349,1121,469,7,11,93,68,23,25,0,12,1121,469,0,12,0,12,171,117,0,12,950,465,0,12
"2452","060372372023","Block Group 3, Census Tract 2372.02, Los Angeles County, California",1412,436,29,49,22,36,0,12,0,12,0,12,0,12,0,12,0,12,256,161,27,43,0,12,0,12,0,12,0,12,0,12,0,12,0,12,0,12,0,12,0,12,0,12,0,12,0,12,0,12,1444,449,327,280,1444,449,53,74,64,63,239,116,0,12,1444,449,0,12,0,12,449,273,0,12,995,384,0,12
"2453","060372149021","Block Group 1, Census Tract 2149.02, Los Angeles County, California",901,193,0,12,0,12,0,12,0,12,0,12,0,12,0,12,0,12,0,12,0,12,0,12,0,12,0,12,0,12,0,12,0,12,0,12,0,12,0,12,0,12,0,12,0,12,0,12,0,12,1040,221,54,82,1040,221,16,26,30,47,16,26,0,12,1040,221,124,96,0,12,34,42,769,186,80,94,0,12
"2454","060372149022","Block Group 2, Census Tract 2149.02, Los Angeles County, California",1445,262,0,12,0,12,0,12,0,12,0,12,0,12,0,12,0,12,0,12,0,12,40,43,0,12,0,12,0,12,0,12,0,12,0,12,0,12,23,35,29,46,27,40,28,39,0,12,0,12,1510,292,138,93,1510,292,0,12,38,48,36,58,0,12,1510,292,232,120,0,12,92,98,979,242,41,41,0,12
"2455","060372145023","Block Group 3, Census Tract 2145.02, Los Angeles County, California",1436,347,0,12,0,12,0,12,0,12,0,12,0,12,0,12,0,12,0,12,0,12,0,12,0,12,70,58,19,33,0,12,0,12,0,12,0,12,0,12,0,12,43,56,0,12,0,12,0,12,1563,393,243,150,1563,393,0,12,152,109,18,29,0,12,1563,393,871,334,0,12,40,46,447,212,67,81,0,12
"2456","060371871022","Block Group 2, Census Tract 1871.02, Los Angeles County, California",2617,356,0,12,0,12,0,12,0,12,0,12,0,12,0,12,0,12,332,171,26,39,0,12,0,12,9,15,0,12,0,12,0,12,84,70,62,101,0,12,0,12,52,77,53,77,0,12,0,12,2735,395,940,402,2770,425,7,10,168,106,210,144,8,12,2770,425,554,188,28,41,59,72,483,159,1574,464,15,23
"2457","060371871021","Block Group 1, Census Tract 1871.02, Los Angeles County, California",870,270,0,12,0,12,0,12,0,12,0,12,0,12,0,12,0,12,29,40,27,37,0,12,0,12,23,34,0,12,0,12,0,12,0,12,0,12,0,12,0,12,1,14,0,12,0,12,0,12,969,325,67,60,969,325,0,12,12,19,8,13,0,12,969,325,161,128,0,12,21,22,257,90,513,290,0,12
"2458","060374038022","Block Group 2, Census Tract 4038.02, Los Angeles County, California",894,253,0,12,0,12,0,12,0,12,0,12,0,12,0,12,0,12,0,12,0,12,0,12,0,12,68,106,0,12,0,12,0,12,0,12,0,12,8,13,0,12,0,12,0,12,0,12,0,12,939,267,80,53,939,267,9,15,11,19,0,12,0,12,939,267,87,53,0,12,0,12,275,101,427,220,0,12
"2459","060375764031","Block Group 1, Census Tract 5764.03, Los Angeles County, California",2613,437,0,12,0,12,0,12,0,12,0,12,0,12,0,12,0,12,216,100,112,83,0,12,0,12,78,68,47,56,0,12,0,12,0,12,0,12,0,12,0,12,12,18,0,12,0,12,0,12,2852,460,623,293,2852,460,38,65,112,86,100,101,0,12,2852,460,316,206,0,12,614,252,337,172,1578,369,0,12
"2460","060375764032","Block Group 2, Census Tract 5764.03, Los Angeles County, California",2036,401,0,12,0,12,0,12,0,12,0,12,0,12,0,12,0,12,154,121,19,30,0,12,0,12,15,24,0,12,0,12,0,12,0,12,37,48,0,12,0,12,0,12,0,12,0,12,0,12,2288,488,636,406,2288,488,54,72,308,134,88,69,0,12,2288,488,250,205,11,20,269,148,249,113,1489,494,0,12
"2461","060374034031","Block Group 1, Census Tract 4034.03, Los Angeles County, California",1968,330,0,12,0,12,0,12,0,12,42,47,0,12,0,12,0,12,9,14,0,12,0,12,0,12,54,41,0,12,0,12,0,12,0,12,0,12,0,12,0,12,64,63,45,46,0,12,0,12,2041,343,96,80,2041,343,0,12,20,34,21,17,16,25,2041,343,1276,294,8,14,164,115,110,66,368,164,0,12
"2462","060374034033","Block Group 3, Census Tract 4034.03, Los Angeles County, California",1425,307,0,12,0,12,0,12,0,12,0,12,0,12,0,12,0,12,0,12,0,12,0,12,0,12,69,64,0,12,0,12,0,12,0,12,0,12,0,12,0,12,40,35,28,39,0,12,0,12,1442,308,30,50,1442,308,0,12,71,76,81,80,0,12,1442,308,986,252,0,12,0,12,115,78,341,223,0,12
"2463","060375358021","Block Group 1, Census Tract 5358.02, Los Angeles County, California",1383,452,8,14,0,12,0,12,0,12,0,12,0,12,0,12,0,12,178,107,65,64,0,12,0,12,0,12,0,12,0,12,0,12,57,44,69,54,0,12,0,12,0,12,0,12,0,12,0,12,1450,468,268,153,1450,468,17,27,48,56,55,48,0,12,1450,468,0,12,16,26,0,12,48,83,1386,471,0,12
"2464","060375358022","Block Group 2, Census Tract 5358.02, Los Angeles County, California",758,335,0,12,0,12,0,12,0,12,0,12,0,12,0,12,0,12,54,54,30,54,0,12,0,12,0,12,0,12,0,12,0,12,0,12,93,114,0,12,0,12,0,12,0,12,0,12,0,12,833,318,31,42,833,318,27,42,24,27,16,26,0,12,833,318,0,12,0,12,0,12,0,12,833,318,0,12
"2465","060375358023","Block Group 3, Census Tract 5358.02, Los Angeles County, California",1654,361,12,20,0,12,0,12,0,12,0,12,0,12,0,12,0,12,162,88,100,82,0,12,0,12,0,12,0,12,0,12,0,12,53,41,51,43,0,12,0,12,0,12,0,12,0,12,0,12,1756,376,247,263,1756,376,35,34,18,31,90,63,0,12,1756,376,0,12,0,12,0,12,101,91,1655,371,0,12
"2466","060372148003","Block Group 3, Census Tract 2148, Los Angeles County, California",775,280,0,12,0,12,0,12,0,12,0,12,0,12,0,12,0,12,0,12,0,12,0,12,0,12,0,12,0,12,0,12,0,12,0,12,0,12,0,12,0,12,0,12,0,12,0,12,0,12,807,306,0,12,807,306,0,12,36,50,0,12,0,12,844,307,29,28,0,12,22,27,645,275,85,146,8,16
"2467","060372219001","Block Group 1, Census Tract 2219, Los Angeles County, California",3019,414,0,12,0,12,0,12,0,12,0,12,0,12,0,12,0,12,21,35,17,26,0,12,0,12,0,12,0,12,0,12,0,12,0,12,0,12,0,12,0,12,87,77,28,51,0,12,0,12,1440,238,1159,253,3019,414,13,23,129,120,17,26,0,12,3019,414,1274,269,0,12,188,80,804,222,464,155,17,26
"2468","060372293002","Block Group 2, Census Tract 2293, Los Angeles County, California",1498,412,15,23,0,12,0,12,0,12,0,12,0,12,0,12,0,12,378,157,103,76,0,12,0,12,0,12,0,12,0,12,0,12,21,27,0,12,0,12,0,12,0,12,0,12,0,12,0,12,1741,455,787,380,1741,455,10,16,168,109,244,127,0,12,1741,455,0,12,7,11,44,47,0,12,1629,480,25,35
"2469","060372293003","Block Group 3, Census Tract 2293, Los Angeles County, California",1537,410,9,15,0,12,0,12,0,12,0,12,0,12,0,12,0,12,168,99,222,144,0,12,0,12,0,12,0,12,0,12,0,12,25,30,24,29,0,12,0,12,0,12,0,12,0,12,0,12,1678,445,256,179,1678,445,0,12,62,55,127,98,17,27,1678,445,0,12,0,12,218,161,4,11,1443,435,0,12
"2470","060372361002","Block Group 2, Census Tract 2361, Los Angeles County, California",1215,350,0,12,0,12,0,12,0,12,0,12,0,12,0,12,0,12,55,92,0,12,0,12,0,12,0,12,0,12,0,12,0,12,0,12,55,91,0,12,0,12,0,12,0,12,0,12,0,12,1215,350,77,95,1215,350,0,12,0,12,0,12,0,12,1215,350,11,18,0,12,625,301,37,36,466,322,0,12
"2471","060372361001","Block Group 1, Census Tract 2361, Los Angeles County, California",616,265,0,12,0,12,0,12,0,12,0,12,0,12,0,12,0,12,9,16,0,12,0,12,0,12,0,12,0,12,0,12,0,12,0,12,0,12,0,12,0,12,101,95,79,84,0,12,0,12,616,265,114,104,616,265,0,12,60,64,16,30,0,12,616,265,416,230,0,12,109,122,18,23,73,135,0,12
"2472","060372361005","Block Group 5, Census Tract 2361, Los Angeles County, California",586,390,0,12,0,12,0,12,0,12,0,12,0,12,0,12,0,12,0,12,0,12,0,12,0,12,0,12,0,12,0,12,0,12,0,12,0,12,0,12,0,12,0,12,0,12,0,12,0,12,586,390,25,39,586,390,0,12,0,12,34,56,0,12,586,390,71,58,0,12,381,453,24,37,57,94,0,12
"2473","060372411203","Block Group 3, Census Tract 2411.20, Los Angeles County, California",471,253,0,12,0,12,0,12,0,12,0,12,0,12,0,12,0,12,0,12,28,42,0,12,0,12,0,12,0,12,0,12,0,12,0,12,0,12,0,12,0,12,0,12,0,12,0,12,0,12,545,326,309,295,545,326,0,12,0,12,0,12,0,12,545,326,78,122,0,12,305,243,0,12,162,185,0,12
"2474","060371395022","Block Group 2, Census Tract 1395.02, Los Angeles County, California",1046,279,0,12,0,12,0,12,0,12,0,12,0,12,0,12,0,12,0,12,0,12,0,12,0,12,0,12,0,12,0,12,0,12,0,12,0,12,0,12,38,52,0,12,0,12,0,12,0,12,1103,300,12,14,1111,302,0,12,0,12,17,18,0,12,1111,302,89,131,0,12,14,26,816,311,151,177,0,12
"2475","060371433001","Block Group 1, Census Tract 1433, Los Angeles County, California",575,222,0,12,0,12,0,12,0,12,0,12,0,12,0,12,0,12,0,12,0,12,0,12,0,12,0,12,0,12,0,12,0,12,0,12,0,12,12,21,0,12,0,12,0,12,0,12,0,12,575,222,0,12,575,222,0,12,0,12,0,12,0,12,575,222,13,22,0,12,0,12,500,209,62,59,0,12
"2476","060371433003","Block Group 3, Census Tract 1433, Los Angeles County, California",1058,252,0,12,0,12,0,12,0,12,0,12,0,12,0,12,0,12,0,12,0,12,0,12,0,12,0,12,0,12,0,12,0,12,0,12,0,12,30,45,0,12,0,12,0,12,0,12,0,12,1123,273,174,134,1123,273,0,12,46,74,18,29,0,12,1123,273,50,62,0,12,78,97,774,229,196,114,0,12
"2477","060371433004","Block Group 4, Census Tract 1433, Los Angeles County, California",993,293,0,12,0,12,0,12,0,12,0,12,0,12,0,12,0,12,0,12,0,12,0,12,0,12,26,42,0,12,0,12,0,12,0,12,0,12,0,12,0,12,0,12,0,12,0,12,0,12,1060,307,33,40,1060,307,0,12,26,42,15,24,0,12,1060,307,122,109,0,12,187,271,491,182,206,149,29,44
"2478","060374002051","Block Group 1, Census Tract 4002.05, Los Angeles County, California",2771,212,0,12,0,12,0,12,0,12,0,12,0,12,0,12,0,12,0,12,0,12,23,32,0,12,47,54,0,12,24,36,0,12,0,12,0,12,0,12,0,12,23,27,22,34,0,12,0,12,2726,225,49,47,2726,225,0,12,0,12,31,29,0,12,2846,232,843,187,0,12,170,117,1392,263,299,134,0,12
"2479","060371081041","Block Group 1, Census Tract 1081.04, Los Angeles County, California",1786,278,0,12,0,12,0,12,0,12,0,12,0,12,0,12,0,12,5,8,0,12,76,123,0,12,17,25,0,12,0,12,0,12,0,12,0,12,7,11,0,12,0,12,23,34,0,12,0,12,1836,278,30,25,1818,273,0,12,40,63,24,29,0,12,1836,278,644,278,0,12,96,102,930,134,136,121,0,12
"2480","060371256001","Block Group 1, Census Tract 1256, Los Angeles County, California",825,223,0,12,0,12,0,12,0,12,0,12,0,12,0,12,0,12,0,12,0,12,0,12,0,12,0,12,0,12,0,12,0,12,0,12,0,12,0,12,0,12,0,12,0,12,0,12,0,12,841,227,26,30,841,227,0,12,39,59,0,12,0,12,841,227,62,63,0,12,36,43,622,225,57,45,0,12
"2481","060371256002","Block Group 2, Census Tract 1256, Los Angeles County, California",990,287,0,12,0,12,0,12,0,12,0,12,0,12,0,12,0,12,68,74,0,12,0,12,0,12,0,12,0,12,0,12,0,12,0,12,0,12,28,45,0,12,0,12,0,12,0,12,0,12,1061,332,46,31,1061,332,0,12,9,15,13,20,0,12,1061,332,90,88,0,12,25,41,503,174,429,345,0,12
"2482","060371234102","Block Group 2, Census Tract 1234.10, Los Angeles County, California",1099,352,0,12,0,12,0,12,0,12,0,12,0,12,0,12,0,12,0,12,90,123,57,63,0,12,0,12,0,12,0,12,0,12,0,12,0,12,0,12,0,12,0,12,0,12,20,25,0,12,1174,398,389,380,1174,398,0,12,31,37,38,52,0,12,1174,398,38,42,0,12,37,65,503,229,596,339,0,12
"2483","060371247003","Block Group 3, Census Tract 1247, Los Angeles County, California",1895,373,0,12,0,12,0,12,0,12,0,12,0,12,0,12,0,12,18,28,0,12,0,12,0,12,0,12,0,12,0,12,0,12,0,12,6,25,0,12,0,12,0,12,0,12,0,12,10,20,1932,372,147,93,1932,372,18,28,92,85,19,27,0,12,2023,371,42,62,0,12,29,49,1325,269,506,303,0,12
"2484","060374306001","Block Group 1, Census Tract 4306, Los Angeles County, California",774,370,0,12,0,12,0,12,0,12,0,12,0,12,0,12,0,12,0,12,0,12,0,12,0,12,0,12,21,32,0,12,0,12,0,12,0,12,0,12,0,12,9,15,0,12,0,12,0,12,886,438,82,97,886,438,0,12,0,12,0,12,0,12,886,438,466,237,0,12,53,82,189,105,0,12,0,12
"2485","060374312001","Block Group 1, Census Tract 4312, Los Angeles County, California",1581,386,0,12,0,12,0,12,0,12,0,12,0,12,0,12,0,12,115,93,89,63,0,12,0,12,0,12,0,12,0,12,0,12,78,49,18,29,0,12,0,12,0,12,0,12,0,12,0,12,1629,410,429,267,1629,410,0,12,166,150,40,32,0,12,1629,410,0,12,0,12,193,178,3,5,1426,402,0,12
"2486","060374312003","Block Group 3, Census Tract 4312, Los Angeles County, California",810,394,0,12,0,12,0,12,0,12,0,12,0,12,0,12,0,12,17,27,0,12,0,12,0,12,0,12,0,12,0,12,0,12,0,12,0,12,0,12,0,12,0,12,0,12,0,12,0,12,858,417,56,88,858,417,0,12,0,12,94,112,0,12,858,417,45,45,0,12,17,24,0,12,796,422,0,12
"2487","060376003023","Block Group 3, Census Tract 6003.02, Los Angeles County, California",756,275,0,12,0,12,0,12,0,12,0,12,0,12,0,12,0,12,0,12,0,12,0,12,0,12,0,12,0,12,0,12,0,12,0,12,0,12,0,12,0,12,0,12,0,12,0,12,0,12,840,306,50,49,851,307,0,12,20,31,0,12,0,12,851,307,0,12,0,12,667,284,0,12,161,159,0,12
"2488","060376003022","Block Group 2, Census Tract 6003.02, Los Angeles County, California",936,420,0,12,0,12,0,12,0,12,0,12,0,12,0,12,0,12,0,12,0,12,0,12,0,12,0,12,0,12,0,12,0,12,0,12,0,12,0,12,0,12,0,12,0,12,0,12,0,12,936,420,52,45,936,420,0,12,0,12,0,12,0,12,936,420,12,18,0,12,667,288,0,12,257,328,0,12
"2489","060376007031","Block Group 1, Census Tract 6007.03, Los Angeles County, California",1713,189,0,12,0,12,0,12,0,12,0,12,0,12,0,12,0,12,0,12,0,12,0,12,0,12,0,12,0,12,0,12,0,12,0,12,0,12,0,12,0,12,0,12,0,12,0,12,0,12,1783,183,144,85,1783,183,33,37,36,39,28,31,0,12,1783,183,32,28,0,12,1458,205,12,12,143,109,0,12
"2490","060376008022","Block Group 2, Census Tract 6008.02, Los Angeles County, California",637,156,0,12,0,12,0,12,0,12,0,12,0,12,0,12,0,12,9,14,0,12,0,12,0,12,0,12,0,12,0,12,0,12,0,12,2,5,0,12,0,12,0,12,2,5,9,13,0,12,624,153,85,73,624,153,0,12,14,22,8,12,0,12,637,156,5,11,0,12,605,159,12,14,15,46,0,12
"2491","060376008023","Block Group 3, Census Tract 6008.02, Los Angeles County, California",877,231,0,12,0,12,0,12,0,12,0,12,0,12,0,12,0,12,13,25,21,32,0,12,0,12,0,12,0,12,0,12,0,12,0,12,0,12,0,12,0,12,0,12,0,12,0,12,0,12,930,242,53,71,930,242,40,61,71,79,28,33,0,12,930,242,37,55,28,42,598,194,16,15,180,138,0,12
"2492","060376032001","Block Group 1, Census Tract 6032, Los Angeles County, California",1244,366,0,12,0,12,0,12,0,12,0,12,0,12,0,12,0,12,93,112,0,12,30,49,0,12,22,23,0,12,0,12,0,12,0,12,47,70,23,36,0,12,0,12,0,12,0,12,0,12,1303,391,87,80,1303,391,0,12,73,82,80,108,23,36,1303,391,216,129,0,12,180,188,102,130,797,386,0,12
"2493","060375341023","Block Group 3, Census Tract 5341.02, Los Angeles County, California",1523,402,17,24,0,12,0,12,0,12,0,12,0,12,0,12,0,12,392,163,120,76,0,12,0,12,0,12,0,12,0,12,0,12,44,37,0,12,0,12,0,12,0,12,0,12,0,12,0,12,1603,408,527,282,1603,408,19,29,104,88,216,125,0,12,1603,408,0,12,0,12,0,12,16,17,1587,409,0,12
"2494","060375356052","Block Group 2, Census Tract 5356.05, Los Angeles County, California",2322,379,0,12,0,12,0,12,0,12,0,12,0,12,0,12,0,12,439,144,156,96,0,12,0,12,0,12,0,12,0,12,0,12,52,43,95,101,0,12,0,12,0,12,0,12,0,12,0,12,2459,400,452,352,2466,402,41,54,107,100,321,125,0,12,2466,402,0,12,0,12,0,12,9,14,2457,402,0,12
"2495","060375356051","Block Group 1, Census Tract 5356.05, Los Angeles County, California",1947,354,28,41,0,12,0,12,0,12,0,12,0,12,0,12,0,12,437,156,143,93,0,12,0,12,0,12,0,12,0,12,0,12,53,45,94,71,0,12,0,12,0,12,0,12,0,12,0,12,1974,362,452,216,1966,364,36,43,119,72,249,138,24,37,1974,362,0,12,0,12,0,12,19,30,1955,362,0,12
"2496","060374050013","Block Group 3, Census Tract 4050.01, Los Angeles County, California",1388,427,0,12,0,12,0,12,0,12,0,12,0,12,0,12,0,12,268,193,44,45,0,12,0,12,39,28,11,16,0,12,0,12,17,20,0,12,0,12,0,12,0,12,18,20,0,12,0,12,1447,461,25,24,1447,461,0,12,91,129,45,46,0,12,1447,461,130,84,0,12,2,4,1,4,1305,453,0,12
"2497","060374050011","Block Group 1, Census Tract 4050.01, Los Angeles County, California",2670,556,12,20,0,12,0,12,0,12,0,12,0,12,0,12,0,12,185,108,88,62,0,12,0,12,61,47,96,58,0,12,0,12,82,79,93,60,0,12,0,12,9,14,0,12,0,12,0,12,2775,600,543,375,2775,600,9,14,55,44,75,75,11,17,2781,601,347,149,0,12,33,47,75,63,2305,646,0,12
"2498","060374066012","Block Group 2, Census Tract 4066.01, Los Angeles County, California",2076,354,0,12,0,12,0,12,0,12,0,12,0,12,0,12,0,12,101,91,0,12,0,12,0,12,11,16,0,12,0,12,0,12,35,53,0,12,0,12,0,12,7,11,0,12,0,12,0,12,2250,429,497,458,2250,429,19,31,72,59,42,42,0,12,2250,429,241,152,0,12,69,86,411,213,1529,481,0,12
"2499","060374066011","Block Group 1, Census Tract 4066.01, Los Angeles County, California",1467,326,0,12,0,12,0,12,0,12,0,12,0,12,0,12,0,12,0,12,0,12,0,12,0,12,81,58,0,12,0,12,0,12,9,17,0,12,0,12,0,12,16,19,18,27,0,12,0,12,1574,370,90,83,1574,370,0,12,35,37,27,22,0,12,1574,370,605,249,0,12,16,27,357,113,531,294,14,23
"2500","060374066021","Block Group 1, Census Tract 4066.02, Los Angeles County, California",1029,288,0,12,0,12,0,12,0,12,0,12,0,12,0,12,0,12,27,35,0,12,0,12,0,12,78,89,11,17,0,12,0,12,8,13,0,12,0,12,0,12,42,44,30,45,0,12,0,12,1055,286,19,20,1055,286,19,29,8,13,43,46,0,12,1055,286,297,286,0,12,12,19,118,69,628,208,0,12
"2501","060374066022","Block Group 2, Census Tract 4066.02, Los Angeles County, California",897,377,0,12,0,12,0,12,0,12,0,12,0,12,0,12,0,12,54,74,0,12,0,12,0,12,7,12,0,12,0,12,0,12,6,9,4,9,0,12,0,12,0,12,0,12,0,12,0,12,947,423,37,39,947,423,0,12,32,42,73,79,0,12,947,423,109,146,0,12,2,5,177,99,651,420,8,12
"2502","060374073012","Block Group 2, Census Tract 4073.01, Los Angeles County, California",1464,348,0,12,0,12,0,12,0,12,0,12,0,12,0,12,0,12,14,17,0,12,0,12,0,12,18,27,55,78,0,12,0,12,51,46,0,12,0,12,0,12,0,12,0,12,0,12,0,12,1514,381,59,57,1514,381,0,12,0,12,28,44,0,12,1514,381,228,138,0,12,0,12,105,121,1181,395,0,12
"2503","060374073011","Block Group 1, Census Tract 4073.01, Los Angeles County, California",1205,301,0,12,0,12,0,12,0,12,0,12,0,12,0,12,0,12,94,100,0,12,0,12,0,12,38,41,20,33,0,12,0,12,5,16,9,13,0,12,0,12,0,12,0,12,0,12,0,12,1253,308,89,97,1253,308,0,12,4,9,6,16,5,16,1253,308,457,230,5,11,22,30,88,74,610,242,0,12
"2504","060374073013","Block Group 3, Census Tract 4073.01, Los Angeles County, California",1020,392,0,12,0,12,0,12,0,12,0,12,0,12,0,12,0,12,22,30,30,34,0,12,0,12,0,12,0,12,0,12,0,12,6,9,27,30,0,12,0,12,0,12,0,12,0,12,0,12,1058,429,0,12,1058,429,0,12,22,37,55,46,0,12,1058,429,108,159,0,12,12,21,11,17,927,435,0,12
"2505","060374077023","Block Group 3, Census Tract 4077.02, Los Angeles County, California",1244,335,0,12,0,12,0,12,0,12,7,13,0,12,0,12,0,12,69,66,21,33,0,12,0,12,57,57,8,13,0,12,0,12,27,41,34,43,0,12,0,12,0,12,0,12,0,12,0,12,1411,395,214,167,1411,395,7,17,27,27,45,46,26,41,1411,395,399,183,0,12,2,4,127,132,883,426,0,12
"2506","060374077021","Block Group 1, Census Tract 4077.02, Los Angeles County, California",2926,505,0,12,0,12,0,12,0,12,0,12,0,12,0,12,0,12,126,75,73,64,0,12,0,12,16,27,0,12,0,12,0,12,32,42,33,52,0,12,0,12,44,33,0,12,0,12,0,12,3095,559,150,157,3095,559,0,12,119,84,153,127,0,12,3095,559,452,205,0,12,40,49,260,145,2296,536,15,22
"2507","060371232061","Block Group 1, Census Tract 1232.06, Los Angeles County, California",2442,233,27,39,0,12,0,12,0,12,0,12,0,12,0,12,0,12,360,101,165,76,0,12,0,12,10,14,0,12,0,12,0,12,66,38,58,43,0,12,4,7,0,12,7,10,0,12,0,12,2572,251,761,262,2572,251,4,6,102,59,205,96,0,12,2572,251,60,54,0,12,19,17,277,91,2178,256,0,12
"2508","060371112011","Block Group 1, Census Tract 1112.01, Los Angeles County, California",1083,336,0,12,0,12,0,12,0,12,0,12,0,12,0,12,0,12,0,12,0,12,0,12,0,12,6,11,0,12,0,12,0,12,0,12,0,12,0,12,0,12,0,12,0,12,0,12,0,12,1122,341,103,99,1122,341,6,10,72,75,92,106,0,12,1122,341,174,109,0,12,12,19,452,196,484,283,0,12
"2509","060371132322","Block Group 2, Census Tract 1132.32, Los Angeles County, California",1984,376,0,12,0,12,0,12,0,12,0,12,0,12,0,12,0,12,0,12,0,12,30,48,0,12,11,16,0,12,0,12,0,12,0,12,0,12,0,12,0,12,0,12,0,12,0,12,38,61,1941,370,203,92,1941,370,12,19,0,12,90,61,0,12,2045,381,377,290,0,12,128,102,1054,307,323,145,0,12
"2510","060371134223","Block Group 3, Census Tract 1134.22, Los Angeles County, California",1318,409,0,12,0,12,0,12,0,12,0,12,0,12,0,12,0,12,23,28,0,12,0,12,0,12,0,12,0,12,0,12,0,12,14,22,0,12,0,12,0,12,0,12,0,12,0,12,0,12,1407,462,100,123,1444,472,61,90,0,12,14,22,0,12,1444,472,58,92,0,12,32,41,681,250,654,371,0,12
"2511","060371152021","Block Group 1, Census Tract 1152.02, Los Angeles County, California",1861,369,0,12,0,12,0,12,0,12,0,12,0,12,0,12,0,12,0,12,0,12,0,12,0,12,0,12,0,12,0,12,0,12,0,12,0,12,9,13,10,17,8,12,0,12,0,12,0,12,1958,374,485,226,1958,374,0,12,112,79,20,18,0,12,1964,374,402,182,0,12,206,156,719,214,515,229,0,12
"2512","060371152022","Block Group 2, Census Tract 1152.02, Los Angeles County, California",2223,449,0,12,0,12,0,12,0,12,0,12,0,12,0,12,0,12,43,48,0,12,0,12,0,12,0,12,0,12,0,12,0,12,0,12,0,12,0,12,0,12,14,22,0,12,0,12,0,12,2358,515,103,66,2358,515,0,12,47,74,59,73,0,12,2358,515,346,147,0,12,48,61,599,212,1232,479,0,12
"2513","060372409005","Block Group 5, Census Tract 2409, Los Angeles County, California",922,350,0,12,0,12,0,12,0,12,0,12,0,12,0,12,0,12,102,97,41,41,0,12,0,12,19,31,0,12,0,12,0,12,0,12,43,64,0,12,0,12,0,12,0,12,0,12,0,12,985,368,288,299,985,368,15,24,22,36,53,85,0,12,985,368,19,31,0,12,69,64,0,12,897,372,0,12
"2514","060372409003","Block Group 3, Census Tract 2409, Los Angeles County, California",1296,539,0,12,0,12,0,12,0,12,0,12,0,12,0,12,0,12,125,124,146,103,0,12,0,12,0,12,0,12,0,12,0,12,8,14,72,87,0,12,0,12,0,12,0,12,0,12,0,12,1407,618,372,235,1419,621,71,114,83,83,152,129,0,12,1419,621,0,12,0,12,72,51,0,12,1347,636,0,12
"2515","060372611022","Block Group 2, Census Tract 2611.02, Los Angeles County, California",2757,333,0,12,0,12,0,12,0,12,0,12,0,12,0,12,0,12,0,12,0,12,0,12,0,12,0,12,7,11,0,12,0,12,0,12,0,12,0,12,0,12,0,12,0,12,0,12,0,12,2874,349,66,43,2881,344,29,43,0,12,58,52,0,12,2881,344,139,89,0,12,54,50,2559,388,57,43,0,12
"2516","060376204003","Block Group 3, Census Tract 6204, Los Angeles County, California",1242,292,0,12,0,12,0,12,0,12,0,12,0,12,0,12,0,12,0,12,0,12,0,12,0,12,0,12,0,12,0,12,0,12,0,12,0,12,0,12,0,12,0,12,0,12,0,12,0,12,1259,293,0,12,1259,293,0,12,37,61,52,65,0,12,1259,293,79,78,0,12,0,12,981,278,44,46,0,12
"2517","060376509013","Block Group 3, Census Tract 6509.01, Los Angeles County, California",1044,335,0,12,0,12,0,12,0,12,0,12,0,12,0,12,0,12,0,12,0,12,0,12,0,12,0,12,0,12,0,12,0,12,0,12,0,12,0,12,0,12,8,17,0,12,0,12,0,12,1044,335,25,31,1044,335,4,14,0,12,0,12,0,12,1044,335,321,191,0,12,0,12,355,137,235,212,0,12
"2518","060376509011","Block Group 1, Census Tract 6509.01, Los Angeles County, California",1815,404,0,12,0,12,0,12,0,12,0,12,0,12,0,12,0,12,0,12,0,12,0,12,0,12,0,12,0,12,0,12,0,12,0,12,0,12,0,12,0,12,0,12,0,12,0,12,0,12,2027,498,131,109,2027,498,0,12,15,27,53,78,0,12,2027,498,376,259,0,12,0,12,825,309,702,418,0,12
"2519","060375765012","Block Group 2, Census Tract 5765.01, Los Angeles County, California",1208,220,0,12,0,12,0,12,0,12,0,12,0,12,0,12,0,12,0,12,0,12,0,12,0,12,0,12,0,12,0,12,0,12,0,12,0,12,0,12,0,12,0,12,0,12,0,12,0,12,1194,242,248,112,1194,242,0,12,58,57,11,16,0,12,1236,243,64,64,0,12,103,71,574,155,321,210,0,12
"2520","060375765011","Block Group 1, Census Tract 5765.01, Los Angeles County, California",1673,337,21,33,0,12,0,12,0,12,0,12,0,12,0,12,0,12,202,99,34,38,23,37,22,36,20,31,0,12,0,12,0,12,0,12,68,112,0,12,0,12,0,12,0,12,0,12,0,12,1746,374,528,300,1750,374,0,12,79,55,203,112,34,56,1750,374,175,214,0,12,257,148,253,102,965,369,0,12
"2521","060375765022","Block Group 2, Census Tract 5765.02, Los Angeles County, California",852,256,0,12,0,12,0,12,0,12,0,12,0,12,0,12,0,12,34,55,0,12,0,12,0,12,0,12,0,12,0,12,0,12,0,12,0,12,0,12,0,12,0,12,0,12,0,12,0,12,948,307,193,153,948,307,23,34,18,20,0,12,0,12,948,307,60,50,0,12,108,70,263,120,484,294,0,12
"2522","060375765023","Block Group 3, Census Tract 5765.02, Los Angeles County, California",817,191,0,12,0,12,0,12,0,12,0,12,0,12,0,12,0,12,0,12,0,12,0,12,0,12,9,13,0,12,0,12,0,12,0,12,0,12,0,12,0,12,0,12,0,12,0,12,0,12,827,193,182,154,827,193,0,12,8,13,31,36,0,12,827,193,45,37,0,12,93,78,376,101,293,191,13,22
"2523","060375765021","Block Group 1, Census Tract 5765.02, Los Angeles County, California",2639,598,0,12,0,12,0,12,0,12,0,12,0,12,0,12,0,12,144,84,0,12,0,12,0,12,0,12,0,12,0,12,0,12,22,35,22,37,0,12,0,12,0,12,0,12,0,12,0,12,2883,664,382,262,2883,664,67,80,43,33,204,118,0,12,2883,664,134,97,0,12,326,221,857,280,1482,577,26,41
"2524","060375765031","Block Group 1, Census Tract 5765.03, Los Angeles County, California",2243,348,0,12,0,12,0,12,0,12,0,12,0,12,0,12,0,12,98,96,24,41,0,12,0,12,10,15,10,16,0,12,0,12,0,12,5,11,0,12,0,12,5,11,5,10,0,12,0,12,2172,371,293,149,2172,371,24,40,199,119,111,105,0,12,2366,360,189,123,0,12,470,193,614,170,974,316,0,12
"2525","060375765032","Block Group 2, Census Tract 5765.03, Los Angeles County, California",2036,334,0,12,0,12,0,12,0,12,0,12,0,12,0,12,0,12,75,99,25,35,9,13,25,37,0,12,0,12,0,12,0,12,0,12,0,12,0,12,0,12,0,12,0,12,0,12,0,12,2103,332,199,105,2097,332,8,13,65,47,123,85,0,12,2103,332,49,37,0,12,263,154,850,212,805,272,50,80
"2526","060375769013","Block Group 3, Census Tract 5769.01, Los Angeles County, California",1355,313,0,12,0,12,0,12,0,12,0,12,0,12,0,12,0,12,45,38,13,19,0,12,0,12,5,9,15,24,0,12,0,12,15,24,0,12,0,12,0,12,39,57,0,12,0,12,0,12,1544,356,449,245,1544,356,89,93,38,33,56,37,0,12,1544,356,191,152,0,12,346,144,216,129,771,312,0,12
"2527","060375769012","Block Group 2, Census Tract 5769.01, Los Angeles County, California",1560,301,0,12,0,12,0,12,0,12,0,12,0,12,0,12,0,12,89,81,92,48,0,12,0,12,48,69,0,12,0,12,0,12,0,12,0,12,0,12,0,12,0,12,0,12,0,12,0,12,1653,321,549,252,1653,321,29,29,97,85,87,54,0,12,1679,319,127,89,0,12,85,58,220,71,1217,322,0,12
"2528","060375769011","Block Group 1, Census Tract 5769.01, Los Angeles County, California",1993,407,0,12,0,12,0,12,0,12,0,12,0,12,0,12,0,12,46,43,85,65,0,12,0,12,109,72,24,27,0,12,0,12,0,12,0,12,0,12,0,12,56,49,45,40,0,12,0,12,2134,454,875,306,2134,454,0,12,101,70,136,90,0,12,2134,454,686,236,0,12,233,151,181,90,1034,449,0,12
"2529","060375773004","Block Group 4, Census Tract 5773, Los Angeles County, California",1076,256,0,12,0,12,0,12,0,12,0,12,0,12,0,12,0,12,0,12,0,12,0,12,0,12,0,12,0,12,0,12,0,12,0,12,0,12,0,12,0,12,17,27,0,12,0,12,0,12,1101,256,81,71,1101,256,0,12,14,24,30,36,0,12,1101,256,59,93,0,12,60,96,791,180,93,108,0,12
"2530","060375773001","Block Group 1, Census Tract 5773, Los Angeles County, California",971,266,0,12,0,12,0,12,0,12,0,12,0,12,0,12,0,12,0,12,0,12,0,12,0,12,0,12,0,12,0,12,0,12,0,12,0,12,0,12,0,12,0,12,0,12,0,12,0,12,1122,327,0,12,1122,327,0,12,33,37,39,62,0,12,1122,327,46,42,0,12,13,21,780,281,251,226,0,12
"2531","060375773002","Block Group 2, Census Tract 5773, Los Angeles County, California",1143,289,0,12,0,12,0,12,0,12,0,12,0,12,0,12,0,12,0,12,0,12,15,24,0,12,21,32,0,12,0,12,0,12,0,12,0,12,0,12,0,12,0,12,0,12,0,12,0,12,1143,289,55,43,1143,289,0,12,28,46,4,16,0,12,1143,289,122,92,0,12,0,12,718,260,272,167,0,12
"2532","060375773006","Block Group 6, Census Tract 5773, Los Angeles County, California",613,202,0,12,0,12,0,12,0,12,0,12,0,12,0,12,0,12,0,12,0,12,0,12,0,12,0,12,0,12,0,12,0,12,0,12,0,12,0,12,0,12,0,12,0,12,0,12,0,12,613,202,15,23,613,202,0,12,0,12,0,12,0,12,613,202,64,63,0,12,0,12,320,132,229,131,0,12
"2533","060376001002","Block Group 2, Census Tract 6001, Los Angeles County, California",1488,381,20,32,7,11,0,12,0,12,0,12,0,12,0,12,0,12,301,147,80,60,0,12,0,12,0,12,0,12,0,12,0,12,30,38,34,45,0,12,0,12,0,12,0,12,0,12,0,12,1707,453,447,309,1707,453,0,12,47,53,241,125,0,12,1707,453,0,12,0,12,151,90,40,41,1496,460,0,12
"2534","060374819013","Block Group 3, Census Tract 4819.01, Los Angeles County, California",1404,286,0,12,0,12,0,12,0,12,0,12,0,12,0,12,0,12,0,12,0,12,0,12,0,12,45,36,0,12,0,12,0,12,7,12,0,12,0,12,0,12,36,30,20,30,0,12,0,12,1433,286,64,53,1433,286,20,22,14,21,0,12,0,12,1433,286,481,185,0,12,0,12,277,109,675,262,0,12
"2535","060374819014","Block Group 4, Census Tract 4819.01, Los Angeles County, California",2527,312,15,23,0,12,0,12,0,12,0,12,0,12,0,12,0,12,0,12,14,22,0,12,0,12,59,59,0,12,0,12,0,12,15,23,11,18,0,12,0,12,10,15,55,75,0,12,0,12,2612,313,106,66,2653,310,0,12,15,24,56,38,29,33,2653,310,663,210,0,12,40,48,261,109,1671,333,0,12
"2536","060374821011","Block Group 1, Census Tract 4821.01, Los Angeles County, California",983,217,0,12,0,12,0,12,0,12,0,12,0,12,0,12,0,12,0,12,0,12,0,12,0,12,50,52,46,42,0,12,0,12,0,12,0,12,0,12,0,12,81,46,127,87,0,12,0,12,992,216,217,159,992,216,0,12,6,11,44,69,0,12,992,216,663,218,0,12,0,12,69,94,243,179,0,12
"2537","060374821013","Block Group 3, Census Tract 4821.01, Los Angeles County, California",2014,320,0,12,0,12,0,12,0,12,26,32,0,12,0,12,0,12,0,12,0,12,0,12,0,12,219,104,28,48,0,12,0,12,0,12,0,12,0,12,0,12,61,46,28,25,0,12,0,12,2127,327,301,194,2127,327,14,22,42,37,44,30,0,12,2127,327,1521,324,68,108,0,12,163,108,368,135,0,12
"2538","060374822013","Block Group 3, Census Tract 4822.01, Los Angeles County, California",1424,416,0,12,0,12,0,12,0,12,13,21,0,12,0,12,0,12,0,12,0,12,0,12,0,12,226,165,49,58,0,12,0,12,11,17,0,12,0,12,0,12,100,81,64,67,0,12,0,12,1520,454,369,217,1520,454,0,12,20,30,131,89,8,14,1520,454,1318,425,0,12,0,12,14,23,170,123,0,12
"2539","060374822011","Block Group 1, Census Tract 4822.01, Los Angeles County, California",1245,307,0,12,0,12,0,12,0,12,0,12,0,12,0,12,0,12,0,12,0,12,0,12,0,12,75,51,136,97,0,12,0,12,0,12,0,12,24,41,0,12,83,55,41,44,0,12,0,12,1320,328,263,176,1329,328,0,12,38,34,39,39,0,12,1336,329,767,324,0,12,1,2,36,42,532,313,0,12
"2540","060374822022","Block Group 2, Census Tract 4822.02, Los Angeles County, California",1713,329,0,12,0,12,0,12,0,12,27,26,0,12,0,12,0,12,8,16,0,12,0,12,0,12,306,160,127,69,0,12,0,12,0,12,0,12,0,12,0,12,77,63,45,70,0,12,0,12,1823,360,371,244,1823,360,7,12,13,16,16,25,45,70,1823,360,1521,353,0,12,19,29,33,26,224,188,26,42
"2541","060374822021","Block Group 1, Census Tract 4822.02, Los Angeles County, California",965,365,0,12,0,12,0,12,0,12,37,42,0,12,0,12,0,12,0,12,0,12,12,20,0,12,90,61,44,49,0,12,0,12,0,12,0,12,0,12,0,12,54,42,0,12,0,12,0,12,977,359,111,98,991,366,0,12,9,14,43,49,0,12,991,366,536,276,0,12,0,12,59,53,373,236,0,12
"2542","060374825032","Block Group 2, Census Tract 4825.03, Los Angeles County, California",2311,373,0,12,0,12,0,12,0,12,0,12,0,12,0,12,0,12,74,56,30,27,0,12,0,12,378,149,159,84,0,12,0,12,0,12,42,52,0,12,0,12,23,20,111,65,0,12,0,12,2457,400,323,203,2457,400,6,11,37,36,61,70,0,12,2457,400,1564,328,0,12,0,12,16,18,858,383,0,12
"2543","060374827012","Block Group 2, Census Tract 4827.01, Los Angeles County, California",1094,430,0,12,0,12,0,12,0,12,0,12,0,12,0,12,0,12,0,12,21,24,0,12,0,12,24,25,13,20,0,12,0,12,20,18,23,27,0,12,0,12,5,9,56,60,0,12,0,12,1258,495,127,146,1258,495,0,12,17,32,32,33,0,12,1258,495,249,141,0,12,0,12,25,29,974,464,0,12
"2544","060374827011","Block Group 1, Census Tract 4827.01, Los Angeles County, California",677,309,0,12,0,12,0,12,0,12,0,12,0,12,0,12,0,12,0,12,0,12,0,12,0,12,18,25,41,46,0,12,0,12,0,12,0,12,0,12,0,12,105,92,0,12,0,12,0,12,689,304,72,54,689,304,0,12,0,12,0,12,0,12,689,304,390,274,0,12,0,12,0,12,299,175,0,12
"2545","060375004022","Block Group 2, Census Tract 5004.02, Los Angeles County, California",1347,351,18,28,0,12,0,12,0,12,0,12,0,12,0,12,0,12,153,73,68,81,0,12,0,12,0,12,0,12,0,12,0,12,56,59,56,44,0,12,0,12,0,12,0,12,0,12,0,12,1461,368,199,176,1461,368,0,12,42,49,138,111,0,12,1461,368,0,12,0,12,0,12,0,12,1434,369,0,12
"2546","060375004021","Block Group 1, Census Tract 5004.02, Los Angeles County, California",1243,438,0,12,0,12,0,12,0,12,0,12,0,12,0,12,0,12,224,110,68,40,0,12,0,12,0,12,0,12,0,12,0,12,14,17,56,56,0,12,0,12,0,12,0,12,0,12,0,12,1371,499,104,107,1371,499,0,12,11,17,176,101,0,12,1371,499,0,12,0,12,0,12,0,12,1371,499,0,12
"2547","060371132111","Block Group 1, Census Tract 1132.11, Los Angeles County, California",2032,287,0,12,0,12,0,12,0,12,0,12,0,12,0,12,0,12,0,12,0,12,8,12,0,12,26,41,0,12,0,12,0,12,0,12,0,12,0,12,0,12,22,23,0,12,0,12,0,12,2179,294,127,79,2179,294,0,12,0,12,0,12,0,12,2187,294,409,170,0,12,64,64,1570,296,143,92,0,12
"2548","060371152012","Block Group 2, Census Tract 1152.01, Los Angeles County, California",2110,775,0,12,0,12,0,12,0,12,0,12,0,12,0,12,0,12,151,193,0,12,0,12,0,12,40,64,0,12,0,12,0,12,0,12,38,56,12,21,0,12,0,12,0,12,0,12,0,12,2233,791,341,229,2233,791,0,12,50,44,40,64,0,12,2233,791,260,189,0,12,0,12,1011,337,893,723,0,12
"2549","060371152011","Block Group 1, Census Tract 1152.01, Los Angeles County, California",2220,516,0,12,0,12,0,12,0,12,0,12,0,12,0,12,0,12,0,12,0,12,0,12,0,12,0,12,0,12,0,12,76,126,0,12,0,12,0,12,0,12,0,12,0,12,0,12,0,12,2197,531,353,158,2197,531,0,12,56,66,13,21,0,12,2237,525,252,172,0,12,106,93,1349,428,451,311,0,12
"2550","060371380001","Block Group 1, Census Tract 1380, Los Angeles County, California",1839,282,0,12,0,12,0,12,0,12,0,12,0,12,0,12,0,12,8,14,0,12,40,45,0,12,0,12,0,12,0,12,0,12,0,12,0,12,21,33,0,12,0,12,0,12,0,12,0,12,1992,306,198,166,1992,306,10,15,0,12,72,48,0,12,1992,306,101,98,0,12,88,84,1562,260,99,60,10,16
"2551","060371380003","Block Group 3, Census Tract 1380, Los Angeles County, California",1987,393,0,12,0,12,0,12,0,12,0,12,0,12,0,12,0,12,0,12,0,12,77,60,0,12,0,12,0,12,0,12,0,12,0,12,0,12,98,100,0,12,0,12,0,12,0,12,0,12,2116,421,162,153,2116,421,0,12,88,72,0,12,0,12,2116,421,268,128,0,12,254,243,1353,298,146,139,0,12
"2552","060371816001","Block Group 1, Census Tract 1816, Los Angeles County, California",2785,313,0,12,0,12,0,12,0,12,0,12,0,12,0,12,0,12,15,16,14,15,0,12,0,12,11,13,0,12,0,12,0,12,49,34,0,12,5,8,0,12,6,10,0,12,0,12,0,12,1218,203,178,118,2866,324,25,22,32,28,19,19,0,12,2866,324,508,131,29,52,119,55,1170,230,753,174,0,12
"2553","060371872001","Block Group 1, Census Tract 1872, Los Angeles County, California",1460,222,0,12,0,12,0,12,0,12,0,12,0,12,0,12,0,12,99,46,59,39,0,12,0,12,8,12,0,12,0,12,0,12,94,59,20,25,0,12,0,12,9,12,0,12,0,12,0,12,1509,240,120,80,1509,240,19,22,44,35,93,62,0,12,1509,240,155,78,17,26,0,12,152,49,1141,237,0,12
"2554","060371914202","Block Group 2, Census Tract 1914.20, Los Angeles County, California",1062,420,0,12,0,12,0,12,0,12,0,12,0,12,0,12,0,12,167,144,33,56,0,12,0,12,0,12,0,12,0,12,0,12,72,117,0,12,0,12,0,12,13,22,0,12,0,12,0,12,1110,433,49,36,1110,433,0,12,49,35,102,83,0,12,1110,433,22,25,0,12,23,26,269,146,776,438,0,12
"2555","060371914201","Block Group 1, Census Tract 1914.20, Los Angeles County, California",1899,319,0,12,0,12,0,12,0,12,0,12,0,12,0,12,0,12,243,136,115,73,0,12,0,12,71,78,0,12,0,12,0,12,63,58,7,13,0,12,0,12,0,12,0,12,0,12,0,12,1986,336,257,161,1986,336,20,34,299,141,301,142,22,34,1986,336,409,161,0,12,12,18,342,140,1162,337,0,12
"2556","060376025092","Block Group 2, Census Tract 6025.09, Los Angeles County, California",960,306,0,12,0,12,0,12,0,12,0,12,0,12,0,12,0,12,48,46,16,23,0,12,0,12,10,16,10,16,0,12,0,12,18,27,0,12,0,12,0,12,21,21,21,34,0,12,0,12,997,311,190,143,997,311,0,12,8,15,41,51,0,12,997,311,307,139,0,12,152,233,10,10,502,225,0,12
"2557","060376025082","Block Group 2, Census Tract 6025.08, Los Angeles County, California",1887,567,0,12,0,12,0,12,0,12,33,58,0,12,0,12,0,12,158,112,0,12,0,12,0,12,51,79,0,12,0,12,0,12,27,29,0,12,0,12,0,12,0,12,3,7,0,12,0,12,2129,680,314,243,2129,680,56,96,172,126,105,85,27,29,2129,680,135,145,0,12,792,617,184,125,927,364,0,12
"2558","060376025081","Block Group 1, Census Tract 6025.08, Los Angeles County, California",1543,537,0,12,126,202,33,53,0,12,0,12,0,12,0,12,0,12,159,142,29,47,75,120,0,12,0,12,0,12,0,12,0,12,27,34,0,12,0,12,0,12,0,12,0,12,0,12,0,12,1630,567,90,91,1630,567,191,224,134,132,114,95,0,12,1630,567,132,202,0,12,317,276,260,251,890,452,0,12
"2559","060374810023","Block Group 3, Census Tract 4810.02, Los Angeles County, California",1045,320,0,12,0,12,0,12,0,12,0,12,0,12,0,12,0,12,0,12,0,12,0,12,0,12,20,35,0,12,0,12,0,12,0,12,0,12,0,12,0,12,21,22,0,12,0,12,0,12,1058,319,139,113,1058,319,0,12,53,52,0,12,0,12,1058,319,760,305,0,12,0,12,36,37,226,111,0,12
"2560","060374811023","Block Group 3, Census Tract 4811.02, Los Angeles County, California",1408,286,8,14,0,12,0,12,0,12,0,12,0,12,0,12,0,12,0,12,0,12,0,12,0,12,303,163,0,12,0,12,0,12,0,12,0,12,0,12,0,12,73,61,27,32,0,12,0,12,1595,351,114,104,1591,351,0,12,63,80,10,16,17,29,1595,351,1169,342,0,12,9,14,212,163,191,122,0,12
"2561","060379010093","Block Group 3, Census Tract 9010.09, Los Angeles County, California",1714,378,0,12,0,12,0,12,0,12,0,12,0,12,0,12,0,12,44,57,0,12,0,12,0,12,0,12,0,12,0,12,0,12,18,27,0,12,0,12,0,12,0,12,0,12,0,12,0,12,1757,387,111,140,1757,387,0,12,23,36,21,24,0,12,1757,387,0,12,0,12,250,164,922,217,537,321,0,12
"2562","060379010091","Block Group 1, Census Tract 9010.09, Los Angeles County, California",2096,343,0,12,0,12,0,12,0,12,0,12,0,12,0,12,0,12,16,23,0,12,0,12,0,12,0,12,0,12,0,12,0,12,17,24,0,12,0,12,0,12,0,12,0,12,0,12,0,12,2148,336,181,106,2148,336,34,36,12,19,0,12,0,12,2148,336,244,165,18,28,170,131,1116,226,499,291,14,23
"2563","060379006092","Block Group 2, Census Tract 9006.09, Los Angeles County, California",1254,333,11,12,0,12,0,12,0,12,0,12,0,12,0,12,0,12,50,74,8,12,0,12,0,12,0,12,0,12,0,12,0,12,0,12,0,12,0,12,24,38,0,12,0,12,0,12,0,12,1391,374,688,321,1391,374,31,41,37,46,0,12,0,12,1391,374,1,6,0,12,510,269,148,99,630,327,0,12
"2564","060379006091","Block Group 1, Census Tract 9006.09, Los Angeles County, California",3240,472,0,12,0,12,0,12,0,12,0,12,0,12,0,12,0,12,137,93,17,21,0,12,0,12,0,12,0,12,0,12,0,12,38,44,29,37,0,12,0,12,0,12,0,12,0,12,0,12,3587,522,1240,392,3587,522,115,100,55,47,136,77,7,12,3587,522,92,56,0,12,992,346,502,216,1766,460,12,18
"2565","060375028021","Block Group 1, Census Tract 5028.02, Los Angeles County, California",1953,280,0,12,0,12,0,12,0,12,0,12,0,12,0,12,0,12,51,38,29,24,6,10,0,12,15,22,0,12,0,12,0,12,64,51,48,46,0,12,0,12,12,20,19,31,0,12,0,12,2091,275,503,179,2091,275,0,12,11,12,95,62,0,12,2091,275,210,127,0,12,141,99,215,147,1498,359,7,13
"2566","060375028022","Block Group 2, Census Tract 5028.02, Los Angeles County, California",1054,160,0,12,0,12,0,12,0,12,0,12,0,12,0,12,0,12,0,12,0,12,0,12,0,12,66,64,0,12,0,12,0,12,0,12,0,12,0,12,0,12,4,8,0,12,0,12,0,12,1079,151,54,38,1079,151,0,12,37,41,35,33,0,12,1130,150,599,197,0,12,91,112,228,249,175,70,0,12
"2567","060374604012","Block Group 2, Census Tract 4604.01, Los Angeles County, California",0,12,0,12,0,12,0,12,0,12,0,12,0,12,0,12,0,12,0,12,0,12,0,12,0,12,0,12,0,12,0,12,0,12,0,12,0,12,0,12,0,12,0,12,0,12,0,12,0,12,0,12,0,12,0,12,0,12,0,12,0,12,0,12,0,12,0,12,0,12,0,12,0,12,0,12,0,12
"2568","060374604011","Block Group 1, Census Tract 4604.01, Los Angeles County, California",870,91,0,12,0,12,0,12,0,12,0,12,0,12,0,12,0,12,52,40,0,12,0,12,0,12,0,12,0,12,0,12,0,12,0,12,13,15,0,12,0,12,0,12,0,12,0,12,0,12,985,98,199,122,985,98,0,12,52,41,31,30,13,15,985,98,45,32,10,14,283,96,180,63,399,116,0,12
"2569","060375775041","Block Group 1, Census Tract 5775.04, Los Angeles County, California",688,134,0,12,0,12,0,12,0,12,0,12,0,12,0,12,0,12,0,12,0,12,0,12,0,12,0,12,0,12,0,12,0,12,0,12,0,12,0,12,0,12,0,12,0,12,0,12,0,12,695,135,62,47,695,135,0,12,0,12,29,34,0,12,695,135,55,35,16,24,0,12,568,128,43,40,0,12
"2570","060375775042","Block Group 2, Census Tract 5775.04, Los Angeles County, California",664,110,0,12,0,12,0,12,0,12,0,12,0,12,0,12,0,12,0,12,0,12,0,12,0,12,0,12,0,12,0,12,0,12,0,12,0,12,0,12,0,12,0,12,0,12,0,12,0,12,683,116,75,60,683,116,8,10,9,13,11,16,0,12,683,116,17,15,7,10,14,14,547,105,47,29,0,12
"2571","060379107141","Block Group 1, Census Tract 9107.14, Los Angeles County, California",2396,339,0,12,0,12,0,12,0,12,0,12,0,12,0,12,0,12,212,72,83,44,3,6,0,12,0,12,0,12,0,12,0,12,21,24,52,40,0,12,0,12,0,12,0,12,0,12,0,12,2568,385,495,303,2575,386,10,14,36,29,116,76,8,12,2575,386,27,33,0,12,373,198,143,47,1996,366,0,12
"2572","060379107112","Block Group 2, Census Tract 9107.11, Los Angeles County, California",1734,472,0,12,0,12,0,12,0,12,0,12,0,12,0,12,0,12,95,109,33,54,0,12,0,12,28,45,0,12,0,12,0,12,9,17,9,16,0,12,0,12,0,12,0,12,0,12,0,12,1856,501,121,111,1856,501,37,63,65,73,111,125,0,12,1856,501,46,83,0,12,313,277,440,217,1057,407,0,12
"2573","060379106061","Block Group 1, Census Tract 9106.06, Los Angeles County, California",1876,257,3,7,0,12,0,12,0,12,0,12,0,12,0,12,0,12,164,79,32,23,0,12,0,12,0,12,0,12,0,12,0,12,46,27,8,14,0,12,0,12,0,12,0,12,0,12,0,12,2009,286,515,229,2013,287,47,51,71,44,169,79,0,12,2013,287,20,30,0,12,182,46,238,98,1539,282,0,12
"2574","060379106062","Block Group 2, Census Tract 9106.06, Los Angeles County, California",1017,235,14,20,0,12,0,12,0,12,0,12,0,12,0,12,0,12,56,39,22,22,0,12,0,12,0,12,0,12,0,12,0,12,0,12,0,12,0,12,0,12,0,12,0,12,0,12,0,12,1108,281,239,183,1108,281,17,27,10,15,52,37,0,12,1108,281,168,108,6,9,90,99,91,61,737,238,0,12
"2575","060378002042","Block Group 2, Census Tract 8002.04, Los Angeles County, California",2694,440,0,12,0,12,0,12,0,12,0,12,0,12,0,12,0,12,0,12,0,12,0,12,0,12,0,12,0,12,25,41,0,12,0,12,0,12,0,12,0,12,0,12,0,12,0,12,0,12,2788,488,92,97,2788,488,0,12,64,83,0,12,24,37,2788,488,151,89,0,12,25,39,2118,416,391,372,0,12
"2576","060379203391","Block Group 1, Census Tract 9203.39, Los Angeles County, California",7147,444,0,17,0,17,0,17,0,17,0,17,0,17,0,17,0,17,0,17,0,17,22,37,0,17,61,57,46,65,22,34,0,17,0,17,0,17,34,40,0,17,43,51,0,17,12,25,0,17,7420,413,381,233,7420,413,180,146,120,111,118,115,0,17,7420,413,1952,393,0,17,135,139,3821,471,884,239,0,17
"2577","060375421042","Block Group 2, Census Tract 5421.04, Los Angeles County, California",904,242,0,12,0,12,0,12,0,12,0,12,0,12,0,12,0,12,111,72,55,60,0,12,0,12,0,12,0,12,0,12,0,12,34,29,8,13,0,12,0,12,0,12,0,12,0,12,0,12,965,256,283,169,965,256,15,19,44,36,142,101,0,12,965,256,3,6,0,12,27,19,39,47,852,261,12,18
"2578","060375421043","Block Group 3, Census Tract 5421.04, Los Angeles County, California",886,269,11,16,0,12,0,12,0,12,0,12,0,12,0,12,0,12,66,40,57,53,0,12,0,12,0,12,0,12,0,12,0,12,13,19,0,12,0,12,0,12,0,12,0,12,0,12,0,12,947,314,72,70,986,320,0,12,60,46,68,80,0,12,986,320,0,12,0,12,196,109,40,44,750,308,0,12
"2579","060375421031","Block Group 1, Census Tract 5421.03, Los Angeles County, California",1512,305,18,26,0,12,0,12,0,12,0,12,0,12,0,12,0,12,231,79,97,57,0,12,0,12,0,12,0,12,0,12,0,12,26,36,10,14,0,12,0,12,0,12,0,12,0,12,0,12,1543,312,57,54,1535,309,20,26,79,46,93,66,0,12,1543,312,0,12,0,12,190,104,0,12,1353,306,0,12
"2580","060375421032","Block Group 2, Census Tract 5421.03, Los Angeles County, California",590,198,0,12,0,12,0,12,0,12,0,12,0,12,0,12,0,12,38,31,18,20,0,12,0,12,0,12,0,12,0,12,0,12,5,8,28,32,0,12,0,12,0,12,0,12,0,12,0,12,660,228,132,110,660,228,11,15,25,26,30,30,0,12,660,228,0,12,0,12,22,34,10,15,628,226,0,12
"2581","060375515021","Block Group 1, Census Tract 5515.02, Los Angeles County, California",1742,416,40,73,0,12,0,12,0,12,0,12,0,12,0,12,0,12,149,101,17,33,0,12,0,12,8,12,0,12,0,12,0,12,50,85,23,44,10,17,0,12,0,12,0,12,0,12,0,12,1762,418,66,63,1775,418,33,39,7,14,92,63,0,12,1775,418,145,154,0,12,0,12,256,171,1316,392,0,12
"2582","060371132312","Block Group 2, Census Tract 1132.31, Los Angeles County, California",559,132,0,12,0,12,0,12,0,12,0,12,0,12,0,12,0,12,0,12,0,12,3,7,0,12,0,12,0,12,0,12,0,12,0,12,0,12,4,7,0,12,0,12,0,12,0,12,0,12,578,136,35,43,578,136,0,12,0,12,0,12,0,12,578,136,117,84,0,12,35,40,324,105,15,17,0,12
"2583","060371133222","Block Group 2, Census Tract 1133.22, Los Angeles County, California",2749,340,0,12,0,12,0,12,0,12,0,12,0,12,0,12,0,12,49,50,0,12,0,12,0,12,14,21,0,12,9,15,0,12,2,11,0,12,47,54,0,12,0,12,0,12,0,12,0,12,2871,368,133,107,2871,368,13,21,42,38,38,43,0,12,2876,368,569,273,0,12,47,63,1180,333,986,448,0,12
"2584","060371133221","Block Group 1, Census Tract 1133.22, Los Angeles County, California",1596,344,0,12,0,12,0,12,0,12,0,12,0,12,0,12,0,12,9,14,0,12,0,12,0,12,39,60,0,12,0,12,0,12,17,21,0,12,0,12,4,9,24,39,27,41,0,12,0,12,1670,370,191,156,1670,370,41,65,13,21,13,21,0,12,1696,372,316,221,0,12,37,46,832,233,467,227,0,12
"2585","060371134212","Block Group 2, Census Tract 1134.21, Los Angeles County, California",2231,372,0,12,0,12,0,12,0,12,0,12,0,12,0,12,0,12,173,129,13,20,46,74,0,12,9,14,0,12,0,12,0,12,20,32,74,80,0,12,0,12,39,37,30,37,17,30,0,12,2405,408,509,199,2405,408,23,36,87,98,181,150,0,12,2405,408,429,183,10,16,115,106,638,255,1202,290,0,12
"2586","060371134211","Block Group 1, Census Tract 1134.21, Los Angeles County, California",1528,456,0,12,0,12,0,12,0,12,0,12,0,12,0,12,0,12,222,156,23,36,22,36,0,12,0,12,0,12,0,12,0,12,61,50,0,12,0,12,0,12,0,12,0,12,0,12,0,12,1641,467,158,132,1641,467,14,22,186,151,113,104,0,12,1641,467,135,133,0,12,81,65,218,105,1176,499,0,12
"2587","060371173013","Block Group 3, Census Tract 1173.01, Los Angeles County, California",1038,266,0,12,0,12,0,12,0,12,0,12,0,12,0,12,0,12,64,66,0,12,0,12,0,12,1,4,0,12,0,12,0,12,7,12,0,12,5,10,0,12,0,12,9,14,0,12,0,12,1080,271,33,33,1080,271,0,12,0,12,66,48,9,14,1080,271,65,76,0,12,38,44,461,150,492,216,0,12
"2588","060376203033","Block Group 3, Census Tract 6203.03, Los Angeles County, California",913,238,0,12,0,12,0,12,0,12,0,12,0,12,0,12,0,12,0,12,0,12,0,12,0,12,0,12,0,12,0,12,0,12,0,12,0,12,0,12,0,12,0,12,0,12,0,12,0,12,923,240,23,27,923,240,0,12,0,12,1,2,0,12,923,240,21,29,0,12,1,2,810,225,24,23,0,12
"2589","060376203031","Block Group 1, Census Tract 6203.03, Los Angeles County, California",992,201,0,12,0,12,0,12,0,12,0,12,0,12,0,12,0,12,0,12,0,12,8,13,0,12,0,12,0,12,0,12,0,12,0,12,0,12,0,12,0,12,0,12,0,12,0,12,0,12,1107,224,11,16,1107,224,0,12,0,12,0,12,0,12,1107,224,100,48,0,12,0,12,830,217,128,97,0,12
"2590","060376203034","Block Group 4, Census Tract 6203.03, Los Angeles County, California",914,205,0,12,0,12,0,12,0,12,0,12,0,12,0,12,0,12,0,12,0,12,0,12,0,12,0,12,0,12,0,12,0,12,0,12,0,12,0,12,0,12,0,12,0,12,0,12,0,12,999,224,13,15,999,224,0,12,0,12,0,12,0,12,999,224,109,107,0,12,0,12,808,198,19,23,0,12
"2591","060375528003","Block Group 3, Census Tract 5528, Los Angeles County, California",1089,374,6,13,0,12,0,12,0,12,0,12,0,12,0,12,0,12,9,21,0,12,0,12,0,12,0,12,0,12,0,12,0,12,9,16,11,17,0,12,0,12,0,12,0,12,0,12,0,12,1163,387,25,46,1163,387,0,12,0,12,8,12,0,12,1163,387,21,29,0,12,0,12,434,180,701,294,0,12
"2592","060375528002","Block Group 2, Census Tract 5528, Los Angeles County, California",2273,379,43,37,6,11,0,12,0,12,0,12,0,12,0,12,0,12,237,114,20,23,37,35,8,12,40,50,0,12,0,12,0,12,0,12,0,12,11,21,25,38,21,30,0,12,0,12,0,12,2519,456,264,187,2522,455,14,19,124,79,153,91,0,12,2522,455,542,261,41,58,0,12,168,89,1771,441,0,12
"2593","060375528004","Block Group 4, Census Tract 5528, Los Angeles County, California",1268,513,0,12,0,12,0,12,0,12,8,20,0,12,0,12,0,12,0,12,0,12,0,12,0,12,0,12,0,12,0,12,0,12,38,38,57,84,0,12,0,12,9,14,0,12,0,12,0,12,1306,524,29,36,1306,524,0,12,106,108,133,107,0,12,1306,524,76,87,0,12,0,12,185,115,1029,541,0,12
"2594","060375528001","Block Group 1, Census Tract 5528, Los Angeles County, California",1117,525,0,12,0,12,0,12,0,12,0,12,0,12,0,12,0,12,184,157,30,45,0,12,0,12,24,32,0,12,0,12,0,12,0,12,13,20,0,12,0,12,0,12,0,12,0,12,0,12,1207,578,54,51,1161,538,0,12,59,92,218,174,0,12,1207,578,91,92,27,43,0,12,15,26,1074,565,0,12
"2595","060375533003","Block Group 3, Census Tract 5533, Los Angeles County, California",1477,395,0,12,0,12,0,12,0,12,0,12,0,12,0,12,0,12,170,104,32,44,0,12,0,12,0,12,0,12,0,12,0,12,45,49,52,64,0,12,0,12,0,12,0,12,0,12,0,12,1489,394,25,23,1489,394,28,47,55,61,184,136,0,12,1489,394,225,155,0,12,86,86,69,67,1090,355,0,12
"2596","060375533001","Block Group 1, Census Tract 5533, Los Angeles County, California",728,173,11,17,0,12,0,12,0,12,0,12,0,12,0,12,0,12,20,23,0,12,0,12,0,12,0,12,0,12,0,12,0,12,26,40,0,12,0,12,0,12,6,11,0,12,0,12,0,12,758,182,46,46,758,182,0,12,50,36,37,42,0,12,758,182,39,43,0,12,74,114,238,117,405,194,2,4
"2597","060375536012","Block Group 2, Census Tract 5536.01, Los Angeles County, California",1588,414,0,12,0,12,0,12,0,12,0,12,0,12,0,12,0,12,8,13,0,12,28,48,0,12,0,12,0,12,0,12,0,12,90,69,0,12,0,12,0,12,0,12,0,12,0,12,0,12,1696,423,173,137,1696,423,0,12,50,63,57,44,30,35,1696,423,155,256,0,12,3,7,142,116,1396,371,0,12
"2598","060374034071","Block Group 1, Census Tract 4034.07, Los Angeles County, California",734,158,0,12,0,12,0,12,0,12,0,12,0,12,0,12,0,12,0,12,0,12,0,12,0,12,12,13,0,12,0,12,0,12,5,10,0,12,0,12,0,12,32,26,6,10,0,12,0,12,744,156,17,25,744,156,0,12,0,12,7,14,0,12,744,156,557,133,0,12,53,80,59,47,75,82,0,12
"2599","060371233012","Block Group 2, Census Tract 1233.01, Los Angeles County, California",2403,360,14,25,0,12,0,12,0,12,0,12,0,12,0,12,0,12,24,31,0,12,61,49,0,12,84,56,0,12,0,12,0,12,44,43,27,29,44,50,0,12,113,79,0,12,0,12,0,12,2494,375,272,148,2511,381,0,12,60,47,104,67,0,12,2511,381,1085,324,0,12,49,49,870,281,476,214,0,12
"2600","060375343022","Block Group 2, Census Tract 5343.02, Los Angeles County, California",1756,306,0,12,0,12,0,12,0,12,0,12,0,12,0,12,0,12,190,69,108,83,0,12,0,12,0,12,0,12,0,12,0,12,33,26,58,45,0,12,0,12,5,8,0,12,0,12,0,12,1883,351,509,284,1883,351,6,9,94,63,139,81,0,12,1883,351,10,15,0,12,52,66,19,27,1796,345,6,8
"2601","060379200291","Block Group 1, Census Tract 9200.29, Los Angeles County, California",3008,443,0,12,0,12,0,12,0,12,0,12,0,12,0,12,0,12,184,116,0,12,0,12,0,12,0,12,0,12,0,12,0,12,5,13,0,12,0,12,0,12,0,12,0,12,0,12,0,12,3243,488,439,257,3288,496,15,20,18,25,101,68,5,13,3288,496,311,196,1,4,143,132,1198,263,1525,331,0,12
"2602","060373101001","Block Group 1, Census Tract 3101, Los Angeles County, California",1619,527,0,12,0,12,0,12,0,12,0,12,0,12,0,12,0,12,26,48,0,12,47,52,0,12,0,12,0,12,0,12,0,12,0,12,0,12,0,12,0,12,0,12,0,12,0,12,0,12,1673,540,375,424,1673,540,20,37,56,67,105,109,0,12,1673,540,123,105,0,12,0,12,1299,493,236,201,0,12
"2603","060373101002","Block Group 2, Census Tract 3101, Los Angeles County, California",1133,385,0,12,0,12,0,12,0,12,0,12,0,12,0,12,0,12,0,12,0,12,0,12,0,12,0,12,0,12,0,12,0,12,0,12,0,12,0,12,0,12,0,12,0,12,0,12,0,12,1177,406,13,24,1177,406,0,12,0,12,40,40,0,12,1177,406,132,108,0,12,0,12,922,349,90,80,0,12
"2604","060373104001","Block Group 1, Census Tract 3104, Los Angeles County, California",708,276,0,12,0,12,0,12,0,12,9,13,0,12,0,12,0,12,0,12,0,12,0,12,0,12,0,12,0,12,0,12,0,12,0,12,0,12,0,12,0,12,0,12,0,12,0,12,0,12,726,276,53,56,726,276,0,12,28,43,0,12,0,12,726,276,152,97,0,12,0,12,391,189,67,78,0,12
"2605","060373104003","Block Group 3, Census Tract 3104, Los Angeles County, California",1206,241,0,12,0,12,0,12,0,12,0,12,0,12,0,12,0,12,0,12,0,12,19,31,0,12,0,12,0,12,0,12,0,12,40,39,0,12,36,49,0,12,7,13,7,12,0,12,0,12,1259,245,20,20,1259,245,7,11,6,11,44,38,0,12,1259,245,121,77,0,12,35,37,752,230,251,97,27,42
"2606","060373203004","Block Group 4, Census Tract 3203, Los Angeles County, California",797,335,0,12,0,12,0,12,0,12,0,12,0,12,0,12,0,12,35,46,0,12,0,12,0,12,0,12,0,12,0,12,0,12,67,58,45,60,0,12,0,12,0,12,0,12,0,12,0,12,832,338,74,73,832,338,0,12,0,12,36,47,0,12,832,338,0,12,0,12,0,12,0,12,832,338,0,12
"2607","060373203001","Block Group 1, Census Tract 3203, Los Angeles County, California",1992,597,31,45,0,12,0,12,0,12,0,12,0,12,0,12,0,12,104,70,46,44,0,12,0,12,0,12,0,12,0,12,0,12,69,65,11,17,0,12,0,12,0,12,0,12,0,12,0,12,2138,645,400,231,2138,645,12,18,124,92,237,159,0,12,2138,645,10,15,0,12,19,22,51,41,2049,643,9,14
"2608","060373203005","Block Group 5, Census Tract 3203, Los Angeles County, California",385,176,0,12,0,12,0,12,0,12,0,12,0,12,0,12,0,12,0,12,0,12,0,12,0,12,0,12,0,12,0,12,0,12,0,12,40,41,0,12,0,12,0,12,0,12,0,12,0,12,429,207,66,89,429,207,0,12,0,12,36,56,0,12,429,207,30,36,0,12,0,12,19,21,380,217,0,12
"2609","060373203006","Block Group 6, Census Tract 3203, Los Angeles County, California",1252,488,0,12,0,12,0,12,0,12,0,12,0,12,0,12,0,12,91,77,108,126,0,12,0,12,0,12,0,12,0,12,0,12,10,17,0,12,0,12,0,12,0,12,0,12,0,12,0,12,1252,488,53,60,1252,488,41,63,41,64,177,151,0,12,1252,488,0,12,0,12,0,12,25,42,1113,454,114,174
"2610","060374017012","Block Group 2, Census Tract 4017.01, Los Angeles County, California",3040,309,0,12,0,12,0,12,0,12,0,12,0,12,0,12,0,12,0,12,0,12,4,10,0,12,0,12,0,12,0,12,0,12,5,11,6,10,0,12,0,12,16,20,0,12,0,12,0,12,3052,300,173,118,3052,300,11,18,35,43,29,27,0,12,3143,314,255,99,0,12,243,183,1417,255,1072,227,17,28
"2611","060374017011","Block Group 1, Census Tract 4017.01, Los Angeles County, California",1302,283,0,12,0,12,0,12,0,12,0,12,0,12,0,12,0,12,0,12,0,12,0,12,0,12,19,17,0,12,0,12,0,12,4,9,0,12,0,12,0,12,0,12,0,12,0,12,0,12,1345,287,43,74,1345,287,28,44,0,12,48,50,0,12,1345,287,211,175,0,12,58,89,643,167,187,112,83,132
"2612","060374028013","Block Group 3, Census Tract 4028.01, Los Angeles County, California",1105,412,0,12,0,12,0,12,0,12,0,12,0,12,0,12,0,12,150,98,82,86,0,12,0,12,0,12,0,12,0,12,0,12,59,44,12,18,0,12,0,12,0,12,0,12,0,12,0,12,1245,456,324,236,1245,456,0,12,123,103,41,37,0,12,1245,456,0,12,0,12,0,12,14,26,1231,461,0,12
"2613","060374028011","Block Group 1, Census Tract 4028.01, Los Angeles County, California",1927,457,23,36,0,12,0,12,0,12,0,12,0,12,0,12,0,12,196,117,252,135,0,12,0,12,0,12,0,12,0,12,0,12,30,34,0,12,0,12,0,12,0,12,28,33,0,12,0,12,2043,493,351,218,2043,493,17,20,124,97,203,135,19,20,2043,493,125,137,0,12,0,12,29,37,1813,494,76,80
"2614","060373117005","Block Group 5, Census Tract 3117, Los Angeles County, California",946,335,0,12,0,12,0,12,0,12,0,12,0,12,0,12,0,12,0,12,0,12,0,12,0,12,0,12,0,12,0,12,0,12,0,12,0,12,0,12,0,12,0,12,0,12,0,12,0,12,946,335,40,56,946,335,0,12,0,12,0,12,0,12,946,335,63,77,0,12,1,2,814,268,68,77,0,12
"2615","060373117001","Block Group 1, Census Tract 3117, Los Angeles County, California",1476,301,0,12,0,12,0,12,0,12,0,12,0,12,0,12,0,12,0,12,0,12,0,12,0,12,0,12,0,12,0,12,0,12,29,46,0,12,0,12,0,12,0,12,8,17,0,12,0,12,1497,328,57,72,1497,328,0,12,0,12,105,116,0,12,1578,337,163,145,0,12,17,25,959,285,439,247,0,12
"2616","060374010021","Block Group 1, Census Tract 4010.02, Los Angeles County, California",913,215,0,12,0,12,0,12,0,12,0,12,0,12,0,12,0,12,0,12,0,12,0,12,0,12,0,12,0,12,0,12,0,12,0,12,0,12,0,12,0,12,0,12,0,12,0,12,0,12,974,247,48,52,974,247,0,12,0,12,10,17,0,12,974,247,95,69,0,12,6,8,708,215,53,46,0,12
"2617","060374010023","Block Group 3, Census Tract 4010.02, Los Angeles County, California",1282,282,0,12,0,12,0,12,0,12,0,12,0,12,0,12,0,12,26,30,0,12,0,12,0,12,57,91,0,12,0,12,0,12,0,12,0,12,0,12,0,12,0,12,0,12,0,12,0,12,1493,327,206,157,1493,327,35,54,61,48,56,89,0,12,1493,327,227,160,14,23,82,73,764,313,316,159,0,12
"2618","060374021023","Block Group 3, Census Tract 4021.02, Los Angeles County, California",606,239,0,12,0,12,0,12,0,12,0,12,0,12,0,12,0,12,35,33,0,12,0,12,0,12,0,12,0,12,0,12,0,12,0,12,0,12,0,12,0,12,0,12,0,12,0,12,0,12,631,261,114,153,631,261,0,12,19,30,0,12,0,12,631,261,0,12,0,12,116,102,66,45,449,255,0,12
"2619","060371351141","Block Group 1, Census Tract 1351.14, Los Angeles County, California",3660,456,0,12,0,12,15,23,0,12,0,12,0,12,0,12,0,12,0,12,0,12,72,87,42,44,0,12,15,23,0,12,0,12,0,12,0,12,47,78,0,12,0,12,0,12,0,12,0,12,3939,498,534,398,3965,497,13,20,62,84,178,131,0,12,3965,497,1273,389,0,12,110,130,2004,359,438,235,28,48
"2620","060371351142","Block Group 2, Census Tract 1351.14, Los Angeles County, California",1102,293,0,12,0,12,0,12,0,12,0,12,0,12,0,12,0,12,1,17,0,12,0,12,0,12,0,12,0,12,0,12,0,12,52,82,0,12,58,60,12,22,11,21,0,12,0,12,0,12,1141,324,247,141,1141,324,0,12,13,20,18,29,0,12,1141,324,139,78,0,12,48,77,519,167,400,276,0,12
"2621","060371349031","Block Group 1, Census Tract 1349.03, Los Angeles County, California",6152,664,22,36,9,19,22,36,0,17,0,17,0,17,0,17,0,17,377,257,123,121,161,134,0,17,0,17,38,64,0,17,0,17,86,104,0,17,0,17,0,17,0,17,0,17,0,17,0,17,6919,850,1019,479,6919,850,52,84,334,267,255,166,0,17,6919,850,1229,356,0,17,314,297,1593,474,3560,888,0,17
"2622","060375433212","Block Group 2, Census Tract 5433.21, Los Angeles County, California",2095,398,21,32,1,4,0,12,0,12,0,12,0,12,0,12,0,12,53,80,0,12,0,12,0,12,0,12,0,12,0,12,0,12,19,22,0,12,0,12,0,12,155,104,0,12,0,12,0,12,2149,416,259,158,2149,416,0,12,85,110,0,12,0,12,2153,416,408,215,14,23,1196,371,162,75,202,175,0,12
"2623","060371944021","Block Group 1, Census Tract 1944.02, Los Angeles County, California",1162,298,0,12,0,12,0,12,0,12,0,12,0,12,0,12,0,12,0,12,0,12,0,12,0,12,0,12,0,12,0,12,0,12,0,12,0,12,0,12,0,12,0,12,0,12,0,12,0,12,1162,298,158,157,1162,298,19,30,88,68,0,12,0,12,1162,298,208,162,0,12,19,30,918,266,0,12,0,12
"2624","060371944023","Block Group 3, Census Tract 1944.02, Los Angeles County, California",1205,270,0,12,0,12,0,12,0,12,0,12,0,12,0,12,0,12,0,12,0,12,0,12,0,12,0,12,0,12,0,12,0,12,0,12,0,12,0,12,0,12,0,12,0,12,0,12,0,12,1281,314,138,112,1281,314,0,12,76,95,108,109,0,12,1281,314,63,55,0,12,3,9,1167,318,15,27,0,12
"2625","060371944011","Block Group 1, Census Tract 1944.01, Los Angeles County, California",1386,229,0,12,0,12,0,12,0,12,0,12,0,12,0,12,0,12,0,12,15,20,15,25,0,12,0,12,0,12,0,12,0,12,2,5,0,12,13,19,30,35,0,12,0,12,0,12,0,12,1372,220,116,88,1372,220,0,12,59,47,52,53,0,12,1441,237,96,49,0,12,148,104,921,208,207,107,11,19
"2626","060371944012","Block Group 2, Census Tract 1944.01, Los Angeles County, California",950,160,0,12,0,12,0,12,0,12,0,12,0,12,0,12,0,12,10,16,0,12,9,15,0,12,0,12,0,12,0,12,0,12,21,25,0,12,0,12,21,26,0,12,6,14,0,12,0,12,884,151,92,59,884,151,0,12,20,27,34,53,0,12,950,160,53,35,0,12,32,37,617,145,198,91,0,12
"2627","060371941022","Block Group 2, Census Tract 1941.02, Los Angeles County, California",1355,287,0,12,0,12,0,12,0,12,0,12,0,12,0,12,0,12,25,35,0,12,0,12,0,12,0,12,0,12,0,12,0,12,0,12,0,12,0,12,29,42,0,12,0,12,0,12,0,12,1384,288,200,170,1384,288,0,12,23,38,98,66,0,12,1384,288,65,40,0,12,74,76,1089,278,156,74,0,12
"2628","060371941023","Block Group 3, Census Tract 1941.02, Los Angeles County, California",666,183,0,12,0,12,0,12,0,12,0,12,0,12,0,12,0,12,0,12,0,12,0,12,0,12,0,12,0,12,0,12,0,12,0,12,0,12,0,12,0,12,0,12,0,12,0,12,0,12,775,242,48,63,775,242,0,12,0,12,0,12,0,12,775,242,0,12,0,12,110,155,514,133,90,122,0,12
"2629","060374808041","Block Group 1, Census Tract 4808.04, Los Angeles County, California",2243,360,0,12,0,12,0,12,0,12,7,12,0,12,0,12,0,12,0,12,19,28,0,12,0,12,144,69,22,24,0,12,0,12,11,15,14,19,0,12,0,12,59,41,40,47,0,12,0,12,2476,443,194,114,2490,442,49,63,89,119,78,67,0,12,2490,442,1079,262,0,12,102,87,290,145,922,410,0,12
"2630","060374808042","Block Group 2, Census Tract 4808.04, Los Angeles County, California",2166,328,0,12,0,12,0,12,0,12,0,12,0,12,0,12,0,12,19,23,16,25,9,17,0,12,98,68,43,43,0,12,0,12,0,12,0,12,0,12,0,12,90,59,115,85,0,12,0,12,2402,352,471,253,2402,352,0,12,35,42,16,18,22,34,2402,352,1164,324,0,12,55,55,166,89,972,275,0,12
"2631","060374631011","Block Group 1, Census Tract 4631.01, Los Angeles County, California",643,121,10,17,0,12,0,12,0,12,0,12,0,12,0,12,0,12,45,60,0,12,0,12,0,12,3,5,0,12,0,12,0,12,0,12,0,12,0,12,0,12,0,12,0,12,0,12,0,12,696,127,4,6,696,127,3,4,0,12,0,12,0,12,696,127,148,73,0,12,90,80,188,88,252,117,0,12
"2632","060374631012","Block Group 2, Census Tract 4631.01, Los Angeles County, California",1590,247,0,12,0,12,0,12,0,12,0,12,0,12,0,12,0,12,33,31,0,12,0,12,0,12,39,33,12,18,0,12,0,12,33,31,40,36,6,10,0,12,54,46,11,15,0,12,0,12,1655,249,184,87,1677,248,0,12,43,39,78,74,4,10,1677,248,605,147,0,12,16,17,484,131,494,188,0,12
"2633","060374801022","Block Group 2, Census Tract 4801.02, Los Angeles County, California",1560,282,6,11,0,12,0,12,0,12,7,13,0,12,0,12,0,12,0,12,0,12,0,12,0,12,184,116,12,19,0,12,0,12,10,21,0,12,11,23,0,12,35,26,32,30,8,12,0,12,1614,309,277,202,1614,309,0,12,30,31,46,32,0,12,1676,313,1231,311,0,12,10,23,196,99,204,126,0,12
"2634","060374801021","Block Group 1, Census Tract 4801.02, Los Angeles County, California",1217,278,0,12,0,12,0,12,0,12,0,12,0,12,0,12,0,12,0,12,1,3,0,12,0,12,54,35,26,28,0,12,0,12,9,14,0,12,0,12,0,12,6,10,26,26,0,12,0,12,1232,278,207,113,1232,278,12,19,3,4,25,36,0,12,1232,278,679,187,0,12,3,5,253,125,255,192,0,12
"2635","060374801023","Block Group 3, Census Tract 4801.02, Los Angeles County, California",1521,353,0,12,0,12,0,12,0,12,0,12,0,12,0,12,0,12,15,22,0,12,0,12,0,12,40,32,0,12,0,12,0,12,0,12,16,26,0,12,0,12,20,22,42,38,0,12,0,12,1570,359,52,45,1579,364,19,22,14,22,44,43,0,12,1579,364,689,227,0,12,77,73,258,107,499,270,0,12
"2636","060374803022","Block Group 2, Census Tract 4803.02, Los Angeles County, California",1401,402,0,12,0,12,0,12,0,12,0,12,0,12,0,12,0,12,0,12,0,12,0,12,0,12,26,32,27,44,0,12,0,12,0,12,0,12,0,12,0,12,19,21,8,18,0,12,0,12,1427,404,63,66,1427,404,0,12,40,40,0,12,0,12,1427,404,576,191,0,12,0,12,268,93,521,264,54,74
"2637","060374803021","Block Group 1, Census Tract 4803.02, Los Angeles County, California",1297,281,0,12,0,12,0,12,0,12,0,12,5,10,0,12,0,12,14,22,0,12,0,12,0,12,47,43,40,44,0,12,0,12,46,37,0,12,0,12,0,12,0,12,12,18,0,12,0,12,1340,288,98,65,1340,288,0,12,16,31,64,101,0,12,1340,288,469,190,0,12,0,12,173,76,636,213,45,59
"2638","060374803023","Block Group 3, Census Tract 4803.02, Los Angeles County, California",1803,260,0,12,0,12,0,12,0,12,7,11,0,12,0,12,0,12,0,12,23,36,0,12,0,12,81,55,20,24,0,12,0,12,0,12,0,12,0,12,0,12,154,84,11,17,0,12,0,12,1905,274,332,182,1905,274,0,12,12,19,25,25,0,12,1905,274,907,231,0,12,41,42,301,129,504,191,0,12
"2639","060374810012","Block Group 2, Census Tract 4810.01, Los Angeles County, California",2254,338,0,12,0,12,0,12,0,12,0,12,0,12,0,12,0,12,0,12,0,12,0,12,0,12,157,88,35,42,0,12,0,12,10,16,5,11,0,12,0,12,251,155,76,64,0,12,0,12,2091,328,249,139,2091,328,0,12,9,15,28,27,0,12,2282,349,1293,265,0,12,15,15,426,116,529,292,0,12
"2640","060374810011","Block Group 1, Census Tract 4810.01, Los Angeles County, California",636,213,0,12,0,12,0,12,0,12,0,12,0,12,0,12,0,12,22,22,0,12,0,12,0,12,12,20,3,6,0,12,0,12,3,6,5,11,0,12,0,12,21,27,63,47,0,12,0,12,537,211,142,89,537,211,0,12,0,12,0,12,0,12,660,221,363,166,0,12,3,6,42,30,252,130,0,12
"2641","060374810013","Block Group 3, Census Tract 4810.01, Los Angeles County, California",1356,242,0,12,0,12,0,12,0,12,0,12,0,12,0,12,0,12,0,12,0,12,0,12,0,12,136,72,30,34,0,12,0,12,12,18,0,12,0,12,0,12,109,101,63,44,0,12,0,12,1427,253,99,77,1427,253,17,32,10,16,27,36,13,20,1427,253,943,266,0,12,0,12,63,78,405,152,0,12
"2642","060374815002","Block Group 2, Census Tract 4815, Los Angeles County, California",1024,246,0,12,0,12,0,12,0,12,0,12,0,12,0,12,0,12,0,12,0,12,0,12,0,12,48,40,14,22,0,12,0,12,0,12,0,12,0,12,0,12,106,91,57,41,0,12,0,12,1024,246,26,31,1024,246,0,12,0,12,24,29,0,12,1024,246,917,260,0,12,0,12,52,38,54,48,0,12
"2643","060374815003","Block Group 3, Census Tract 4815, Los Angeles County, California",1862,334,0,12,0,12,0,12,0,12,0,12,0,12,0,12,0,12,43,67,0,12,0,12,0,12,105,56,155,163,0,12,0,12,77,83,0,12,0,12,0,12,75,45,70,50,0,12,0,12,1937,340,237,136,1937,340,0,12,0,12,55,44,0,12,1937,340,1196,295,0,12,11,16,126,91,546,215,0,12
"2644","060374815001","Block Group 1, Census Tract 4815, Los Angeles County, California",891,166,0,12,0,12,0,12,0,12,0,12,0,12,0,12,0,12,0,12,0,12,0,12,0,12,95,77,0,12,0,12,0,12,8,14,0,12,0,12,0,12,81,47,29,26,0,12,0,12,891,166,31,28,891,166,0,12,0,12,11,18,0,12,891,166,676,160,0,12,47,52,47,41,121,76,0,12
"2645","060374816041","Block Group 1, Census Tract 4816.04, Los Angeles County, California",1014,230,0,12,0,12,0,12,0,12,0,12,0,12,0,12,0,12,0,12,0,12,0,12,0,12,27,25,84,79,0,12,0,12,11,17,0,12,0,12,0,12,37,43,143,104,0,12,0,12,1026,234,32,28,1026,234,7,11,17,19,39,33,0,12,1026,234,652,225,0,12,0,12,157,94,217,120,0,12
"2646","060371190022","Block Group 2, Census Tract 1190.02, Los Angeles County, California",1879,613,0,12,0,12,0,12,0,12,0,12,0,12,0,12,0,12,214,126,108,80,0,12,0,12,0,12,0,12,0,12,0,12,80,84,0,12,0,12,0,12,0,12,0,12,0,12,0,12,2028,715,129,136,2028,715,10,16,201,195,128,85,0,12,2028,715,186,168,0,12,0,12,40,33,1758,737,0,12
"2647","060371190023","Block Group 3, Census Tract 1190.02, Los Angeles County, California",1199,423,0,12,0,12,0,12,0,12,0,12,0,12,0,12,0,12,129,89,78,58,0,12,0,12,45,49,0,12,0,12,0,12,0,12,51,43,0,12,0,12,0,12,0,12,0,12,0,12,1199,423,24,38,1222,439,22,36,33,40,74,72,0,12,1222,439,180,126,0,12,21,22,56,42,953,415,0,12
"2648","060371190024","Block Group 4, Census Tract 1190.02, Los Angeles County, California",2408,543,0,12,0,12,0,12,0,12,0,12,0,12,0,12,0,12,87,88,20,24,0,12,0,12,0,12,0,12,0,12,0,12,127,82,63,52,0,12,0,12,47,46,0,12,0,12,0,12,2502,559,177,127,2502,559,38,39,40,45,79,76,14,23,2502,559,303,193,0,12,0,12,214,203,1976,522,0,12
"2649","060371190025","Block Group 5, Census Tract 1190.02, Los Angeles County, California",1137,439,0,12,0,12,0,12,0,12,0,12,0,12,0,12,0,12,117,88,19,23,0,12,0,12,0,12,0,12,10,16,0,12,22,24,23,26,0,12,0,12,0,12,0,12,0,12,0,12,1142,441,63,59,1186,468,20,32,119,115,64,65,0,12,1186,468,27,45,0,12,61,86,65,84,1033,479,0,12
"2650","060371190012","Block Group 2, Census Tract 1190.01, Los Angeles County, California",1078,230,0,12,0,12,0,12,0,12,0,12,0,12,0,12,0,12,78,59,0,12,0,12,0,12,9,15,0,12,0,12,0,12,9,13,60,55,0,12,0,12,6,11,0,12,0,12,0,12,1103,238,52,67,1103,238,0,12,79,74,47,44,0,12,1103,238,180,132,0,12,0,12,188,134,680,183,0,12
"2651","060374825223","Block Group 3, Census Tract 4825.22, Los Angeles County, California",1327,296,10,14,0,12,0,12,0,12,0,12,0,12,0,12,0,12,0,12,15,23,0,12,0,12,63,42,8,13,0,12,0,12,30,46,0,12,0,12,0,12,9,14,0,12,0,12,0,12,1458,323,126,105,1458,323,9,14,14,23,10,16,0,12,1458,323,644,220,0,12,0,12,89,77,679,251,0,12
"2652","060374033253","Block Group 3, Census Tract 4033.25, Los Angeles County, California",445,151,0,12,0,12,0,12,0,12,7,11,0,12,0,12,0,12,0,12,0,12,0,12,0,12,80,72,0,12,0,12,0,12,0,12,0,12,0,12,0,12,0,12,0,12,0,12,0,12,467,157,33,38,467,157,11,18,13,20,43,39,0,12,467,157,305,167,24,38,0,12,83,62,55,64,0,12
"2653","060374038023","Block Group 3, Census Tract 4038.02, Los Angeles County, California",3592,554,0,12,0,12,0,12,0,12,0,12,0,12,0,12,0,12,68,67,20,30,0,12,0,12,45,43,0,12,21,33,0,12,0,12,0,12,0,12,0,12,0,12,0,12,0,12,0,12,3794,592,682,394,3845,598,91,141,135,160,163,124,0,12,3845,598,504,328,0,12,229,245,1062,393,1958,538,19,24
"2654","060374016031","Block Group 1, Census Tract 4016.03, Los Angeles County, California",1571,234,0,12,0,12,0,12,0,12,0,12,0,12,0,12,0,12,0,12,0,12,0,12,0,12,0,12,0,12,0,12,0,12,0,12,0,12,0,12,0,12,8,9,0,12,0,12,0,12,1555,188,51,44,1629,216,0,12,0,12,0,12,0,12,1703,233,48,36,0,12,82,91,991,152,555,173,0,12
"2655","060374016032","Block Group 2, Census Tract 4016.03, Los Angeles County, California",1227,214,0,12,0,12,0,12,0,12,0,12,0,12,0,12,0,12,0,12,0,12,0,12,0,12,0,12,0,12,0,12,0,12,9,15,0,12,0,12,0,12,18,26,0,12,0,12,0,12,1248,209,70,55,1248,209,0,12,0,12,34,52,0,12,1248,209,111,71,0,12,40,42,588,148,498,160,0,12
"2656","060374631021","Block Group 1, Census Tract 4631.02, Los Angeles County, California",1493,341,27,30,0,12,0,12,0,12,0,12,0,12,0,12,0,12,119,102,13,22,0,12,0,12,17,24,0,12,0,12,0,12,40,40,0,12,0,12,0,12,52,81,16,23,0,12,0,12,1541,353,2,4,1559,358,0,12,53,60,17,21,0,12,1571,357,176,136,12,19,2,6,399,174,941,311,0,12
"2657","060374824021","Block Group 1, Census Tract 4824.02, Los Angeles County, California",4034,619,0,12,0,12,0,12,0,12,0,12,0,12,0,12,0,12,250,170,55,80,0,12,0,12,342,133,156,99,0,12,0,12,35,44,0,12,0,12,0,12,29,34,323,172,0,12,0,12,4494,683,702,603,4494,683,0,12,257,164,234,174,0,12,4494,683,1842,413,0,12,0,12,48,46,2596,535,0,12
"2658","060374824022","Block Group 2, Census Tract 4824.02, Los Angeles County, California",2973,560,0,12,0,12,0,12,0,12,0,12,0,12,0,12,0,12,36,58,0,12,0,12,0,12,333,208,49,65,0,12,0,12,0,12,87,101,0,12,0,12,169,103,56,61,0,12,0,12,2968,573,466,312,3072,574,15,25,95,99,81,80,0,12,3072,574,1954,498,0,12,9,15,265,166,844,405,0,12
"2659","060375334012","Block Group 2, Census Tract 5334.01, Los Angeles County, California",1301,494,0,12,0,12,0,12,0,12,0,12,0,12,0,12,0,12,166,133,127,120,0,12,0,12,0,12,0,12,0,12,0,12,27,30,11,19,0,12,0,12,0,12,0,12,0,12,0,12,1434,545,166,207,1434,545,0,12,112,108,59,79,0,12,1434,545,0,12,0,12,0,12,16,26,1418,550,0,12
"2660","060375334011","Block Group 1, Census Tract 5334.01, Los Angeles County, California",2156,493,25,39,0,12,0,12,0,12,0,12,0,12,0,12,0,12,425,141,151,99,0,12,0,12,0,12,0,12,0,12,0,12,54,61,38,43,0,12,0,12,0,12,0,12,0,12,0,12,2354,513,972,399,2369,517,0,12,99,89,196,104,26,42,2369,517,0,12,0,12,0,12,4,6,2365,517,0,12
"2661","060375334013","Block Group 3, Census Tract 5334.01, Los Angeles County, California",1237,465,0,12,0,12,0,12,0,12,0,12,0,12,0,12,0,12,210,88,39,46,0,12,0,12,0,12,0,12,0,12,0,12,77,57,62,57,0,12,0,12,0,12,0,12,0,12,0,12,1295,474,113,108,1295,474,0,12,38,41,91,60,26,40,1295,474,0,12,0,12,0,12,0,12,1295,474,0,12
"2662","060375343012","Block Group 2, Census Tract 5343.01, Los Angeles County, California",2258,378,8,13,0,12,0,12,0,12,0,12,0,12,0,12,0,12,251,116,81,72,0,12,0,12,0,12,14,22,0,12,0,12,34,35,0,12,0,12,0,12,0,12,0,12,0,12,0,12,2488,427,700,325,2488,427,43,46,190,105,302,125,0,12,2488,427,24,38,0,12,0,12,113,78,2312,422,0,12
"2663","060375343011","Block Group 1, Census Tract 5343.01, Los Angeles County, California",1724,372,5,9,0,12,0,12,0,12,0,12,0,12,0,12,0,12,342,133,33,39,0,12,0,12,0,12,0,12,0,12,0,12,88,101,79,65,0,12,0,12,0,12,0,12,0,12,0,12,1832,384,420,232,1832,384,48,47,107,77,156,98,26,40,1832,384,45,73,0,12,75,83,43,59,1669,383,0,12
"2664","060375503001","Block Group 1, Census Tract 5503, Los Angeles County, California",1054,587,0,12,0,12,0,12,0,12,0,12,0,12,0,12,0,12,28,33,0,12,0,12,0,12,0,12,0,12,0,12,0,12,17,28,0,12,0,12,0,12,0,12,0,12,0,12,0,12,1150,660,43,70,1150,660,0,12,0,12,0,12,0,12,1150,660,28,46,0,12,0,12,116,122,991,707,0,12
"2665","060375503003","Block Group 3, Census Tract 5503, Los Angeles County, California",993,403,0,12,0,12,0,12,0,12,0,12,0,12,0,12,0,12,0,12,0,12,0,12,0,12,0,12,0,12,0,12,0,12,0,12,0,12,0,12,0,12,0,12,0,12,0,12,0,12,979,411,0,12,1028,408,0,12,0,12,0,12,0,12,1028,408,0,12,0,12,0,12,434,195,594,399,0,12
"2666","060375503005","Block Group 5, Census Tract 5503, Los Angeles County, California",1166,462,0,12,0,12,0,12,0,12,0,12,0,12,0,12,0,12,78,121,0,12,0,12,0,12,0,12,0,12,0,12,0,12,0,12,0,12,0,12,32,51,0,12,0,12,0,12,0,12,1359,538,234,245,1359,538,0,12,31,52,20,34,0,12,1359,538,492,432,0,12,162,147,73,96,564,449,0,12
"2667","060375503002","Block Group 2, Census Tract 5503, Los Angeles County, California",1254,444,0,12,0,12,0,12,0,12,0,12,0,12,0,12,0,12,13,22,0,12,0,12,0,12,52,84,0,12,0,12,0,12,0,12,0,12,0,12,0,12,0,12,0,12,0,12,0,12,1388,459,127,172,1388,459,0,12,20,33,0,12,0,12,1388,459,286,212,0,12,0,12,309,196,783,389,0,12
"2668","060375503006","Block Group 6, Census Tract 5503, Los Angeles County, California",1062,425,0,12,0,12,0,12,0,12,0,12,0,12,0,12,0,12,95,82,78,123,0,12,0,12,0,12,0,12,0,12,0,12,0,12,0,12,0,12,0,12,0,12,0,12,0,12,0,12,1204,494,0,12,1204,494,75,117,82,127,74,116,0,12,1204,494,78,124,0,12,0,12,0,12,1126,505,0,12
"2669","060375503007","Block Group 7, Census Tract 5503, Los Angeles County, California",955,518,0,12,0,12,0,12,0,12,0,12,0,12,0,12,0,12,118,120,52,80,0,12,0,12,0,12,0,12,0,12,0,12,19,27,22,28,0,12,0,12,0,12,0,12,0,12,0,12,1068,571,4,10,1068,571,4,10,6,17,40,42,19,30,1068,571,33,50,0,12,0,12,88,93,947,568,0,12
"2670","060375538021","Block Group 1, Census Tract 5538.02, Los Angeles County, California",1025,306,0,12,0,12,0,12,0,12,0,12,0,12,0,12,0,12,65,49,39,36,0,12,0,12,9,14,0,12,0,12,0,12,7,11,0,12,0,12,0,12,0,12,0,12,0,12,0,12,1068,315,311,187,1068,315,0,12,123,122,59,55,11,18,1068,315,87,70,0,12,345,238,97,94,530,236,0,12
"2671","060375538022","Block Group 2, Census Tract 5538.02, Los Angeles County, California",3087,528,0,12,0,12,0,12,0,12,0,12,0,12,0,12,0,12,193,90,43,45,0,12,0,12,0,12,0,12,0,12,0,12,121,92,14,17,0,12,0,12,0,12,0,12,0,12,0,12,3313,601,714,414,3313,601,22,34,113,88,159,114,9,14,3313,601,83,78,0,12,271,252,318,156,2623,588,10,14
"2672","060375551021","Block Group 1, Census Tract 5551.02, Los Angeles County, California",3330,491,37,40,0,12,0,12,0,12,9,14,0,12,0,12,0,12,47,40,18,28,0,12,0,12,102,72,41,48,14,24,0,12,0,12,10,16,0,12,0,12,46,49,30,34,0,12,9,15,3435,509,484,301,3492,537,68,89,98,80,201,126,0,12,3492,537,922,293,71,112,174,118,446,166,1808,437,29,42
"2673","060375551022","Block Group 2, Census Tract 5551.02, Los Angeles County, California",2445,452,0,12,0,12,0,12,0,12,4,8,0,12,0,12,0,12,97,71,0,12,0,12,0,12,20,19,0,12,0,12,0,12,0,12,0,12,0,12,0,12,75,77,0,12,0,12,0,12,2495,463,415,207,2495,463,0,12,217,160,241,134,15,23,2495,463,607,245,0,12,393,228,172,84,1242,444,0,12
"2674","060375704022","Block Group 2, Census Tract 5704.02, Los Angeles County, California",957,222,0,12,0,12,0,12,0,12,0,12,0,12,0,12,0,12,40,53,7,10,0,12,0,12,0,12,0,12,0,12,0,12,0,12,17,19,0,12,0,12,0,12,0,12,0,12,0,12,1019,223,107,80,1030,228,18,23,14,14,7,10,13,15,1030,228,43,49,0,12,576,185,47,26,344,187,0,12
"2675","060375720012","Block Group 2, Census Tract 5720.01, Los Angeles County, California",959,286,0,12,0,12,0,12,0,12,0,12,0,12,0,12,0,12,0,12,0,12,0,12,0,12,0,12,0,12,0,12,0,12,23,36,0,12,0,12,0,12,0,12,0,12,0,12,0,12,1076,317,50,46,1113,329,95,105,0,12,59,66,16,25,1113,329,67,85,0,12,29,55,706,251,160,193,0,12
"2676","060375720013","Block Group 3, Census Tract 5720.01, Los Angeles County, California",1026,317,0,12,0,12,0,12,0,12,0,12,0,12,0,12,0,12,0,12,0,12,0,12,0,12,0,12,0,12,0,12,0,12,0,12,0,12,0,12,0,12,0,12,0,12,0,12,0,12,1075,324,0,12,1075,324,37,57,0,12,33,53,0,12,1075,324,106,114,0,12,0,12,691,211,278,198,0,12
"2677","060374071011","Block Group 1, Census Tract 4071.01, Los Angeles County, California",1109,419,10,16,0,12,0,12,0,12,0,12,0,12,0,12,0,12,64,54,75,93,0,12,0,12,10,20,0,12,0,12,0,12,31,44,11,17,0,12,0,12,8,12,0,12,0,12,0,12,1144,443,426,364,1149,443,0,12,26,42,98,74,0,12,1149,443,90,119,0,12,4,5,89,113,966,457,0,12
"2678","060374071013","Block Group 3, Census Tract 4071.01, Los Angeles County, California",926,234,0,12,0,12,0,12,0,12,0,12,0,12,0,12,0,12,103,55,5,8,0,12,0,12,19,27,0,12,0,12,0,12,0,12,68,80,0,12,0,12,0,12,0,12,0,12,0,12,962,233,190,230,962,233,0,12,15,16,20,32,55,80,962,233,76,105,0,12,0,12,65,44,821,252,0,12
"2679","060374071014","Block Group 4, Census Tract 4071.01, Los Angeles County, California",2074,353,11,17,0,12,0,12,0,12,0,12,0,12,0,12,0,12,180,102,127,84,0,12,0,12,54,55,0,12,0,12,0,12,24,27,44,48,0,12,0,12,8,12,14,22,0,12,0,12,2173,379,248,245,2173,379,10,31,85,62,199,106,0,12,2173,379,147,143,0,12,9,14,9,14,2008,381,0,12
"2680","060374004022","Block Group 2, Census Tract 4004.02, Los Angeles County, California",2036,275,30,46,0,12,0,12,0,12,0,12,0,12,0,12,0,12,161,118,0,12,0,12,0,12,0,12,0,12,0,12,0,12,0,12,33,47,0,12,0,12,0,12,0,12,0,12,0,12,2162,284,56,48,2162,284,0,12,24,30,77,55,0,12,2162,284,40,63,0,12,14,22,1046,212,1002,258,0,12
"2681","060379203293","Block Group 3, Census Tract 9203.29, Los Angeles County, California",1884,334,0,12,0,12,0,12,0,12,0,12,0,12,0,12,0,12,0,12,0,12,0,12,0,12,0,12,0,12,0,12,0,12,0,12,0,12,0,12,0,12,0,12,0,12,0,12,0,12,1954,340,132,125,1954,340,0,12,0,12,25,31,0,12,1954,340,121,123,0,12,27,31,1332,241,261,156,0,12
"2682","060377013021","Block Group 1, Census Tract 7013.02, Los Angeles County, California",2215,327,0,12,0,12,0,12,0,12,0,12,0,12,0,12,0,12,0,12,0,12,0,12,0,12,0,12,0,12,0,12,0,12,0,12,0,12,0,12,0,12,0,12,0,12,0,12,0,12,2343,337,59,87,2343,337,0,12,69,78,0,12,0,12,2343,337,152,173,0,12,0,12,1920,360,183,129,0,12
"2683","060377016021","Block Group 1, Census Tract 7016.02, Los Angeles County, California",1381,324,11,18,0,12,0,12,0,12,0,12,0,12,0,12,0,12,0,12,0,12,0,12,0,12,0,12,0,12,0,12,0,12,0,12,0,12,51,81,0,12,0,12,0,12,0,12,0,12,1397,332,177,128,1397,332,11,17,8,13,91,67,0,12,1415,333,183,90,0,12,189,185,819,234,122,104,0,12
"2684","060377016022","Block Group 2, Census Tract 7016.02, Los Angeles County, California",1376,261,0,12,0,12,0,12,0,12,0,12,0,12,0,12,0,12,13,25,13,24,0,12,0,12,0,12,0,12,0,12,0,12,19,31,0,12,0,12,0,12,0,12,0,12,0,12,0,12,1471,282,103,82,1471,282,0,12,0,12,48,57,0,12,1471,282,181,114,0,12,31,33,834,222,371,220,0,12
"2685","060377018023","Block Group 3, Census Tract 7018.02, Los Angeles County, California",1089,209,0,12,0,12,0,12,0,12,0,12,0,12,0,12,0,12,0,12,0,12,0,12,0,12,0,12,0,12,0,12,0,12,28,34,10,20,7,12,0,12,0,12,0,12,0,12,0,12,1099,214,205,90,1099,214,0,12,0,12,0,12,0,12,1099,214,101,72,0,12,70,95,559,164,332,188,0,12
"2686","060377018022","Block Group 2, Census Tract 7018.02, Los Angeles County, California",1101,259,0,12,0,12,0,12,0,12,0,12,0,12,0,12,0,12,0,12,0,12,0,12,0,12,0,12,0,12,0,12,0,12,0,12,0,12,0,12,0,12,10,15,0,12,0,12,0,12,1112,254,145,156,1094,251,0,12,8,13,39,40,0,12,1112,254,78,57,0,12,111,158,495,142,374,229,0,12
"2687","060371198005","Block Group 5, Census Tract 1198, Los Angeles County, California",1012,352,0,12,0,12,8,12,0,12,0,12,0,12,0,12,0,12,53,48,0,12,0,12,0,12,0,12,0,12,6,11,0,12,1,6,44,42,0,12,0,12,0,12,0,12,4,8,0,12,1014,349,103,88,1014,349,1,7,139,148,62,89,0,12,1022,348,129,132,0,12,3,5,124,121,735,360,0,12
"2688","060371198003","Block Group 3, Census Tract 1198, Los Angeles County, California",868,291,0,12,0,12,0,12,0,12,0,12,0,12,0,12,0,12,74,68,4,8,0,12,0,12,0,12,0,12,0,12,0,12,13,21,18,28,0,12,0,12,0,12,0,12,0,12,0,12,856,282,96,113,868,291,0,12,26,34,21,39,0,12,868,291,141,151,0,12,0,12,22,36,663,266,0,12
"2689","060371198001","Block Group 1, Census Tract 1198, Los Angeles County, California",799,253,0,12,0,12,0,12,0,12,0,12,0,12,0,12,0,12,36,34,0,12,0,12,0,12,20,18,0,12,0,12,0,12,0,12,0,12,15,24,0,12,8,13,0,12,0,12,0,12,820,249,21,34,820,249,22,36,78,113,61,56,0,12,820,249,186,108,0,12,19,31,160,135,455,221,0,12
"2690","060371200102","Block Group 2, Census Tract 1200.10, Los Angeles County, California",955,200,5,8,0,12,0,12,0,12,0,12,0,12,0,12,0,12,68,34,20,19,0,12,0,12,15,18,0,12,0,12,0,12,44,35,34,29,0,12,0,12,5,9,0,12,0,12,0,12,976,213,71,83,980,214,0,12,50,44,55,56,0,12,980,214,116,86,0,12,4,7,66,37,794,220,0,12
"2691","060371200101","Block Group 1, Census Tract 1200.10, Los Angeles County, California",1595,207,0,12,0,12,0,12,0,12,0,12,0,12,0,12,0,12,228,90,19,22,13,21,0,12,22,21,0,12,0,12,0,12,6,11,4,7,0,12,0,12,5,8,0,12,0,12,0,12,1724,216,231,142,1724,216,10,16,85,44,168,72,4,6,1724,216,303,156,0,12,71,62,159,100,1191,219,0,12
"2692","060371222001","Block Group 1, Census Tract 1222, Los Angeles County, California",1134,215,0,12,0,12,0,12,0,12,0,12,0,12,0,12,0,12,111,51,36,38,10,14,0,12,0,12,0,12,0,12,0,12,33,29,0,12,0,12,24,34,0,12,0,12,0,12,0,12,1202,234,206,137,1202,234,14,14,34,27,29,36,0,12,1202,234,32,33,0,12,9,10,280,156,795,219,0,12
"2693","060376099002","Block Group 2, Census Tract 6099, Los Angeles County, California",1035,216,15,16,0,12,0,12,0,12,0,12,0,12,0,12,0,12,7,11,5,10,0,12,0,12,0,12,0,12,0,12,0,12,10,11,17,22,0,12,0,12,8,17,16,24,0,12,0,12,861,220,70,67,861,220,0,12,0,12,15,18,0,12,1125,250,97,70,2,5,49,31,362,101,535,183,0,12
"2694","060376203032","Block Group 2, Census Tract 6203.03, Los Angeles County, California",1373,271,0,12,0,12,0,12,0,12,0,12,0,12,0,12,0,12,0,12,0,12,0,12,0,12,0,12,0,12,0,12,0,12,0,12,0,12,0,12,0,12,0,12,0,12,0,12,0,12,1473,266,0,12,1473,266,16,24,0,12,26,31,0,12,1473,266,333,126,0,12,0,12,1041,237,9,14,0,12
"2695","060371210104","Block Group 4, Census Tract 1210.10, Los Angeles County, California",1489,494,0,12,0,12,0,12,0,12,0,12,0,12,0,12,0,12,214,138,36,37,0,12,0,12,0,12,0,12,0,12,0,12,30,49,52,81,0,12,15,23,0,12,0,12,0,12,0,12,1557,519,55,57,1557,519,191,170,82,73,220,170,15,23,1557,519,32,57,0,12,13,20,244,146,1268,519,0,12
"2696","060371210101","Block Group 1, Census Tract 1210.10, Los Angeles County, California",698,246,0,12,0,12,12,23,0,12,0,12,0,12,0,12,0,12,25,42,0,12,12,22,0,12,0,12,0,12,0,12,0,12,0,12,25,44,0,12,0,12,0,12,0,12,0,12,0,12,711,250,41,50,711,250,0,12,0,12,25,42,0,12,711,250,0,12,0,12,0,12,289,136,422,258,0,12
"2697","060371210103","Block Group 3, Census Tract 1210.10, Los Angeles County, California",942,311,0,12,0,12,0,12,0,12,0,12,0,12,0,12,0,12,113,100,18,28,0,12,0,12,0,12,0,12,0,12,0,12,0,12,0,12,0,12,0,12,10,17,0,12,0,12,0,12,1007,329,230,260,1007,329,20,32,62,56,23,29,0,12,1007,329,36,54,0,12,4,5,370,258,597,287,0,12
"2698","060371210102","Block Group 2, Census Tract 1210.10, Los Angeles County, California",1565,506,0,12,0,12,0,12,0,12,0,12,0,12,0,12,0,12,11,13,40,48,59,69,122,175,20,33,0,12,0,12,0,12,20,31,51,50,0,12,0,12,0,12,38,47,0,12,0,12,1659,496,391,301,1659,496,0,12,53,56,57,73,27,43,1659,496,467,133,0,12,16,25,667,415,509,297,0,12
"2699","060371216002","Block Group 2, Census Tract 1216, Los Angeles County, California",685,170,0,12,0,12,0,12,0,12,0,12,0,12,0,12,0,12,7,12,13,18,16,21,0,12,0,12,0,12,0,12,0,12,0,12,0,12,0,12,0,12,17,25,17,25,0,12,0,12,711,182,91,62,711,182,0,12,34,41,18,23,6,11,711,182,130,86,0,12,20,24,273,132,267,151,0,12
"2700","060371216001","Block Group 1, Census Tract 1216, Los Angeles County, California",1934,240,0,12,0,12,0,12,0,12,0,12,0,12,0,12,0,12,52,38,0,12,51,32,19,27,11,16,14,22,0,12,0,12,0,12,6,8,16,23,4,16,11,16,15,22,0,12,0,12,2011,277,189,173,2011,277,0,12,121,93,62,53,0,12,2024,278,511,122,0,12,17,27,795,239,643,226,0,12
"2701","060372316004","Block Group 4, Census Tract 2316, Los Angeles County, California",1409,424,0,12,0,12,0,12,0,12,0,12,0,12,0,12,0,12,155,103,78,73,0,12,0,12,0,12,0,12,0,12,0,12,0,12,35,40,0,12,0,12,0,12,0,12,0,12,0,12,1447,435,198,149,1447,435,0,12,67,66,136,92,0,12,1447,435,0,12,0,12,745,419,15,24,687,295,0,12
"2702","060372316001","Block Group 1, Census Tract 2316, Los Angeles County, California",998,321,0,12,0,12,0,12,0,12,0,12,0,12,0,12,0,12,82,61,29,35,0,12,0,12,18,28,0,12,0,12,0,12,53,69,17,26,25,39,0,12,0,12,0,12,0,12,0,12,1044,332,436,226,1044,332,0,12,64,61,104,68,0,12,1044,332,18,28,0,12,273,193,237,168,516,248,0,12
"2703","060372316002","Block Group 2, Census Tract 2316, Los Angeles County, California",1398,380,0,12,0,12,0,12,0,12,0,12,0,12,0,12,0,12,248,80,185,83,0,12,0,12,0,12,0,12,0,12,0,12,46,47,6,11,0,12,0,12,12,18,5,10,0,12,0,12,1418,394,374,256,1497,412,10,17,60,68,217,109,21,34,1584,434,43,48,0,12,159,133,70,42,1259,345,0,12
"2704","060372316005","Block Group 5, Census Tract 2316, Los Angeles County, California",1590,361,0,12,0,12,0,12,0,12,0,12,0,12,0,12,0,12,180,79,75,71,0,12,0,12,0,12,0,12,0,12,0,12,22,35,44,49,0,12,0,12,0,12,0,12,0,12,0,12,1783,431,221,175,1783,431,20,22,82,78,72,65,0,12,1783,431,22,33,0,12,294,200,45,49,1345,387,0,12
"2705","060372316003","Block Group 3, Census Tract 2316, Los Angeles County, California",1551,443,0,12,0,12,0,12,0,12,0,12,0,12,0,12,0,12,142,99,53,49,0,12,0,12,0,12,0,12,0,12,0,12,51,46,23,26,0,12,0,12,0,12,0,12,0,12,0,12,1562,445,358,240,1562,445,76,83,128,108,86,83,0,12,1562,445,0,12,0,12,561,270,51,55,843,391,0,12
"2706","060372244101","Block Group 1, Census Tract 2244.10, Los Angeles County, California",1400,326,0,12,0,12,0,12,0,12,0,12,0,12,0,12,0,12,81,82,58,44,0,12,0,12,0,12,0,12,0,12,0,12,0,12,0,12,0,12,0,12,0,12,0,12,0,12,0,12,1245,325,539,185,1400,326,10,19,96,58,151,79,0,12,1400,326,288,101,12,21,57,37,380,188,536,291,0,12
"2707","060372244102","Block Group 2, Census Tract 2244.10, Los Angeles County, California",1778,441,0,12,0,12,0,12,0,12,0,12,0,12,0,12,0,12,150,86,31,35,0,12,0,12,0,12,0,12,0,12,0,12,181,112,53,49,0,12,0,12,0,12,0,12,0,12,0,12,1794,448,316,183,1794,448,0,12,88,67,108,75,9,15,1794,448,60,98,0,12,143,122,94,92,1497,424,0,12
"2708","060372264203","Block Group 3, Census Tract 2264.20, Los Angeles County, California",1675,441,0,12,0,12,0,12,0,12,0,12,0,12,0,12,0,12,296,179,111,91,0,12,0,12,0,12,27,41,0,12,0,12,69,58,42,35,0,12,0,12,23,25,0,12,0,12,0,12,1702,451,633,276,1717,450,0,12,158,82,269,158,0,12,1717,450,90,103,33,38,160,173,36,63,1398,405,0,12
"2709","060375775013","Block Group 3, Census Tract 5775.01, Los Angeles County, California",903,170,0,12,0,12,0,12,0,12,0,12,0,12,0,12,0,12,8,12,0,12,0,12,0,12,18,22,0,12,0,12,0,12,0,12,0,12,0,12,0,12,0,12,15,29,0,12,0,12,919,176,31,29,919,176,0,12,0,12,0,12,0,12,919,176,107,93,0,12,9,13,726,168,17,19,0,12
"2710","060375775012","Block Group 2, Census Tract 5775.01, Los Angeles County, California",1262,285,0,12,0,12,0,12,0,12,0,12,0,12,0,12,0,12,0,12,0,12,0,12,0,12,0,12,0,12,0,12,0,12,0,12,0,12,0,12,0,12,0,12,0,12,0,12,0,12,1262,285,208,152,1262,285,0,12,0,12,0,12,0,12,1262,285,20,21,0,12,0,12,1207,284,35,29,0,12
"2711","060374073021","Block Group 1, Census Tract 4073.02, Los Angeles County, California",1360,290,0,12,0,12,0,12,0,12,0,12,0,12,0,12,0,12,69,45,1,5,0,12,0,12,28,27,12,16,0,12,0,12,82,60,22,31,0,12,0,12,0,12,0,12,0,12,0,12,1392,297,33,32,1392,297,10,11,36,24,36,36,16,26,1392,297,155,96,0,12,58,87,9,15,1170,268,0,12
"2712","060374073023","Block Group 3, Census Tract 4073.02, Los Angeles County, California",969,299,0,12,0,12,0,12,0,12,0,12,0,12,0,12,0,12,20,24,63,85,0,12,0,12,0,12,0,12,0,12,0,12,29,27,7,12,0,12,0,12,0,12,0,12,0,12,0,12,1092,371,290,206,1114,378,21,36,30,37,48,44,0,12,1114,378,71,71,8,11,0,12,10,13,1025,385,0,12
"2713","060371064071","Block Group 1, Census Tract 1064.07, Los Angeles County, California",2175,266,27,31,0,12,0,12,0,12,0,12,0,12,0,12,0,12,62,44,63,66,0,12,0,12,6,9,0,12,0,12,0,12,41,33,42,30,0,12,5,11,5,10,0,12,0,12,0,12,2105,238,664,230,2105,238,5,7,109,73,134,77,0,12,2292,275,133,93,0,12,446,273,214,100,1466,285,0,12
"2714","060371064051","Block Group 1, Census Tract 1064.05, Los Angeles County, California",1281,358,30,48,0,12,0,12,0,12,0,12,0,12,0,12,0,12,117,105,62,55,0,12,0,12,0,12,0,12,0,12,0,12,10,15,50,47,0,12,0,12,0,12,0,12,0,12,0,12,1453,435,418,327,1480,445,0,12,41,65,72,68,0,12,1480,445,53,64,0,12,33,47,195,252,1199,413,0,12
"2715","060371048212","Block Group 2, Census Tract 1048.21, Los Angeles County, California",1034,347,8,13,0,12,0,12,0,12,0,12,0,12,0,12,0,12,66,34,37,57,0,12,0,12,0,12,0,12,0,12,0,12,0,12,35,39,0,12,0,12,0,12,0,12,0,12,0,12,1083,348,166,203,1083,348,6,10,111,61,75,70,13,21,1083,348,0,12,0,12,0,12,62,96,1014,311,0,12
"2716","060371047041","Block Group 1, Census Tract 1047.04, Los Angeles County, California",4003,407,9,16,0,12,0,12,0,12,0,12,0,12,0,12,0,12,249,119,345,190,13,20,0,12,14,22,0,12,0,12,0,12,0,12,0,12,31,36,0,12,0,12,0,12,0,12,0,12,4227,407,1210,483,4321,467,40,62,151,89,219,111,5,8,4321,467,89,72,0,12,555,244,275,140,3377,446,0,12
"2717","060371031022","Block Group 2, Census Tract 1031.02, Los Angeles County, California",661,183,0,12,0,12,0,12,0,12,0,12,0,12,0,12,0,12,101,77,19,31,10,15,0,12,0,12,0,12,0,12,0,12,0,12,47,52,0,12,0,12,0,12,0,12,0,12,0,12,661,183,13,21,661,183,0,12,23,37,53,66,0,12,661,183,18,30,0,12,0,12,347,141,296,202,0,12
"2718","060373107011","Block Group 1, Census Tract 3107.01, Los Angeles County, California",1530,200,0,12,0,12,0,12,0,12,0,12,0,12,0,12,0,12,0,12,0,12,104,103,0,12,0,12,18,26,0,12,0,12,0,12,4,11,32,37,0,12,0,12,32,41,0,12,0,12,1590,204,182,153,1590,204,0,12,30,36,18,21,0,12,1590,204,142,149,0,12,0,12,1129,234,212,98,0,12
"2719","060373110004","Block Group 4, Census Tract 3110, Los Angeles County, California",442,134,0,12,0,12,0,12,0,12,0,12,0,12,0,12,0,12,0,12,0,12,0,12,0,12,0,12,0,12,0,12,0,12,0,12,0,12,0,12,0,12,0,12,0,12,9,14,0,12,457,136,33,28,457,136,0,12,0,12,0,12,0,12,457,136,24,21,0,12,73,94,268,98,85,97,0,12
"2720","060372911102","Block Group 2, Census Tract 2911.10, Los Angeles County, California",1635,413,0,12,0,12,0,12,0,12,0,12,0,12,0,12,0,12,60,54,134,74,0,12,0,12,0,12,0,12,0,12,0,12,0,12,25,28,0,12,0,12,0,12,0,12,0,12,0,12,1775,440,453,185,1817,453,10,20,98,72,70,63,11,18,1817,453,0,12,0,12,531,198,23,25,1263,423,0,12
"2721","060374315024","Block Group 4, Census Tract 4315.02, Los Angeles County, California",734,197,0,12,0,12,0,12,0,12,0,12,0,12,0,12,0,12,0,12,0,12,9,15,0,12,14,18,0,12,0,12,0,12,0,12,0,12,0,12,0,12,15,22,0,12,0,12,0,12,753,203,11,17,753,203,0,12,0,12,35,40,0,12,753,203,419,158,0,12,11,17,222,103,95,103,0,12
"2722","060374315023","Block Group 3, Census Tract 4315.02, Los Angeles County, California",834,376,0,12,0,12,0,12,0,12,0,12,0,12,0,12,0,12,82,78,0,12,0,12,0,12,42,44,0,12,0,12,0,12,0,12,4,9,0,12,0,12,1,20,12,19,0,12,0,12,824,376,298,263,814,373,19,28,77,73,38,62,0,12,881,387,253,119,0,12,8,11,75,58,541,392,4,9
"2723","060374315021","Block Group 1, Census Tract 4315.02, Los Angeles County, California",1383,286,0,12,0,12,0,12,0,12,0,12,0,12,0,12,0,12,12,20,0,12,0,12,0,12,155,107,0,12,13,21,0,12,0,12,0,12,0,12,0,12,18,31,80,58,0,12,0,12,1505,364,223,179,1505,364,21,31,11,22,49,66,0,12,1505,364,760,338,0,12,0,12,319,168,320,177,0,12
"2724","060374315022","Block Group 2, Census Tract 4315.02, Los Angeles County, California",1096,269,0,12,0,12,0,12,0,12,5,12,0,12,0,12,0,12,0,12,0,12,0,12,0,12,28,33,12,20,0,12,0,12,0,12,0,12,0,12,0,12,16,17,0,12,0,12,0,12,1117,275,133,87,1134,280,0,12,20,31,44,44,0,12,1134,280,513,170,0,12,23,36,444,170,140,108,0,12
"2725","060374315011","Block Group 1, Census Tract 4315.01, Los Angeles County, California",849,179,0,12,0,12,0,12,0,12,0,12,0,12,0,12,0,12,8,13,0,12,0,12,0,12,41,49,23,25,0,12,0,12,0,12,26,38,0,12,0,12,81,61,14,21,0,12,0,12,857,177,162,93,857,177,0,12,0,12,35,31,0,12,857,177,374,148,0,12,25,40,206,90,217,109,0,12
"2726","060371151031","Block Group 1, Census Tract 1151.03, Los Angeles County, California",3381,318,0,12,0,12,0,12,0,12,0,12,0,12,0,12,0,12,0,12,0,12,0,12,0,12,27,23,0,12,0,12,0,12,0,12,0,12,0,12,0,12,0,12,0,12,0,12,0,12,124,98,64,71,3381,318,77,47,145,62,7,10,0,12,3381,318,605,131,27,21,467,117,876,122,1243,222,0,12
"2727","060372264202","Block Group 2, Census Tract 2264.20, Los Angeles County, California",1435,381,0,12,0,12,0,12,0,12,0,12,0,12,0,12,0,12,216,126,95,76,0,12,0,12,0,12,0,12,0,12,0,12,6,11,16,18,0,12,0,12,0,12,0,12,0,12,0,12,1578,434,266,241,1578,434,0,12,57,41,127,100,0,12,1578,434,0,12,0,12,227,242,0,12,1351,412,0,12
"2728","060372287101","Block Group 1, Census Tract 2287.10, Los Angeles County, California",2291,412,0,12,0,12,0,12,0,12,0,12,0,12,0,12,0,12,238,87,396,163,0,12,0,12,0,12,0,12,0,12,0,12,107,69,37,33,0,12,0,12,0,12,0,12,0,12,0,12,2592,460,1116,415,2592,460,74,81,199,89,222,87,0,12,2592,460,0,12,0,12,243,157,6,10,2316,427,6,11
"2729","060372325004","Block Group 4, Census Tract 2325, Los Angeles County, California",433,216,0,12,0,12,0,12,0,12,0,12,0,12,0,12,0,12,16,16,0,12,0,12,0,12,0,12,0,12,0,12,0,12,0,12,0,12,0,12,0,12,0,12,0,12,0,12,0,12,444,220,82,83,444,220,0,12,0,12,0,12,0,12,444,220,0,12,0,12,117,63,6,13,317,214,0,12
"2730","060372325002","Block Group 2, Census Tract 2325, Los Angeles County, California",950,367,0,12,0,12,0,12,0,12,0,12,0,12,0,12,0,12,18,21,31,53,0,12,0,12,0,12,0,12,0,12,0,12,9,16,12,20,0,12,0,12,0,12,0,12,0,12,0,12,996,391,183,189,996,391,43,72,34,57,72,60,0,12,996,391,0,12,0,12,559,258,0,12,426,308,0,12
"2731","060371289102","Block Group 2, Census Tract 1289.10, Los Angeles County, California",1719,313,0,12,0,12,0,12,0,12,0,12,0,12,0,12,0,12,14,21,0,12,13,23,0,12,0,12,0,12,0,12,0,12,0,12,0,12,19,30,0,12,28,43,0,12,0,12,0,12,1761,309,35,35,1761,309,0,12,9,14,28,30,0,12,1777,311,142,104,0,12,74,73,1134,284,232,131,0,12
"2732","060371343051","Block Group 1, Census Tract 1343.05, Los Angeles County, California",3862,384,66,55,0,12,0,12,0,12,0,12,0,12,0,12,0,12,911,249,216,110,0,12,0,12,4,8,0,12,0,12,0,12,0,12,0,12,16,26,36,40,0,12,0,12,0,12,0,12,4183,401,1124,393,4183,401,103,80,479,191,445,145,0,12,4183,401,361,151,4,9,60,60,260,143,3473,418,0,12
"2733","060371347101","Block Group 1, Census Tract 1347.10, Los Angeles County, California",2952,486,0,12,0,12,0,12,0,12,0,12,0,12,0,12,0,12,598,296,231,152,0,12,0,12,12,18,0,12,0,12,0,12,0,12,0,12,0,12,0,12,0,12,0,12,0,12,0,12,3139,499,745,314,3139,499,37,45,311,159,455,237,0,12,3139,499,224,126,0,12,94,90,297,152,2504,488,0,12
"2734","060371352022","Block Group 2, Census Tract 1352.02, Los Angeles County, California",1468,312,0,12,0,12,0,12,0,12,0,12,0,12,0,12,0,12,25,31,0,12,0,12,0,12,5,11,0,12,0,12,0,12,33,41,0,12,0,12,0,12,0,12,0,12,0,12,0,12,1577,367,222,175,1577,367,11,19,0,12,5,11,0,12,1577,367,348,133,0,12,4,11,778,268,329,167,24,39
"2735","060371352023","Block Group 3, Census Tract 1352.02, Los Angeles County, California",1774,378,0,12,0,12,0,12,0,12,0,12,0,12,0,12,0,12,0,12,0,12,0,12,0,12,0,12,0,12,0,12,0,12,0,12,0,12,0,12,0,12,0,12,18,28,0,12,0,12,1942,413,173,130,1942,413,19,30,8,20,19,30,0,12,1942,413,157,112,0,12,105,124,1243,357,195,119,0,12
"2736","060371373021","Block Group 1, Census Tract 1373.02, Los Angeles County, California",1780,276,0,12,0,12,0,12,0,12,0,12,0,12,0,12,0,12,0,12,0,12,13,21,0,12,0,12,0,12,0,12,0,12,0,12,0,12,33,44,32,44,0,12,0,12,0,12,0,12,1905,317,98,95,1905,317,0,12,11,17,45,45,0,12,1905,317,156,113,0,12,0,12,1513,289,166,103,0,12
"2737","060371373022","Block Group 2, Census Tract 1373.02, Los Angeles County, California",2496,328,0,12,0,12,0,12,0,12,0,12,0,12,0,12,0,12,0,12,0,12,11,17,0,12,26,29,0,12,0,12,0,12,0,12,0,12,0,12,0,12,10,14,0,12,16,32,0,12,2544,331,103,90,2544,331,0,12,0,12,21,29,0,12,2544,331,209,133,14,21,65,47,2024,305,149,112,0,12
"2738","060371413021","Block Group 1, Census Tract 1413.02, Los Angeles County, California",1482,436,0,12,0,12,13,20,0,12,0,12,0,12,0,12,0,12,0,12,0,12,0,12,12,19,0,12,0,12,0,12,0,12,0,12,0,12,77,66,75,122,0,12,0,12,0,12,0,12,1517,441,103,69,1517,441,0,12,35,57,42,53,0,12,1517,441,110,104,0,12,103,104,987,323,240,240,0,12
"2739","060371413023","Block Group 3, Census Tract 1413.02, Los Angeles County, California",3013,538,22,35,0,12,0,12,0,12,0,12,0,12,0,12,0,12,28,40,0,12,13,20,14,22,0,12,0,12,0,12,0,12,0,12,0,12,0,12,0,12,0,12,0,12,0,12,0,12,3209,526,94,75,3249,532,40,66,166,143,0,12,0,12,3249,532,295,174,0,12,380,299,1997,453,502,199,0,12
"2740","060371431002","Block Group 2, Census Tract 1431, Los Angeles County, California",1132,248,0,12,0,12,0,12,0,12,0,12,0,12,0,12,0,12,0,12,0,12,0,12,0,12,0,12,0,12,0,12,0,12,0,12,0,12,19,28,0,12,0,12,0,12,0,12,0,12,1289,302,84,94,1289,302,28,43,37,42,69,87,0,12,1289,302,45,74,0,12,45,52,915,253,248,219,0,12
"2741","060375505002","Block Group 2, Census Tract 5505, Los Angeles County, California",1349,531,0,12,0,12,0,12,0,12,0,12,0,12,0,12,0,12,82,91,0,12,0,12,0,12,0,12,0,12,0,12,0,12,60,89,9,19,0,12,0,12,0,12,10,20,0,12,0,12,1285,528,122,127,1285,528,0,12,159,192,0,12,0,12,1349,531,106,129,0,12,42,66,64,64,1099,563,0,12
"2742","060375505005","Block Group 5, Census Tract 5505, Los Angeles County, California",1162,471,0,12,0,12,0,12,0,12,0,12,0,12,0,12,0,12,11,18,18,33,0,12,0,12,17,28,0,12,0,12,0,12,0,12,0,12,0,12,0,12,0,12,0,12,0,12,0,12,1257,532,11,17,1257,532,0,12,17,28,38,46,0,12,1257,532,82,107,0,12,43,71,513,390,619,326,0,12
"2743","060375505006","Block Group 6, Census Tract 5505, Los Angeles County, California",1041,403,0,12,0,12,0,12,0,12,59,84,0,12,0,12,0,12,0,12,0,12,0,12,0,12,0,12,0,12,0,12,0,12,0,12,32,51,0,12,0,12,0,12,0,12,0,12,0,12,1093,423,0,12,1093,423,0,12,0,12,95,95,0,12,1093,423,87,51,0,12,0,12,169,133,778,416,0,12
"2744","060375505004","Block Group 4, Census Tract 5505, Los Angeles County, California",799,271,0,12,0,12,0,12,0,12,0,12,0,12,0,12,0,12,24,28,0,12,18,29,0,12,22,35,0,12,0,12,0,12,0,12,0,12,0,12,0,12,22,33,0,12,0,12,0,12,846,285,61,72,846,285,0,12,0,12,9,17,0,12,846,285,155,149,0,12,0,12,125,104,566,330,0,12
"2745","060375510006","Block Group 6, Census Tract 5510, Los Angeles County, California",782,350,0,12,0,12,0,12,0,12,0,12,0,12,0,12,0,12,87,84,0,12,0,12,0,12,0,12,0,12,0,12,0,12,0,12,88,90,0,12,0,12,0,12,0,12,0,12,0,12,782,350,0,12,782,350,48,67,0,12,134,138,0,12,782,350,68,65,0,12,0,12,293,135,403,306,0,12
"2746","060375510001","Block Group 1, Census Tract 5510, Los Angeles County, California",1090,373,0,12,0,12,0,12,0,12,0,12,0,12,0,12,0,12,0,12,0,12,0,12,0,12,0,12,0,12,0,12,0,12,0,12,0,12,0,12,0,12,0,12,0,12,0,12,0,12,1131,379,33,54,1131,379,32,52,113,187,31,52,0,12,1131,379,81,121,0,12,172,229,280,161,598,316,0,12
"2747","060375510005","Block Group 5, Census Tract 5510, Los Angeles County, California",1522,581,0,12,0,12,0,12,0,12,23,36,0,12,0,12,0,12,0,12,0,12,0,12,0,12,21,35,0,12,0,12,0,12,61,93,25,41,0,12,0,12,0,12,0,12,0,12,0,12,1582,620,45,68,1582,620,239,284,97,84,173,121,0,12,1582,620,124,119,0,12,0,12,243,88,1124,643,0,12
"2748","060375522001","Block Group 1, Census Tract 5522, Los Angeles County, California",1366,360,0,12,0,12,0,12,0,12,0,12,0,12,0,12,0,12,74,62,13,22,0,12,0,12,24,27,0,12,0,12,0,12,19,29,13,21,0,12,0,12,25,28,0,12,0,12,0,12,1511,399,186,112,1511,399,0,12,139,93,56,42,0,12,1511,399,170,115,0,12,77,137,176,157,1088,366,0,12
"2749","060375706031","Block Group 1, Census Tract 5706.03, Los Angeles County, California",2017,406,0,12,0,12,0,12,0,12,0,12,0,12,0,12,0,12,57,49,17,28,0,12,0,12,25,20,0,12,0,12,0,12,0,12,0,12,0,12,0,12,13,25,0,12,0,12,0,12,2122,419,321,174,2142,424,0,12,99,81,60,60,0,12,2142,424,179,184,117,144,560,290,293,147,956,305,0,12
"2750","060375706033","Block Group 3, Census Tract 5706.03, Los Angeles County, California",955,364,0,12,0,12,0,12,0,12,0,12,0,12,0,12,0,12,0,12,0,12,0,12,0,12,0,12,0,12,0,12,0,12,0,12,0,12,0,12,0,12,0,12,0,12,0,12,0,12,1052,431,227,200,1052,431,0,12,30,46,0,12,0,12,1052,431,9,14,10,15,420,251,129,95,460,326,0,12
"2751","060375707021","Block Group 1, Census Tract 5707.02, Los Angeles County, California",1442,177,0,12,0,12,0,12,0,12,0,12,0,12,0,12,0,12,13,16,11,20,0,12,0,12,0,12,0,12,0,12,0,12,0,12,11,20,0,12,0,12,0,12,0,12,0,12,0,12,1504,185,166,128,1504,185,7,10,19,23,38,36,28,28,1504,185,209,111,6,10,204,128,391,95,570,147,80,104
"2752","060375707022","Block Group 2, Census Tract 5707.02, Los Angeles County, California",786,207,0,12,0,12,0,12,0,12,0,12,0,12,0,12,0,12,0,12,0,12,0,12,0,12,0,12,0,12,0,12,0,12,0,12,0,12,0,12,0,12,0,12,0,12,0,12,0,12,792,208,90,52,792,208,0,12,0,12,26,39,0,12,792,208,73,38,0,12,161,102,234,70,243,154,0,12
"2753","060374037221","Block Group 1, Census Tract 4037.22, Los Angeles County, California",2119,357,8,12,0,12,0,12,0,12,0,12,0,12,0,12,0,12,64,59,64,72,0,12,0,12,34,39,23,35,0,12,0,12,3,9,29,47,8,14,0,12,12,18,0,12,0,12,0,12,2304,384,348,215,2343,395,110,127,101,66,163,112,29,47,2343,395,143,124,0,12,52,38,421,163,1718,416,0,12
"2754","060371031023","Block Group 3, Census Tract 1031.02, Los Angeles County, California",1042,306,0,12,0,12,0,12,0,12,0,12,0,12,0,12,0,12,32,53,0,12,0,12,0,12,0,12,0,12,0,12,0,12,11,18,12,20,12,18,12,18,21,30,0,12,0,12,0,12,1069,312,100,88,1069,312,15,22,57,91,100,80,0,12,1069,312,232,151,0,12,0,12,450,169,357,227,0,12
"2755","060371031025","Block Group 5, Census Tract 1031.02, Los Angeles County, California",1373,275,0,12,0,12,0,12,0,12,0,12,0,12,0,12,0,12,0,12,0,12,10,15,0,12,0,12,0,12,0,12,0,12,0,12,0,12,0,12,0,12,0,12,0,12,0,12,0,12,1406,294,48,44,1406,294,15,18,39,52,51,51,25,40,1406,294,96,95,0,12,0,12,953,214,284,233,0,12
"2756","060371031024","Block Group 4, Census Tract 1031.02, Los Angeles County, California",790,240,0,12,0,12,0,12,0,12,0,12,0,12,0,12,0,12,0,12,9,16,0,12,0,12,0,12,0,12,0,12,0,12,26,41,9,15,69,73,49,54,9,16,0,12,0,12,0,12,847,253,75,91,847,253,0,12,0,12,0,12,0,12,847,253,89,90,0,12,0,12,543,218,151,128,0,12
"2757","060375311011","Block Group 1, Census Tract 5311.01, Los Angeles County, California",915,493,21,23,0,12,0,12,0,12,0,12,0,12,0,12,0,12,172,134,129,143,0,12,0,12,0,12,0,12,0,12,0,12,39,32,8,13,0,12,0,12,0,12,0,12,0,12,0,12,1057,569,504,412,1057,569,5,9,46,70,17,27,0,12,1057,569,0,12,0,12,0,12,0,12,1057,569,0,12
"2758","060375311014","Block Group 4, Census Tract 5311.01, Los Angeles County, California",700,248,0,12,0,12,0,12,0,12,0,12,0,12,0,12,0,12,70,70,60,69,0,12,0,12,0,12,0,12,0,12,0,12,36,36,10,18,0,12,0,12,0,12,0,12,0,12,0,12,708,244,46,66,708,244,0,12,69,63,65,69,0,12,708,244,0,12,0,12,0,12,29,37,679,249,0,12
"2759","060375311012","Block Group 2, Census Tract 5311.01, Los Angeles County, California",1364,434,34,54,0,12,0,12,0,12,0,12,0,12,0,12,0,12,79,53,6,12,0,12,0,12,0,12,0,12,0,12,0,12,17,19,19,30,0,12,0,12,0,12,0,12,0,12,0,12,1401,462,154,96,1428,468,0,12,76,47,139,116,0,12,1428,468,0,12,0,12,4,8,12,21,1403,471,9,15
"2760","060375311013","Block Group 3, Census Tract 5311.01, Los Angeles County, California",1557,468,0,12,0,12,0,12,0,12,0,12,0,12,0,12,0,12,268,144,158,101,0,12,0,12,0,12,0,12,0,12,0,12,80,61,14,25,0,12,0,12,0,12,0,12,0,12,0,12,1658,506,120,121,1658,506,0,12,24,30,100,81,0,12,1658,506,0,12,0,12,0,12,0,12,1658,506,0,12
"2761","060372774001","Block Group 1, Census Tract 2774, Los Angeles County, California",653,210,0,12,0,12,0,12,0,12,0,12,0,12,0,12,0,12,44,59,0,12,0,12,0,12,0,12,0,12,0,12,0,12,0,12,0,12,0,12,0,12,0,12,0,12,0,12,0,12,689,217,106,92,689,217,0,12,42,40,22,36,0,12,689,217,30,51,0,12,390,176,48,37,158,104,0,12
"2762","060375021001","Block Group 1, Census Tract 5021, Los Angeles County, California",795,248,0,12,0,12,0,12,0,12,0,12,0,12,0,12,0,12,37,64,11,17,0,12,0,12,0,12,0,12,0,12,0,12,12,25,0,12,0,12,0,12,11,25,12,25,0,12,0,12,777,250,24,33,777,250,0,12,14,22,11,16,0,12,825,255,23,25,10,16,13,27,241,150,538,218,0,12
"2763","060375021002","Block Group 2, Census Tract 5021, Los Angeles County, California",2427,468,0,12,0,12,0,12,0,12,0,12,0,12,0,12,0,12,95,86,73,75,0,12,0,12,0,12,0,12,0,12,0,12,39,36,39,51,0,12,0,12,0,12,0,12,0,12,0,12,2345,469,394,236,2415,491,0,12,107,100,32,31,0,12,2569,501,45,37,0,12,6,10,216,90,2290,517,12,21
"2764","060375021003","Block Group 3, Census Tract 5021, Los Angeles County, California",1560,399,0,12,0,12,0,12,0,12,0,12,0,12,0,12,0,12,0,12,6,13,0,12,0,12,0,12,0,12,0,12,0,12,0,12,0,12,0,12,0,12,0,12,0,12,0,12,0,12,1642,422,9,15,1642,422,42,62,48,71,83,123,0,12,1642,422,0,12,14,21,31,60,338,198,1259,379,0,12
"2765","060375033021","Block Group 1, Census Tract 5033.02, Los Angeles County, California",1896,799,0,12,0,12,0,12,0,12,0,12,0,12,0,12,0,12,13,22,86,137,0,12,0,12,5,12,0,12,0,12,0,12,18,27,15,17,0,12,0,12,0,12,0,12,0,12,0,12,2025,863,206,286,2025,863,0,12,137,155,83,93,0,12,2025,863,16,20,0,12,0,12,376,186,1614,862,0,12
"2766","060375033022","Block Group 2, Census Tract 5033.02, Los Angeles County, California",3292,459,0,12,0,12,0,12,0,12,0,12,0,12,0,12,0,12,51,52,128,136,0,12,0,12,0,12,0,12,0,12,0,12,16,25,0,12,0,12,0,12,0,12,6,12,0,12,0,12,3597,539,60,61,3583,539,55,62,162,131,163,92,0,12,3616,536,220,129,0,12,0,12,627,295,2557,525,35,55
"2767","060371012101","Block Group 1, Census Tract 1012.10, Los Angeles County, California",2793,533,0,12,0,12,0,12,0,12,0,12,0,12,0,12,0,12,30,46,80,132,136,84,15,24,0,12,0,12,0,12,0,12,30,46,0,12,61,95,81,101,0,12,0,12,0,12,0,12,3047,584,942,440,3047,584,49,54,41,66,199,153,0,12,3047,584,252,222,0,12,42,61,1535,456,1204,621,0,12
"2768","060371012102","Block Group 2, Census Tract 1012.10, Los Angeles County, California",3132,484,0,12,0,12,0,12,0,12,0,12,0,12,0,12,0,12,255,162,31,32,68,66,11,17,34,55,0,12,0,12,0,12,32,35,0,12,76,83,0,12,0,12,0,12,0,12,0,12,3280,448,731,405,3280,448,57,96,232,123,79,77,0,12,3300,448,234,183,0,12,156,150,1451,295,1412,414,0,12
"2769","060375519001","Block Group 1, Census Tract 5519, Los Angeles County, California",1165,454,0,12,0,12,0,12,0,12,0,12,0,12,0,12,0,12,95,117,21,32,0,12,0,12,68,66,36,57,0,12,0,12,6,10,19,31,0,12,0,12,0,12,0,12,0,12,0,12,1212,458,41,44,1212,458,0,12,45,52,102,105,0,12,1212,458,239,216,0,12,14,21,127,120,832,414,0,12
"2770","060375519005","Block Group 5, Census Tract 5519, Los Angeles County, California",686,261,0,12,1,2,0,12,0,12,0,12,0,12,0,12,0,12,86,88,11,18,0,12,0,12,0,12,0,12,0,12,0,12,14,18,0,12,0,12,0,12,0,12,0,12,0,12,0,12,773,300,0,12,773,300,0,12,0,12,0,12,0,12,779,301,46,47,0,12,119,99,40,40,574,298,0,12
"2771","060375519004","Block Group 4, Census Tract 5519, Los Angeles County, California",537,200,0,12,0,12,0,12,0,12,0,12,0,12,0,12,0,12,16,20,0,12,0,12,0,12,0,12,0,12,0,12,0,12,0,12,0,12,0,12,0,12,20,31,0,12,0,12,0,12,571,211,27,36,571,211,0,12,14,20,18,23,11,17,571,211,30,46,0,12,0,12,48,41,472,210,0,12
"2772","060375540011","Block Group 1, Census Tract 5540.01, Los Angeles County, California",861,308,0,12,0,12,0,12,0,12,0,12,0,12,0,12,0,12,49,45,14,21,0,12,0,12,0,12,0,12,0,12,0,12,5,8,0,12,0,12,0,12,0,12,0,12,0,12,0,12,900,329,38,38,886,326,0,12,39,64,0,12,0,12,900,329,0,12,0,12,0,12,230,119,670,320,0,12
"2773","060375540012","Block Group 2, Census Tract 5540.01, Los Angeles County, California",1198,461,0,12,0,12,0,12,0,12,0,12,0,12,0,12,0,12,31,47,31,48,0,12,0,12,0,12,0,12,0,12,0,12,25,37,0,12,0,12,0,12,0,12,0,12,0,12,0,12,1198,461,23,38,1198,461,31,48,36,55,119,108,0,12,1198,461,199,167,0,12,27,40,322,209,650,380,0,12
"2774","060375540014","Block Group 4, Census Tract 5540.01, Los Angeles County, California",772,218,0,12,0,12,0,12,0,12,0,12,0,12,0,12,0,12,7,14,0,12,0,12,0,12,0,12,0,12,0,12,0,12,0,12,7,13,0,12,0,12,14,20,0,12,0,12,0,12,783,217,10,17,783,217,23,35,0,12,20,20,0,12,783,217,101,76,0,12,208,208,182,127,272,143,0,12
"2775","060376020031","Block Group 1, Census Tract 6020.03, Los Angeles County, California",2215,439,0,12,22,35,0,12,0,12,0,12,0,12,0,12,0,12,457,144,47,39,0,12,0,12,0,12,0,12,0,12,0,12,62,45,0,12,0,12,0,12,0,12,0,12,0,12,0,12,2428,468,342,209,2428,468,147,157,162,93,244,123,0,12,2428,468,42,55,0,12,306,143,32,32,2038,476,0,12
"2776","060375539021","Block Group 1, Census Tract 5539.02, Los Angeles County, California",1710,397,32,36,0,12,0,12,0,12,0,12,0,12,0,12,0,12,95,69,29,47,0,12,0,12,0,12,0,12,0,12,0,12,20,16,9,14,0,12,0,12,0,12,0,12,0,12,0,12,1849,423,379,243,1849,423,0,12,16,26,161,98,7,12,1849,423,105,107,0,12,0,12,135,104,1571,389,0,12
"2777","060375539022","Block Group 2, Census Tract 5539.02, Los Angeles County, California",1651,395,0,12,0,12,0,12,0,12,0,12,0,12,0,12,0,12,187,112,0,12,0,12,0,12,0,12,0,12,0,12,0,12,0,12,11,21,0,12,0,12,11,17,0,12,0,12,0,12,1730,413,198,194,1730,413,23,29,175,95,162,103,13,21,1730,413,0,12,48,72,54,53,291,245,1308,319,0,12
"2778","060379104021","Block Group 1, Census Tract 9104.02, Los Angeles County, California",1924,330,0,12,0,12,0,12,0,12,0,12,0,12,0,12,0,12,119,53,46,39,0,12,0,12,8,12,0,12,0,12,0,12,66,57,28,34,0,12,0,12,0,12,0,12,0,12,0,12,2087,366,664,258,2117,369,11,14,74,55,71,42,0,12,2117,369,17,20,0,12,128,79,176,91,1586,324,108,168
"2779","060379203313","Block Group 3, Census Tract 9203.31, Los Angeles County, California",548,147,0,12,0,12,0,12,0,12,0,12,0,12,0,12,0,12,8,14,0,12,0,12,0,12,0,12,0,12,0,12,0,12,0,12,0,12,0,12,0,12,0,12,0,12,0,12,0,12,571,156,14,23,571,156,0,12,0,12,0,12,0,12,571,156,20,26,0,12,0,12,383,125,143,106,0,12
"2780","060379203311","Block Group 1, Census Tract 9203.31, Los Angeles County, California",1651,251,0,12,0,12,0,12,0,12,0,12,0,12,0,12,0,12,0,12,0,12,0,12,0,12,0,12,0,12,0,12,0,12,0,12,0,12,0,12,0,12,51,47,0,12,0,12,0,12,1768,254,34,44,1780,256,0,12,0,12,109,120,0,12,1780,256,108,47,0,12,54,56,935,140,635,207,0,12
"2781","060374312004","Block Group 4, Census Tract 4312, Los Angeles County, California",1920,327,7,11,0,12,0,12,0,12,0,12,0,12,0,12,0,12,101,63,50,44,0,12,0,12,36,38,0,12,0,12,0,12,16,17,41,45,0,12,0,12,24,30,22,34,0,12,0,12,2044,351,120,67,2044,351,63,66,73,71,197,138,0,12,2044,351,354,141,0,12,206,162,578,137,888,318,0,12
"2782","060374324022","Block Group 2, Census Tract 4324.02, Los Angeles County, California",1860,722,0,12,0,12,0,12,0,12,0,12,0,12,0,12,0,12,15,18,19,32,0,12,0,12,93,117,39,40,0,12,0,12,27,30,0,12,0,12,0,12,28,25,57,38,0,12,0,12,1929,746,807,727,1929,746,0,12,20,34,45,41,0,12,1929,746,457,343,0,12,10,16,158,147,1304,646,0,12
"2783","060374324023","Block Group 3, Census Tract 4324.02, Los Angeles County, California",1555,454,0,12,0,12,0,12,0,12,0,12,0,12,0,12,0,12,56,32,12,19,0,12,0,12,233,146,38,64,0,12,0,12,52,55,14,27,0,12,0,12,24,26,131,132,0,12,0,12,1583,492,253,180,1583,492,0,12,63,69,35,43,0,12,1614,492,658,388,7,14,52,45,70,59,810,314,0,12
"2784","060374600001","Block Group 1, Census Tract 4600, Los Angeles County, California",1154,252,0,12,0,12,0,12,0,12,0,12,0,12,0,12,0,12,0,12,0,12,0,12,0,12,10,16,0,12,0,12,0,12,0,12,0,12,0,12,0,12,0,12,0,12,0,12,0,12,1175,258,49,37,1190,257,0,12,0,12,8,12,0,12,1190,257,217,164,0,12,0,12,795,185,132,80,0,12
"2785","060374600002","Block Group 2, Census Tract 4600, Los Angeles County, California",923,170,10,16,0,12,0,12,0,12,0,12,0,12,0,12,0,12,0,12,0,12,0,12,0,12,0,12,0,12,0,12,0,12,0,12,0,12,0,12,0,12,0,12,31,43,0,12,0,12,983,191,21,18,975,191,0,12,0,12,3,6,0,12,983,191,272,173,0,12,37,26,464,144,167,100,0,12
"2786","060374600004","Block Group 4, Census Tract 4600, Los Angeles County, California",892,193,0,12,0,12,0,12,0,12,0,12,0,12,0,12,0,12,0,12,0,12,21,25,0,12,0,12,0,12,0,12,0,12,0,12,0,12,0,12,0,12,35,42,12,18,26,40,0,12,892,193,38,43,892,193,0,12,9,14,50,58,0,12,892,193,135,95,0,12,9,15,522,152,198,132,0,12
"2787","060374605011","Block Group 1, Census Tract 4605.01, Los Angeles County, California",1935,315,0,12,0,12,0,12,0,12,5,9,0,12,0,12,0,12,0,12,0,12,0,12,0,12,78,57,0,12,0,12,0,12,0,12,0,12,0,12,0,12,64,61,0,12,0,12,0,12,2032,354,69,68,2045,351,6,10,10,18,28,36,0,12,2045,351,1094,330,0,12,0,12,847,259,78,55,0,12
"2788","060371313003","Block Group 3, Census Tract 1313, Los Angeles County, California",2050,446,0,12,0,12,0,12,0,12,0,12,0,12,0,12,0,12,172,79,48,43,0,12,0,12,0,12,13,20,0,12,0,12,28,24,23,34,0,12,9,15,10,16,0,12,0,12,0,12,2135,454,81,94,2135,454,0,12,136,130,155,91,0,12,2135,454,192,126,0,12,12,19,323,118,1581,469,0,12
"2789","060371313004","Block Group 4, Census Tract 1313, Los Angeles County, California",945,352,7,14,0,12,0,12,0,12,0,12,0,12,0,12,0,12,42,46,0,12,19,23,0,12,0,12,0,12,0,12,0,12,74,83,0,12,0,12,0,12,0,12,0,12,0,12,0,12,1002,374,260,251,1010,375,0,12,0,12,11,19,50,76,1010,375,32,31,0,12,0,12,350,131,628,388,0,12
"2790","060371313002","Block Group 2, Census Tract 1313, Los Angeles County, California",913,237,0,12,0,12,0,12,0,12,0,12,0,12,0,12,0,12,19,24,0,12,0,12,0,12,14,17,0,12,0,12,0,12,0,12,23,28,0,12,0,12,0,12,14,18,0,12,0,12,1008,281,98,65,1008,281,0,12,69,75,32,30,0,12,1014,281,404,178,39,60,36,40,170,97,328,203,0,12
"2791","060376512221","Block Group 1, Census Tract 6512.22, Los Angeles County, California",3385,491,0,12,0,12,0,12,0,12,0,12,0,12,0,12,0,12,0,12,0,12,0,12,0,12,200,99,34,39,0,12,0,12,0,12,21,34,0,12,0,12,14,25,0,12,0,12,0,12,3677,566,150,133,3677,566,71,66,50,58,50,48,0,12,3677,566,1860,462,0,12,118,154,994,253,641,359,0,12
"2792","060376512222","Block Group 2, Census Tract 6512.22, Los Angeles County, California",2671,483,0,12,0,12,0,12,0,12,18,32,0,12,0,12,0,12,0,12,0,12,0,12,0,12,183,138,20,33,14,23,0,12,0,12,0,12,0,12,0,12,0,12,0,12,0,12,0,12,2782,495,253,245,2782,495,16,25,107,106,181,123,0,12,2782,495,1022,474,0,12,149,98,1087,294,374,257,0,12
"2793","060376701003","Block Group 3, Census Tract 6701, Los Angeles County, California",1563,350,0,12,0,12,0,12,0,12,0,12,0,12,0,12,0,12,2,5,5,7,0,12,0,12,0,12,0,12,0,12,0,12,3,5,16,23,0,12,0,12,24,38,0,12,0,12,0,12,1540,349,363,247,1540,349,0,12,0,12,15,23,0,12,1585,356,32,49,0,12,421,248,804,248,214,185,0,12
"2794","060376701002","Block Group 2, Census Tract 6701, Los Angeles County, California",908,237,0,12,0,12,0,12,0,12,0,12,0,12,0,12,0,12,20,33,0,12,0,12,0,12,0,12,0,12,0,12,0,12,0,12,0,12,0,12,0,12,0,12,0,12,16,24,0,12,1001,269,91,93,1001,269,13,21,15,25,0,12,0,12,1001,269,159,130,0,12,183,185,409,175,210,179,0,12
"2795","060376701001","Block Group 1, Census Tract 6701, Los Angeles County, California",2793,567,0,12,0,12,0,12,0,12,0,12,0,12,0,12,0,12,0,12,0,12,0,12,0,12,32,51,0,12,0,12,0,12,54,71,0,12,57,88,0,12,0,12,0,12,0,12,0,12,3027,622,517,410,3027,622,0,12,140,113,154,174,0,12,3027,622,771,417,0,12,44,61,931,351,1102,387,0,12
"2796","060375319021","Block Group 1, Census Tract 5319.02, Los Angeles County, California",858,319,0,12,0,12,0,12,0,12,0,12,0,12,0,12,0,12,160,113,0,12,0,12,0,12,0,12,0,12,0,12,0,12,36,29,8,13,0,12,0,12,0,12,0,12,0,12,0,12,932,339,74,82,932,339,8,11,0,12,26,42,14,21,932,339,0,12,0,12,0,12,78,82,854,339,0,12
"2797","060375322002","Block Group 2, Census Tract 5322, Los Angeles County, California",2272,571,10,16,91,81,0,12,0,12,0,12,0,12,0,12,0,12,379,164,247,149,0,12,0,12,10,16,0,12,0,12,0,12,12,18,12,20,0,12,0,12,0,12,0,12,0,12,0,12,2459,602,594,365,2459,602,78,78,145,140,303,143,12,18,2459,602,28,36,0,12,109,174,8,15,2306,613,0,12
"2798","060375322003","Block Group 3, Census Tract 5322, Los Angeles County, California",2749,486,0,12,0,12,0,12,0,12,0,12,0,12,0,12,0,12,197,103,75,89,0,12,0,12,35,44,35,44,0,12,0,12,58,56,24,29,0,12,0,12,0,12,52,66,0,12,0,12,2893,544,361,425,2923,559,0,12,116,153,236,152,0,12,2923,559,432,291,0,12,0,12,155,92,2309,558,0,12
"2799","060375322001","Block Group 1, Census Tract 5322, Los Angeles County, California",1925,478,0,12,0,12,0,12,0,12,0,12,0,12,0,12,0,12,140,82,85,84,0,12,0,12,35,47,0,12,0,12,0,12,60,47,41,47,0,12,0,12,0,12,0,12,0,12,0,12,1981,495,182,154,1981,495,27,41,128,117,180,110,0,12,1981,495,92,143,0,12,10,17,21,24,1858,478,0,12
"2800","060375323033","Block Group 3, Census Tract 5323.03, Los Angeles County, California",892,416,21,37,11,19,0,12,0,12,0,12,0,12,0,12,0,12,128,108,49,49,0,12,0,12,0,12,0,12,0,12,0,12,40,55,0,12,0,12,0,12,0,12,0,12,0,12,0,12,963,457,74,75,963,457,0,12,10,17,27,31,0,12,963,457,0,12,17,28,0,12,0,12,937,460,0,12
"2801","060375323032","Block Group 2, Census Tract 5323.03, Los Angeles County, California",2373,422,0,12,0,12,0,12,0,12,0,12,0,12,0,12,0,12,130,85,55,50,0,12,0,12,0,12,0,12,0,12,0,12,201,126,51,49,0,12,0,12,0,12,0,12,0,12,0,12,2523,468,478,220,2557,476,29,37,90,70,83,74,0,12,2557,476,37,78,0,12,18,26,59,42,2418,445,0,12
"2802","060375323031","Block Group 1, Census Tract 5323.03, Los Angeles County, California",1079,370,0,12,0,12,0,12,0,12,0,12,0,12,0,12,0,12,101,78,0,12,0,12,0,12,0,12,0,12,0,12,0,12,14,24,0,12,0,12,0,12,0,12,0,12,0,12,0,12,1079,370,76,57,1079,370,67,101,97,98,103,113,0,12,1079,370,0,12,0,12,0,12,8,15,1071,370,0,12
"2803","060375327002","Block Group 2, Census Tract 5327, Los Angeles County, California",1974,375,0,12,0,12,0,12,0,12,0,12,0,12,0,12,0,12,208,106,257,193,0,12,0,12,0,12,0,12,0,12,0,12,13,19,38,40,0,12,0,12,0,12,0,12,0,12,0,12,2141,419,640,275,2141,419,75,62,244,157,299,116,0,12,2141,419,11,16,0,12,125,107,20,23,1985,427,0,12
"2804","060375327001","Block Group 1, Census Tract 5327, Los Angeles County, California",1183,263,9,15,0,12,0,12,0,12,0,12,0,12,0,12,0,12,164,80,132,81,0,12,0,12,0,12,0,12,0,12,0,12,19,24,32,32,0,12,0,12,0,12,0,12,0,12,0,12,1276,286,321,195,1276,286,18,29,121,81,155,84,0,12,1276,286,0,12,0,12,52,61,14,25,1210,294,0,12
"2805","060375331031","Block Group 1, Census Tract 5331.03, Los Angeles County, California",1333,218,0,12,0,12,0,12,0,12,0,12,0,12,0,12,0,12,224,84,85,49,0,12,0,12,0,12,0,12,0,12,0,12,23,20,45,35,0,12,0,12,0,12,0,12,0,12,0,12,1506,237,542,199,1499,237,12,19,80,54,191,78,0,12,1506,237,0,12,0,12,0,12,54,56,1452,252,0,12
"2806","060375332032","Block Group 2, Census Tract 5332.03, Los Angeles County, California",1014,247,9,14,30,45,0,12,0,12,0,12,0,12,0,12,0,12,159,70,101,56,0,12,0,12,0,12,0,12,0,12,0,12,6,8,33,29,0,12,0,12,0,12,0,12,0,12,0,12,1082,242,186,135,1082,242,17,24,124,63,103,58,0,12,1082,242,4,6,0,12,0,12,0,12,1078,242,0,12
"2807","060375336023","Block Group 3, Census Tract 5336.02, Los Angeles County, California",508,231,0,12,0,12,0,12,0,12,0,12,0,12,0,12,0,12,121,80,33,46,0,12,0,12,0,12,0,12,0,12,12,17,0,12,6,14,0,12,0,12,0,12,0,12,0,12,0,12,643,298,389,264,643,298,0,12,113,65,124,106,0,12,643,298,44,62,0,12,0,12,64,75,535,285,0,12
"2808","060375336022","Block Group 2, Census Tract 5336.02, Los Angeles County, California",2619,421,27,33,0,12,0,12,0,12,0,12,0,12,0,12,0,12,218,97,155,96,0,12,0,12,0,12,0,12,0,12,0,12,55,63,92,106,0,12,0,12,0,12,0,12,0,12,0,12,2876,443,492,267,2876,443,62,73,237,135,242,131,66,101,2876,443,36,44,0,12,0,12,198,174,2482,423,13,21
"2809","060375354001","Block Group 1, Census Tract 5354, Los Angeles County, California",2031,520,8,12,0,12,0,12,0,12,0,12,0,12,0,12,0,12,217,115,189,108,0,12,0,12,0,12,0,12,0,12,0,12,28,39,63,62,0,12,0,12,0,12,0,12,0,12,0,12,2102,522,374,195,2131,524,70,93,189,161,135,103,0,12,2131,524,6,9,0,12,151,100,13,16,1961,540,0,12
"2810","060375356071","Block Group 1, Census Tract 5356.07, Los Angeles County, California",1467,383,0,12,0,12,0,12,0,12,0,12,0,12,0,12,0,12,167,96,30,33,0,12,0,12,0,12,0,12,0,12,0,12,82,86,45,50,0,12,0,12,0,12,0,12,0,12,0,12,1467,383,196,211,1467,383,9,14,32,32,102,59,0,12,1467,383,0,12,0,12,0,12,9,15,1458,383,0,12
"2811","060375356072","Block Group 2, Census Tract 5356.07, Los Angeles County, California",888,369,0,12,0,12,0,12,0,12,0,12,0,12,0,12,0,12,113,65,16,22,0,12,0,12,0,12,0,12,0,12,0,12,66,50,19,23,0,12,0,12,0,12,0,12,0,12,0,12,962,392,279,271,962,392,45,70,87,65,12,20,0,12,962,392,0,12,0,12,0,12,0,12,936,394,26,37
"2812","060375356074","Block Group 4, Census Tract 5356.07, Los Angeles County, California",1182,435,0,12,0,12,0,12,0,12,0,12,0,12,0,12,0,12,237,125,36,40,0,12,0,12,0,12,0,12,0,12,0,12,19,22,0,12,0,12,0,12,0,12,0,12,0,12,0,12,1265,452,35,45,1252,451,0,12,47,51,73,58,0,12,1265,452,0,12,0,12,0,12,9,14,1256,455,0,12
"2813","060375401014","Block Group 4, Census Tract 5401.01, Los Angeles County, California",2025,460,32,52,0,12,0,12,0,12,0,12,0,12,0,12,0,12,233,111,134,106,0,12,0,12,0,12,0,12,0,12,0,12,79,46,74,62,0,12,0,12,0,12,13,20,0,12,0,12,2156,511,44,63,2156,511,0,12,79,72,87,66,0,12,2156,511,0,12,67,106,82,87,35,56,1972,530,0,12
"2814","060374033042","Block Group 2, Census Tract 4033.04, Los Angeles County, California",2700,286,0,12,0,12,0,12,0,12,8,13,0,12,0,12,0,12,0,12,0,12,0,12,0,12,229,93,11,17,0,12,0,12,0,12,0,12,0,12,0,12,25,27,22,33,0,12,0,12,2771,296,89,83,2769,292,19,21,53,48,65,68,0,12,2777,296,2055,272,0,12,0,12,304,91,265,131,40,62
"2815","060374033163","Block Group 3, Census Tract 4033.16, Los Angeles County, California",1994,467,0,12,0,12,0,12,0,12,5,12,0,12,0,12,0,12,0,12,0,12,0,12,0,12,89,73,14,31,0,12,0,12,0,12,0,12,0,12,0,12,84,73,16,26,0,12,0,12,2108,473,18,30,2108,473,0,12,111,128,188,134,0,12,2108,473,1030,383,0,12,102,119,694,415,233,150,0,12
"2816","060374033162","Block Group 2, Census Tract 4033.16, Los Angeles County, California",2540,687,0,12,0,12,0,12,0,12,0,12,0,12,0,12,0,12,41,56,0,12,0,12,0,12,72,67,0,12,0,12,0,12,0,12,0,12,0,12,0,12,44,41,14,24,0,12,0,12,2833,802,277,254,2833,802,0,12,95,103,20,32,0,12,2833,802,1035,297,0,12,117,60,1166,813,485,240,0,12
"2817","060374033202","Block Group 2, Census Tract 4033.20, Los Angeles County, California",2176,268,0,12,0,12,0,12,0,12,0,12,0,12,0,12,0,12,0,12,0,12,0,12,0,12,105,52,17,20,0,12,0,12,16,25,0,12,0,12,0,12,49,34,11,17,0,12,0,12,2308,288,68,69,2308,288,0,12,0,12,14,21,0,12,2308,288,1623,273,0,12,123,79,273,131,289,138,0,12
"2818","060374034041","Block Group 1, Census Tract 4034.04, Los Angeles County, California",1096,209,0,12,0,12,0,12,0,12,0,12,0,12,0,12,0,12,0,12,10,15,0,12,0,12,93,45,73,73,0,12,0,12,0,12,0,12,0,12,0,12,63,47,53,37,0,12,0,12,1122,209,140,98,1122,209,0,12,0,12,76,45,7,12,1122,209,819,196,0,12,48,51,75,43,180,106,0,12
"2819","060374034042","Block Group 2, Census Tract 4034.04, Los Angeles County, California",1511,233,0,12,0,12,0,12,0,12,0,12,0,12,0,12,0,12,6,10,0,12,11,17,0,12,59,32,7,10,0,12,0,12,0,12,0,12,0,12,0,12,54,45,0,12,0,12,0,12,1523,233,40,29,1523,233,0,12,24,24,22,20,7,10,1523,233,931,203,0,12,78,62,283,117,181,77,0,12
"2820","060374038013","Block Group 3, Census Tract 4038.01, Los Angeles County, California",534,203,0,12,0,12,0,12,0,12,0,12,0,12,0,12,0,12,0,12,0,12,0,12,0,12,0,12,0,12,0,12,0,12,0,12,0,12,0,12,0,12,0,12,0,12,0,12,0,12,560,226,138,184,560,226,0,12,0,12,0,12,0,12,560,226,125,132,0,12,0,12,197,113,238,222,0,12
"2821","060374039023","Block Group 3, Census Tract 4039.02, Los Angeles County, California",1950,413,0,12,0,12,0,12,0,12,0,12,0,12,0,12,0,12,12,19,25,38,7,15,0,12,0,12,8,16,0,12,0,12,26,38,25,29,0,12,0,12,21,27,15,22,0,12,0,12,1722,372,49,54,1722,372,45,49,12,19,27,27,0,12,2060,477,199,138,0,12,73,48,1049,361,623,222,60,102
"2822","060374039022","Block Group 2, Census Tract 4039.02, Los Angeles County, California",813,315,0,12,0,12,0,12,0,12,0,12,0,12,0,12,0,12,0,12,0,12,0,12,0,12,0,12,0,12,0,12,0,12,0,12,0,12,0,12,0,12,0,12,0,12,0,12,0,12,811,309,13,21,821,314,0,12,0,12,0,12,0,12,821,314,42,67,0,12,0,12,406,127,373,285,0,12
"2823","060374043014","Block Group 4, Census Tract 4043.01, Los Angeles County, California",646,236,0,12,0,12,0,12,0,12,0,12,0,12,0,12,0,12,2,4,0,12,0,12,0,12,0,12,0,12,0,12,0,12,45,56,0,12,0,12,0,12,0,12,0,12,0,12,0,12,724,290,121,71,724,290,0,12,0,12,0,12,19,31,724,290,11,18,0,12,83,84,157,72,473,280,0,12
"2824","060374043011","Block Group 1, Census Tract 4043.01, Los Angeles County, California",1248,384,0,12,0,12,0,12,0,12,0,12,0,12,0,12,0,12,114,89,3,7,0,12,0,12,0,12,0,12,0,12,0,12,61,68,4,10,0,12,0,12,0,12,0,12,0,12,0,12,1325,412,227,161,1325,412,0,12,30,41,28,27,0,12,1325,412,74,71,0,12,0,12,62,71,1177,412,0,12
"2825","060374043013","Block Group 3, Census Tract 4043.01, Los Angeles County, California",1611,415,26,35,0,12,0,12,0,12,0,12,0,12,0,12,0,12,190,116,12,19,0,12,0,12,0,12,0,12,0,12,0,12,0,12,0,12,0,12,0,12,0,12,0,12,0,12,0,12,1763,465,259,218,1763,465,87,97,47,38,94,89,0,12,1763,465,52,54,0,12,0,12,76,53,1628,462,0,12
"2826","060374048031","Block Group 1, Census Tract 4048.03, Los Angeles County, California",1634,147,9,13,6,11,0,12,0,12,0,12,0,12,0,12,0,12,151,79,93,56,0,12,0,12,19,23,0,12,0,12,0,12,30,26,9,21,0,12,0,12,4,11,8,10,0,12,0,12,1640,118,46,35,1640,118,0,12,10,13,185,92,0,12,1719,149,175,103,4,7,0,12,209,123,1331,193,0,12
"2827","060374049032","Block Group 2, Census Tract 4049.03, Los Angeles County, California",1711,278,12,20,0,12,0,12,0,12,0,12,0,12,0,12,0,12,108,49,30,32,0,12,0,12,60,42,61,52,0,12,0,12,14,24,15,23,0,12,0,12,24,22,17,18,0,12,0,12,1785,290,177,124,1785,290,0,12,55,52,88,69,13,18,1785,290,620,163,0,12,0,12,30,30,1135,270,0,12
"2828","060371955001","Block Group 1, Census Tract 1955, Los Angeles County, California",1671,413,0,12,0,12,0,12,0,12,0,12,0,12,0,12,0,12,94,143,0,12,0,12,0,12,0,12,0,12,0,12,0,12,10,22,0,12,0,12,0,12,0,12,0,12,0,12,0,12,1802,460,32,37,1850,485,0,12,46,75,69,69,0,12,1850,485,187,130,0,12,0,12,1080,275,564,359,0,12
"2829","060371955004","Block Group 4, Census Tract 1955, Los Angeles County, California",500,179,0,12,0,12,0,12,0,12,0,12,0,12,0,12,0,12,0,12,0,12,0,12,0,12,0,12,0,12,0,12,0,12,0,12,0,12,0,12,0,12,87,114,0,12,0,12,0,12,538,200,136,126,538,200,0,12,0,12,0,12,0,12,538,200,163,148,0,12,17,27,311,177,16,26,0,12
"2830","060371955003","Block Group 3, Census Tract 1955, Los Angeles County, California",1107,361,0,12,0,12,0,12,0,12,0,12,0,12,0,12,0,12,31,57,30,54,0,12,0,12,0,12,0,12,0,12,0,12,15,24,0,12,0,12,0,12,0,12,0,12,0,12,0,12,1107,361,166,121,1107,361,0,12,38,57,78,88,0,12,1107,361,369,208,24,40,69,61,409,209,193,163,0,12
"2831","060374082121","Block Group 1, Census Tract 4082.12, Los Angeles County, California",2602,449,0,12,0,12,0,12,0,12,29,31,0,12,0,12,0,12,0,12,0,12,0,12,0,12,368,175,21,25,0,12,0,12,1,2,0,12,0,12,0,12,55,39,31,47,0,12,0,12,2824,463,182,131,2824,463,0,12,41,36,26,29,0,12,2829,463,1561,354,0,12,135,118,279,137,799,291,1,4
"2832","060371330001","Block Group 1, Census Tract 1330, Los Angeles County, California",1501,404,0,12,0,12,0,12,0,12,0,12,0,12,0,12,0,12,112,95,47,54,0,12,0,12,0,12,0,12,14,23,0,12,12,20,106,99,36,56,0,12,8,13,0,12,0,12,0,12,1666,451,100,99,1613,405,30,51,15,25,85,71,0,12,1666,451,149,105,0,12,0,12,606,319,869,553,0,12
"2833","060371330002","Block Group 2, Census Tract 1330, Los Angeles County, California",1792,352,0,12,0,12,0,12,0,12,0,12,0,12,0,12,0,12,143,113,0,12,10,17,0,12,0,12,0,12,0,12,0,12,30,35,46,59,5,10,0,12,0,12,18,26,0,12,0,12,1704,350,270,205,1704,350,137,104,109,73,226,208,0,12,1817,351,95,115,0,12,19,25,734,284,969,384,0,12
"2834","060371330003","Block Group 3, Census Tract 1330, Los Angeles County, California",1190,421,12,18,0,12,0,12,0,12,0,12,0,12,0,12,0,12,46,58,0,12,0,12,0,12,0,12,0,12,0,12,0,12,0,12,0,12,12,20,0,12,0,12,0,12,0,12,0,12,1295,475,453,389,1295,475,0,12,0,12,12,17,0,12,1295,475,217,252,0,12,7,12,428,183,630,435,0,12
"2835","060371341011","Block Group 1, Census Tract 1341.01, Los Angeles County, California",2780,622,0,12,0,12,0,12,0,12,0,12,0,12,0,12,0,12,331,168,261,148,0,12,0,12,44,75,14,23,0,12,0,12,45,58,56,91,0,12,0,12,7,11,7,11,0,12,0,12,3136,675,653,443,3136,675,115,177,236,170,116,73,0,12,3136,675,483,244,0,12,42,46,496,189,1808,663,0,12
"2836","060371341012","Block Group 2, Census Tract 1341.01, Los Angeles County, California",2222,378,0,12,0,12,0,12,0,12,0,12,0,12,0,12,0,12,100,69,33,40,28,35,0,12,98,53,7,12,0,12,0,12,11,18,15,24,15,25,8,13,59,38,9,14,0,12,0,12,2431,457,220,114,2443,459,9,15,155,88,93,53,0,12,2443,459,671,153,0,12,97,94,559,193,1062,437,0,12
"2837","060374807041","Block Group 1, Census Tract 4807.04, Los Angeles County, California",1484,252,0,12,0,12,0,12,0,12,0,12,0,12,0,12,0,12,0,12,0,12,0,12,0,12,49,40,0,12,0,12,0,12,8,14,0,12,0,12,0,12,0,12,29,33,0,12,0,12,1575,267,196,153,1575,267,9,14,0,12,65,63,0,12,1575,267,475,167,0,12,10,15,601,192,256,134,0,12
"2838","060374807042","Block Group 2, Census Tract 4807.04, Los Angeles County, California",2885,310,10,15,0,12,0,12,0,12,9,14,15,25,0,12,0,12,0,12,0,12,0,12,0,12,75,45,29,36,0,12,0,12,0,12,9,14,0,12,0,12,10,15,0,12,0,12,0,12,3044,342,389,205,3044,342,7,11,65,57,70,49,0,12,3044,342,1023,281,0,12,35,39,1066,233,688,184,44,70
"2839","060374808032","Block Group 2, Census Tract 4808.03, Los Angeles County, California",960,252,0,12,0,12,0,12,0,12,0,12,0,12,0,12,0,12,61,48,0,12,0,12,0,12,0,12,0,12,0,12,0,12,42,39,0,12,0,12,0,12,48,32,0,12,0,12,0,12,945,255,275,206,945,255,0,12,6,9,6,10,0,12,960,252,165,78,0,12,0,12,57,60,588,237,0,12
"2840","060374808034","Block Group 4, Census Tract 4808.03, Los Angeles County, California",744,191,0,12,0,12,0,12,0,12,0,12,0,12,0,12,0,12,10,15,0,12,0,12,0,12,9,14,0,12,0,12,0,12,25,33,0,12,0,12,0,12,0,12,0,12,0,12,0,12,816,230,90,89,806,228,0,12,22,25,11,17,0,12,816,230,83,54,0,12,29,45,78,59,621,224,0,12
"2841","060374808033","Block Group 3, Census Tract 4808.03, Los Angeles County, California",890,231,0,12,0,12,0,12,0,12,0,12,0,12,0,12,0,12,18,29,0,12,0,12,0,12,28,42,0,12,0,12,0,12,37,46,0,12,0,12,0,12,0,12,0,12,0,12,0,12,959,252,67,54,959,252,0,12,5,13,21,40,0,12,959,252,310,172,0,12,0,12,84,45,554,236,11,17
"2842","060374812012","Block Group 2, Census Tract 4812.01, Los Angeles County, California",1425,311,0,12,0,12,0,12,0,12,0,12,0,12,0,12,0,12,50,63,8,13,0,12,0,12,77,41,88,84,0,12,0,12,0,12,0,12,0,12,0,12,15,23,33,34,0,12,0,12,1444,304,141,92,1466,308,0,12,37,46,17,19,0,12,1466,308,1025,268,0,12,0,12,67,50,367,186,0,12
"2843","060374812013","Block Group 3, Census Tract 4812.01, Los Angeles County, California",1632,369,0,12,0,12,0,12,0,12,0,12,0,12,0,12,0,12,141,151,0,12,0,12,0,12,226,118,9,15,0,12,0,12,0,12,0,12,0,12,0,12,32,23,17,14,0,12,0,12,1731,389,165,116,1718,390,138,109,54,61,112,81,0,12,1731,389,966,251,0,12,13,19,77,100,656,335,0,12
"2844","060374825212","Block Group 2, Census Tract 4825.21, Los Angeles County, California",1438,320,0,12,0,12,0,12,0,12,0,12,0,12,0,12,0,12,21,24,0,12,0,12,23,38,132,81,31,36,0,12,0,12,0,12,8,18,0,12,8,17,62,47,85,101,0,12,0,12,1298,347,177,155,1321,352,23,37,26,22,77,83,0,12,1540,372,1087,382,0,12,14,18,184,103,232,116,0,12
"2845","060374825213","Block Group 3, Census Tract 4825.21, Los Angeles County, California",2470,368,0,12,0,12,0,12,0,12,0,12,0,12,0,12,0,12,78,85,23,35,0,12,0,12,273,115,74,55,0,12,0,12,15,17,0,12,0,12,0,12,37,35,127,115,0,12,0,12,2515,362,285,198,2515,362,18,29,72,59,104,73,0,12,2568,381,1338,303,0,12,16,20,107,84,1076,257,10,17
"2846","060375023011","Block Group 1, Census Tract 5023.01, Los Angeles County, California",1178,429,0,12,0,12,0,12,0,12,0,12,0,12,0,12,0,12,0,12,0,12,0,12,0,12,0,12,0,12,0,12,0,12,43,52,0,12,0,12,0,12,0,12,0,12,0,12,0,12,1254,463,56,111,1254,463,0,12,0,12,98,104,0,12,1254,463,0,12,0,12,0,12,69,117,1183,457,0,12
"2847","060375023015","Block Group 5, Census Tract 5023.01, Los Angeles County, California",724,270,0,12,0,12,0,12,0,12,0,12,0,12,0,12,0,12,34,46,0,12,0,12,0,12,0,12,0,12,0,12,0,12,19,33,0,12,0,12,0,12,0,12,0,12,0,12,0,12,809,313,107,128,809,313,0,12,56,83,34,46,0,12,809,313,0,12,0,12,0,12,56,62,753,324,0,12
"2848","060375023012","Block Group 2, Census Tract 5023.01, Los Angeles County, California",809,396,0,12,0,12,0,12,0,12,0,12,0,12,0,12,0,12,183,131,61,68,0,12,0,12,0,12,0,12,0,12,0,12,0,12,0,12,0,12,0,12,0,12,0,12,0,12,0,12,809,396,104,107,809,396,0,12,61,68,58,60,0,12,809,396,0,12,0,12,0,12,6,10,803,396,0,12
"2849","060373006004","Block Group 4, Census Tract 3006, Los Angeles County, California",1866,441,0,12,0,12,0,12,0,12,0,12,0,12,0,12,0,12,0,12,8,19,0,12,0,12,0,12,0,12,0,12,0,12,9,19,0,12,29,46,15,23,0,12,0,12,0,12,0,12,1765,443,183,163,1765,443,0,12,54,69,12,23,0,12,1896,446,93,63,24,38,18,19,1377,356,384,220,0,12
"2850","060373006002","Block Group 2, Census Tract 3006, Los Angeles County, California",625,220,0,12,0,12,0,12,0,12,0,12,0,12,0,12,0,12,0,12,0,12,0,12,0,12,0,12,0,12,0,12,0,12,0,12,0,12,0,12,0,12,0,12,0,12,0,12,0,12,699,267,132,100,699,267,0,12,0,12,68,87,0,12,699,267,211,233,0,12,0,12,412,169,44,74,0,12
"2851","060373006005","Block Group 5, Census Tract 3006, Los Angeles County, California",2727,658,0,12,0,12,0,12,0,12,0,12,0,12,0,12,0,12,34,53,0,12,47,45,0,12,250,166,0,12,0,12,0,12,4,8,6,8,16,20,6,11,0,12,4,7,0,12,26,40,2706,668,56,60,2706,668,0,12,64,61,116,89,0,12,2792,677,1324,550,22,35,3,8,890,320,553,410,0,12
"2852","060373009011","Block Group 1, Census Tract 3009.01, Los Angeles County, California",1347,436,0,12,0,12,22,36,0,12,0,12,0,12,0,12,0,12,0,12,0,12,24,43,0,12,0,12,0,12,0,12,0,12,0,12,0,12,21,35,55,76,0,12,0,12,0,12,0,12,1456,471,52,60,1456,471,0,12,0,12,126,163,0,12,1456,471,269,186,0,12,0,12,1108,412,44,48,0,12
"2853","060373009012","Block Group 2, Census Tract 3009.01, Los Angeles County, California",1869,506,0,12,0,12,0,12,0,12,0,12,0,12,0,12,0,12,0,12,0,12,0,12,0,12,0,12,44,68,0,12,0,12,0,12,0,12,0,12,0,12,17,31,42,66,0,12,0,12,2071,637,0,12,2071,637,0,12,0,12,137,121,0,12,2071,637,564,393,0,12,48,75,1102,474,160,149,0,12
"2854","060374050022","Block Group 2, Census Tract 4050.02, Los Angeles County, California",958,200,0,12,0,12,0,12,0,12,0,12,0,12,0,12,0,12,53,36,17,20,0,12,0,12,33,27,38,30,0,12,0,12,5,8,44,48,0,12,0,12,0,12,42,27,0,12,0,12,995,202,112,86,1000,204,0,12,14,17,18,19,0,12,1000,204,343,86,0,12,13,19,52,63,592,197,0,12
"2855","060374058001","Block Group 1, Census Tract 4058, Los Angeles County, California",1748,379,0,12,0,12,0,12,0,12,0,12,0,12,0,12,0,12,30,49,13,19,0,12,0,12,46,47,29,59,0,12,0,12,12,19,86,115,0,12,0,12,0,12,5,12,0,12,0,12,1792,387,105,69,1792,387,0,12,45,61,28,39,0,12,1792,387,207,147,0,12,57,66,392,184,919,361,0,12
"2856","060371174081","Block Group 1, Census Tract 1174.08, Los Angeles County, California",2665,260,6,9,14,21,0,12,0,12,0,12,0,12,0,12,0,12,240,80,247,93,10,14,30,41,26,41,0,12,9,17,0,12,56,43,27,23,0,12,10,15,0,12,0,12,0,12,0,12,3073,278,1112,307,3073,278,86,47,147,68,333,95,0,12,3073,278,333,174,0,12,145,122,116,55,2455,254,0,12
"2857","060371174071","Block Group 1, Census Tract 1174.07, Los Angeles County, California",3420,248,33,36,0,12,0,12,0,12,0,12,0,12,0,12,0,12,589,114,400,109,22,33,0,12,12,16,5,7,0,12,0,12,36,28,27,32,0,12,0,12,0,12,0,12,0,12,0,12,3836,303,1463,347,3836,303,82,80,163,73,512,147,10,15,3836,303,90,84,0,12,49,43,17,15,3662,323,0,12
"2858","060371172011","Block Group 1, Census Tract 1172.01, Los Angeles County, California",3418,436,0,12,0,12,0,12,0,12,0,12,0,12,10,17,0,12,234,110,60,53,0,12,0,12,19,31,0,12,21,33,0,12,0,12,37,47,12,19,12,25,73,54,42,44,0,12,0,12,3819,487,815,398,3819,487,8,15,309,161,211,131,0,12,3819,487,427,216,0,12,110,92,248,130,2760,469,0,12
"2859","060371172012","Block Group 2, Census Tract 1172.01, Los Angeles County, California",1322,456,6,12,0,12,0,12,0,12,0,12,0,12,0,12,0,12,44,42,15,24,0,12,0,12,8,14,0,12,0,12,0,12,0,12,39,42,0,12,0,12,0,12,0,12,0,12,0,12,1246,443,309,245,1246,443,0,12,17,30,46,56,24,37,1372,472,246,149,0,12,180,229,208,99,738,336,0,12
"2860","060371171021","Block Group 1, Census Tract 1171.02, Los Angeles County, California",1205,223,5,8,15,20,0,12,0,12,0,12,0,12,0,12,0,12,81,69,50,57,0,12,0,12,31,29,0,12,0,12,0,12,6,10,0,12,0,12,0,12,23,28,0,12,0,12,0,12,1266,230,71,59,1287,243,62,68,31,36,96,92,0,12,1287,243,192,117,0,12,0,12,176,63,919,227,0,12
"2861","060371171022","Block Group 2, Census Tract 1171.02, Los Angeles County, California",1456,260,22,17,0,12,0,12,0,12,0,12,0,12,0,12,0,12,186,98,26,28,0,12,5,9,0,12,0,12,0,12,0,12,53,34,11,18,5,7,0,12,12,19,0,12,0,12,0,12,1547,296,187,110,1568,316,21,31,78,63,39,27,0,12,1574,317,139,107,0,12,59,44,461,154,859,292,5,7
"2862","060371171011","Block Group 1, Census Tract 1171.01, Los Angeles County, California",1749,346,0,12,0,12,0,12,0,12,0,12,0,12,0,12,0,12,30,37,0,12,0,12,0,12,32,30,21,33,0,12,0,12,0,12,8,13,40,60,0,12,0,12,0,12,0,12,0,12,1828,357,69,49,1828,357,13,19,18,27,51,56,0,12,1828,357,937,343,0,12,80,72,222,148,509,178,0,12
"2863","060371314001","Block Group 1, Census Tract 1314, Los Angeles County, California",3390,494,0,12,0,12,0,12,0,12,0,12,27,39,0,12,0,12,115,81,19,26,22,36,0,12,50,53,0,12,0,12,0,12,0,12,0,12,0,12,16,30,9,15,16,26,0,12,0,12,3530,534,271,216,3530,534,0,12,115,81,266,117,0,12,3570,539,534,251,20,31,116,81,1009,411,1698,479,0,12
"2864","060371319002","Block Group 2, Census Tract 1319, Los Angeles County, California",768,247,28,31,0,12,0,12,0,12,0,12,0,12,0,12,0,12,0,12,9,23,0,12,0,12,12,20,0,12,0,12,0,12,0,12,24,36,0,12,0,12,0,12,0,12,0,12,0,12,830,269,30,37,830,269,8,17,0,12,0,12,0,12,830,269,32,35,0,12,15,22,422,142,338,259,0,12
"2865","060379200401","Block Group 1, Census Tract 9200.40, Los Angeles County, California",3681,323,0,12,0,12,0,12,0,12,0,12,0,12,0,12,0,12,39,32,19,29,0,12,0,12,9,16,0,12,8,13,0,12,0,12,15,23,0,12,0,12,15,25,0,12,0,12,57,81,3975,339,163,104,3976,341,32,26,83,59,108,64,0,12,3979,341,482,141,0,12,201,147,1867,245,1271,252,0,12
"2866","060379200431","Block Group 1, Census Tract 9200.43, Los Angeles County, California",6415,333,0,17,0,17,0,17,0,17,0,17,0,17,0,17,0,17,30,33,17,27,13,21,0,17,47,45,0,17,10,17,0,17,9,15,0,17,12,20,14,22,36,30,12,21,0,17,0,17,7090,369,319,141,7130,365,67,52,75,63,112,79,0,17,7130,365,1867,250,0,17,330,129,2761,341,1829,351,0,17
"2867","060379201041","Block Group 1, Census Tract 9201.04, Los Angeles County, California",2777,139,11,15,0,12,0,12,0,12,0,12,0,12,0,12,0,12,14,21,0,12,0,12,0,12,0,12,0,12,0,12,5,9,14,20,0,12,0,12,0,12,0,12,6,10,0,12,0,12,2927,144,66,45,2933,144,0,12,24,23,43,29,0,12,2933,144,101,62,11,17,31,28,1850,128,751,73,0,12
"2868","060375348022","Block Group 2, Census Tract 5348.02, Los Angeles County, California",1074,300,0,12,0,12,0,12,0,12,0,12,0,12,0,12,0,12,172,72,139,84,0,12,0,12,0,12,0,12,0,12,0,12,24,25,24,21,6,9,0,12,0,12,0,12,0,12,0,12,1150,304,259,159,1150,304,24,24,70,48,81,41,0,12,1150,304,0,12,0,12,0,12,31,20,1119,303,0,12
"2869","060375348021","Block Group 1, Census Tract 5348.02, Los Angeles County, California",1964,301,23,28,0,12,0,12,0,12,0,12,0,12,0,12,0,12,204,102,50,43,0,12,0,12,0,12,0,12,0,12,0,12,22,24,61,52,0,12,0,12,0,12,0,12,0,12,0,12,1986,306,224,188,1986,306,0,12,104,74,104,61,0,12,1986,306,0,12,0,12,6,10,10,17,1941,310,0,12
"2870","060375348042","Block Group 2, Census Tract 5348.04, Los Angeles County, California",1278,239,0,12,0,12,0,12,0,12,0,12,0,12,0,12,0,12,141,72,71,42,0,12,0,12,0,12,0,12,0,12,0,12,76,44,77,47,0,12,0,12,0,12,0,12,0,12,0,12,1357,258,225,146,1387,274,19,17,37,33,94,48,0,12,1387,274,20,31,0,12,0,12,19,16,1348,276,0,12
"2871","060375348041","Block Group 1, Census Tract 5348.04, Los Angeles County, California",2227,350,0,12,0,12,0,12,0,12,0,12,0,12,0,12,0,12,367,124,236,89,0,12,0,12,0,12,0,12,0,12,0,12,70,59,54,44,0,12,0,12,0,12,0,12,0,12,0,12,2316,370,504,240,2349,384,14,19,143,84,210,98,13,20,2349,384,13,20,0,12,0,12,0,12,2332,383,0,12
"2872","060375352003","Block Group 3, Census Tract 5352, Los Angeles County, California",1683,476,11,16,0,12,0,12,0,12,0,12,0,12,0,12,0,12,113,87,83,70,0,12,0,12,0,12,0,12,0,12,0,12,19,30,0,12,0,12,0,12,0,12,0,12,0,12,0,12,1766,499,254,176,1799,511,99,86,46,54,251,161,0,12,1799,511,0,12,0,12,473,160,0,12,1293,463,0,12
"2873","060375352001","Block Group 1, Census Tract 5352, Los Angeles County, California",2081,666,0,12,0,12,0,12,0,12,0,12,0,12,0,12,0,12,255,94,364,264,0,12,0,12,0,12,0,12,0,12,0,12,0,12,47,48,0,12,0,12,0,12,0,12,0,12,0,12,2269,713,332,190,2304,726,21,35,84,67,293,195,0,12,2304,726,0,12,0,12,53,82,0,12,2251,735,0,12
"2874","060375352002","Block Group 2, Census Tract 5352, Los Angeles County, California",1878,552,12,22,0,12,0,12,0,12,0,12,0,12,0,12,0,12,122,64,118,80,0,12,0,12,0,12,0,12,0,12,0,12,40,34,57,40,0,12,0,12,0,12,0,12,0,12,0,12,2008,586,591,370,2008,586,39,51,172,137,175,90,19,24,2008,586,0,12,0,12,144,145,9,8,1842,587,0,12
"2875","060375353003","Block Group 3, Census Tract 5353, Los Angeles County, California",1748,426,19,29,0,12,0,12,0,12,0,12,0,12,0,12,0,12,242,122,80,63,0,12,0,12,0,12,0,12,0,12,0,12,21,26,122,93,0,12,0,12,0,12,0,12,0,12,0,12,1937,449,686,323,1937,449,18,27,103,85,50,58,23,35,1937,449,0,12,0,12,132,135,0,12,1805,443,0,12
"2876","060375353004","Block Group 4, Census Tract 5353, Los Angeles County, California",1065,279,0,12,0,12,0,12,0,12,0,12,0,12,0,12,0,12,114,78,135,78,0,12,0,12,0,12,0,12,0,12,0,12,0,12,42,52,0,12,0,12,0,12,0,12,0,12,0,12,1126,304,91,49,1142,310,9,14,65,62,238,122,0,12,1142,310,0,12,0,12,9,14,0,12,1133,313,0,12
"2877","060375353002","Block Group 2, Census Tract 5353, Los Angeles County, California",506,183,0,12,0,12,0,12,0,12,0,12,0,12,0,12,0,12,95,58,9,13,0,12,0,12,0,12,0,12,0,12,0,12,0,12,0,12,0,12,0,12,0,12,0,12,0,12,0,12,506,183,243,145,506,183,0,12,43,35,106,58,0,12,506,183,0,12,0,12,0,12,0,12,506,183,0,12
"2878","060375353005","Block Group 5, Census Tract 5353, Los Angeles County, California",1282,441,0,12,18,30,0,12,0,12,0,12,0,12,0,12,0,12,142,92,163,126,0,12,0,12,0,12,0,12,0,12,0,12,31,46,0,12,0,12,0,12,0,12,0,12,0,12,0,12,1489,511,1032,499,1489,511,72,58,68,66,170,110,0,12,1489,511,0,12,0,12,133,161,0,12,1356,498,0,12
"2879","060375357021","Block Group 1, Census Tract 5357.02, Los Angeles County, California",1128,333,10,21,0,12,0,12,0,12,0,12,0,12,0,12,0,12,79,53,60,47,0,12,0,12,0,12,0,12,0,12,0,12,14,17,0,12,0,12,0,12,0,12,0,12,0,12,0,12,1257,401,37,38,1264,403,0,12,33,35,40,37,0,12,1264,403,0,12,0,12,0,12,0,12,1255,403,0,12
"2880","060375357023","Block Group 3, Census Tract 5357.02, Los Angeles County, California",1040,352,0,12,0,12,0,12,0,12,0,12,0,12,0,12,0,12,211,120,67,53,0,12,0,12,0,12,0,12,0,12,0,12,19,21,72,62,8,13,0,12,0,12,0,12,0,12,0,12,1108,404,174,254,1108,404,11,17,96,110,191,141,0,12,1108,404,0,12,0,12,0,12,133,119,975,388,0,12
"2881","060375357022","Block Group 2, Census Tract 5357.02, Los Angeles County, California",1048,401,17,28,0,12,0,12,0,12,0,12,0,12,0,12,0,12,57,43,126,125,0,12,0,12,0,12,0,12,0,12,0,12,25,27,0,12,0,12,0,12,0,12,0,12,0,12,0,12,1072,409,282,279,1072,409,66,104,34,56,125,112,0,12,1072,409,9,14,0,12,0,12,13,20,1050,417,0,12
"2882","060375358031","Block Group 1, Census Tract 5358.03, Los Angeles County, California",1626,363,0,12,0,12,0,12,0,12,0,12,0,12,0,12,0,12,328,162,135,82,0,12,0,12,0,12,0,12,0,12,0,12,47,50,25,31,0,12,0,12,0,12,0,12,0,12,0,12,1871,409,333,283,1871,409,18,28,30,48,117,97,0,12,1871,409,0,12,0,12,0,12,10,14,1861,410,0,12
"2883","060375359012","Block Group 2, Census Tract 5359.01, Los Angeles County, California",1440,392,0,12,0,12,0,12,0,12,0,12,0,12,0,12,0,12,138,120,101,88,0,12,0,12,0,12,0,12,0,12,0,12,16,20,89,74,0,12,0,12,0,12,0,12,0,12,0,12,1478,419,322,213,1478,419,23,31,12,25,108,73,0,12,1478,419,0,12,0,12,0,12,0,12,1478,419,0,12
"2884","060371909013","Block Group 3, Census Tract 1909.01, Los Angeles County, California",1125,266,0,12,0,12,0,12,0,12,0,12,0,12,0,12,0,12,139,108,76,66,129,125,9,19,0,12,0,12,0,12,0,12,56,66,0,12,8,12,0,12,0,12,0,12,0,12,0,12,1195,284,440,195,1195,284,0,12,0,12,56,54,0,12,1195,284,0,12,0,12,187,92,248,141,660,289,0,12
"2885","060371909011","Block Group 1, Census Tract 1909.01, Los Angeles County, California",456,175,0,12,0,12,0,12,0,12,0,12,0,12,0,12,0,12,96,112,66,64,0,12,0,12,0,12,0,12,0,12,0,12,55,68,0,12,0,12,0,12,0,12,0,12,0,12,0,12,494,201,209,137,494,201,0,12,9,14,57,50,9,15,494,201,0,12,0,12,10,16,44,34,440,196,0,12
"2886","060371912032","Block Group 2, Census Tract 1912.03, Los Angeles County, California",458,173,0,12,0,12,0,12,0,12,0,12,0,12,0,12,0,12,0,12,0,12,18,28,0,12,36,40,0,12,0,12,0,12,11,18,0,12,0,12,0,12,0,12,0,12,8,12,0,12,472,177,76,46,472,177,0,12,30,36,31,36,0,12,472,177,161,132,0,12,0,12,220,129,91,66,0,12
"2887","060371912031","Block Group 1, Census Tract 1912.03, Los Angeles County, California",1880,272,0,12,0,12,0,12,0,12,0,12,0,12,0,12,0,12,90,65,41,46,76,94,0,12,55,73,0,12,0,12,0,12,0,12,28,37,0,12,0,12,33,54,0,12,0,12,0,12,1911,293,728,308,1911,293,32,40,146,88,231,127,25,35,1911,293,524,209,0,12,101,69,297,143,938,277,0,12
"2888","060371916101","Block Group 1, Census Tract 1916.10, Los Angeles County, California",2120,390,33,49,0,12,0,12,0,12,0,12,0,12,0,12,0,12,261,78,84,75,28,42,28,42,0,12,0,12,0,12,0,12,89,55,78,65,0,12,0,12,0,12,0,12,0,12,0,12,2197,398,632,316,2197,398,32,30,186,151,183,92,13,22,2197,398,473,229,0,12,106,77,374,164,1244,358,0,12
"2889","060371918101","Block Group 1, Census Tract 1918.10, Los Angeles County, California",959,310,0,12,0,12,0,12,0,12,0,12,0,12,0,12,0,12,201,122,173,174,0,12,0,12,0,12,0,12,0,12,0,12,0,12,12,19,0,12,0,12,0,12,0,12,0,12,0,12,1062,355,367,297,1062,355,39,38,21,23,247,169,12,19,1062,355,19,22,0,12,15,27,67,52,937,363,0,12
"2890","060371905201","Block Group 1, Census Tract 1905.20, Los Angeles County, California",992,270,0,12,0,12,0,12,0,12,0,12,0,12,0,12,0,12,28,40,37,47,92,85,22,31,35,40,7,11,28,40,0,12,12,20,89,80,0,12,0,12,36,46,0,12,0,12,0,12,1003,273,246,124,1003,273,0,12,24,24,85,67,0,12,1003,273,122,107,0,12,26,34,376,135,432,255,0,12
"2891","060375522002","Block Group 2, Census Tract 5522, Los Angeles County, California",2710,514,0,12,0,12,0,12,0,12,0,12,0,12,0,12,0,12,158,88,65,62,14,21,0,12,7,11,0,12,0,12,0,12,90,62,0,12,0,12,0,12,0,12,0,12,0,12,0,12,3017,528,467,211,3017,528,0,12,200,98,155,82,0,12,3017,528,190,136,0,12,95,100,195,127,2460,537,27,30
"2892","060375532005","Block Group 5, Census Tract 5532, Los Angeles County, California",1673,419,0,12,0,12,0,12,0,12,0,12,0,12,0,12,0,12,55,46,39,47,0,12,0,12,3,9,0,12,0,12,0,12,0,12,0,12,0,12,0,12,33,51,0,12,0,12,0,12,1757,446,152,165,1757,446,12,18,22,24,89,71,0,12,1757,446,249,260,0,12,48,51,270,118,1137,393,10,14
"2893","060374058002","Block Group 2, Census Tract 4058, Los Angeles County, California",1570,382,0,12,14,21,0,12,0,12,0,12,0,12,0,12,0,12,111,145,0,12,1,6,0,12,71,69,11,17,0,12,0,12,0,12,28,33,0,12,0,12,14,19,10,16,0,12,0,12,1639,396,62,51,1655,399,21,32,27,27,149,142,0,12,1655,399,242,121,0,12,9,13,152,90,1156,388,0,12
"2894","060374064023","Block Group 3, Census Tract 4064.02, Los Angeles County, California",493,128,0,12,0,12,0,12,0,12,0,12,0,12,0,12,0,12,0,12,2,10,0,12,0,12,16,21,0,12,0,12,0,12,2,5,0,12,0,12,0,12,1,4,0,12,0,12,0,12,526,143,22,22,526,143,0,12,17,23,0,12,0,12,526,143,91,66,0,12,4,7,197,134,228,89,0,12
"2895","060374064021","Block Group 1, Census Tract 4064.02, Los Angeles County, California",966,175,0,12,0,12,0,12,0,12,0,12,0,12,0,12,0,12,0,12,0,12,0,12,0,12,0,12,0,12,0,12,0,12,0,12,34,54,0,12,21,30,14,17,0,12,0,12,0,12,1011,184,13,16,1011,184,0,12,1,4,0,12,21,30,1011,184,56,41,0,12,25,27,316,155,556,130,0,12
"2896","060374068001","Block Group 1, Census Tract 4068, Los Angeles County, California",1270,330,0,12,0,12,0,12,0,12,0,12,0,12,0,12,0,12,8,13,28,43,0,12,0,12,7,13,13,18,0,12,0,12,10,16,6,11,0,12,3,7,9,15,4,7,0,12,0,12,1223,337,61,83,1223,337,0,12,32,39,94,79,0,12,1344,357,260,201,41,67,16,14,156,88,828,324,0,12
"2897","060375420003","Block Group 3, Census Tract 5420, Los Angeles County, California",1483,358,10,17,0,12,0,12,0,12,0,12,0,12,0,12,0,12,94,68,41,53,0,12,0,12,0,12,0,12,0,12,0,12,49,45,35,33,0,12,0,12,0,12,0,12,0,12,0,12,1619,421,226,174,1619,421,0,12,19,30,40,48,17,27,1619,421,0,12,0,12,540,282,81,120,998,301,0,12
"2898","060375420002","Block Group 2, Census Tract 5420, Los Angeles County, California",1630,422,0,12,0,12,0,12,0,12,0,12,0,12,0,12,0,12,202,143,217,169,0,12,0,12,0,12,0,12,0,12,0,12,51,55,0,12,0,12,0,12,0,12,0,12,0,12,0,12,1780,474,163,169,1780,474,29,46,246,144,132,92,28,44,1780,474,0,12,0,12,133,186,0,12,1647,490,0,12
"2899","060372291001","Block Group 1, Census Tract 2291, Los Angeles County, California",2880,478,0,12,0,12,0,12,0,12,0,12,0,12,0,12,0,12,386,125,409,183,0,12,0,12,0,12,0,12,0,12,0,12,19,21,122,68,0,12,0,12,0,12,0,12,0,12,0,12,3095,514,784,302,3089,513,81,62,368,144,357,146,17,24,3095,514,0,12,0,12,202,141,10,16,2883,521,0,12
"2900","060372291002","Block Group 2, Census Tract 2291, Los Angeles County, California",1837,393,7,11,0,12,0,12,0,12,0,12,0,12,0,12,0,12,284,96,273,116,0,12,0,12,0,12,0,12,0,12,0,12,0,12,33,34,0,12,0,12,0,12,0,12,0,12,0,12,2040,427,543,235,2051,430,13,20,115,63,261,133,0,12,2051,430,0,12,0,12,223,188,5,7,1808,440,0,12
"2901","060372711003","Block Group 3, Census Tract 2711, Los Angeles County, California",759,174,0,12,0,12,0,12,0,12,0,12,0,12,0,12,0,12,0,12,0,12,0,12,0,12,7,12,0,12,0,12,0,12,31,37,0,12,9,13,0,12,0,12,0,12,6,10,0,12,781,168,109,72,781,168,0,12,45,52,18,20,5,7,797,182,191,80,0,12,30,26,362,135,201,96,0,12
"2902","060372711001","Block Group 1, Census Tract 2711, Los Angeles County, California",770,180,0,12,0,12,0,12,0,12,0,12,0,12,0,12,0,12,0,12,0,12,0,12,0,12,0,12,0,12,0,12,0,12,0,12,0,12,0,12,6,9,0,12,0,12,0,12,0,12,857,186,45,31,877,195,12,16,10,16,18,14,7,10,877,195,203,136,0,12,2,4,570,147,102,94,0,12
"2903","060372753112","Block Group 2, Census Tract 2753.11, Los Angeles County, California",1501,436,0,12,0,12,0,12,0,12,0,12,0,12,0,12,0,12,0,12,0,12,0,12,0,12,0,12,0,12,0,12,0,12,13,22,0,12,0,12,0,12,0,12,0,12,0,12,0,12,1532,446,177,123,1532,446,0,12,40,61,207,230,0,12,1532,446,236,146,0,12,27,41,683,271,484,337,0,12
"2904","060372753113","Block Group 3, Census Tract 2753.11, Los Angeles County, California",1320,472,0,12,0,12,0,12,0,12,0,12,0,12,0,12,0,12,0,12,0,12,0,12,0,12,13,22,0,12,0,12,0,12,49,72,0,12,0,12,0,12,29,46,0,12,0,12,0,12,1406,552,14,23,1406,552,40,53,34,39,57,70,0,12,1406,552,219,111,0,12,119,99,427,195,572,507,0,12
"2905","060374057021","Block Group 1, Census Tract 4057.02, Los Angeles County, California",2346,366,0,12,0,12,0,12,0,12,0,12,0,12,0,12,0,12,160,83,0,12,0,12,0,12,47,46,6,12,0,12,0,12,21,33,41,46,0,12,0,12,30,31,23,34,0,12,0,12,2483,379,94,83,2483,379,0,12,0,12,83,83,62,75,2483,379,462,295,0,12,76,92,229,108,1609,411,0,12
"2906","060374057013","Block Group 3, Census Tract 4057.01, Los Angeles County, California",1823,482,0,12,0,12,0,12,0,12,0,12,0,12,0,12,0,12,130,93,0,12,0,12,0,12,0,12,0,12,0,12,0,12,38,31,0,12,0,12,0,12,0,12,0,12,0,12,0,12,2004,546,7,11,2011,547,0,12,125,99,99,92,0,12,2011,547,212,164,0,12,0,12,172,104,1611,501,0,12
"2907","060374057012","Block Group 2, Census Tract 4057.01, Los Angeles County, California",810,311,0,12,0,12,0,12,0,12,0,12,0,12,0,12,0,12,8,14,0,12,0,12,0,12,10,15,0,12,0,12,0,12,28,43,0,12,0,12,0,12,0,12,0,12,0,12,0,12,837,322,38,62,837,322,0,12,28,36,21,26,0,12,837,322,218,259,0,12,0,12,94,59,525,193,0,12
"2908","060374053022","Block Group 2, Census Tract 4053.02, Los Angeles County, California",1357,460,29,46,0,12,0,12,0,12,0,12,0,12,0,12,0,12,174,130,0,12,0,12,0,12,13,21,0,12,0,12,0,12,35,50,0,12,0,12,0,12,0,12,0,12,0,12,0,12,1516,505,461,450,1516,505,48,58,27,42,39,61,0,12,1516,505,127,98,0,12,9,13,112,82,1239,509,0,12
"2909","060374053023","Block Group 3, Census Tract 4053.02, Los Angeles County, California",939,422,0,12,0,12,0,12,0,12,0,12,0,12,0,12,0,12,35,54,0,12,0,12,0,12,48,69,0,12,0,12,0,12,0,12,0,12,0,12,0,12,0,12,0,12,0,12,0,12,987,417,28,46,987,417,0,12,0,12,0,12,0,12,987,417,304,301,0,12,0,12,38,31,645,367,0,12
"2910","060374053025","Block Group 5, Census Tract 4053.02, Los Angeles County, California",414,178,0,12,0,12,0,12,0,12,0,12,0,12,0,12,0,12,0,12,0,12,0,12,0,12,20,25,0,12,0,12,0,12,0,12,0,12,0,12,0,12,0,12,0,12,0,12,0,12,464,202,0,12,464,202,0,12,0,12,26,30,16,25,464,202,118,107,0,12,0,12,91,102,249,129,0,12
"2911","060374053011","Block Group 1, Census Tract 4053.01, Los Angeles County, California",1832,308,0,12,0,12,0,12,0,12,0,12,0,12,0,12,0,12,60,69,9,13,0,12,0,12,122,82,12,21,0,12,0,12,26,42,0,12,0,12,0,12,34,38,97,70,0,12,37,60,1940,336,313,161,1940,336,0,12,54,60,47,37,0,12,1940,336,470,149,7,11,21,30,214,104,1162,329,0,12
"2912","060374004031","Block Group 1, Census Tract 4004.03, Los Angeles County, California",2006,232,0,12,0,12,0,12,0,12,0,12,0,12,0,12,0,12,14,19,0,12,0,12,0,12,0,12,0,12,44,52,0,12,18,24,0,12,0,12,0,12,0,12,0,12,0,12,0,12,2013,234,110,88,2032,235,13,20,0,12,31,32,0,12,2076,232,195,92,0,12,28,35,1030,200,707,182,0,12
"2913","060374004032","Block Group 2, Census Tract 4004.03, Los Angeles County, California",1706,272,0,12,0,12,0,12,0,12,0,12,0,12,0,12,0,12,0,12,0,12,0,12,0,12,14,17,0,12,0,12,0,12,0,12,0,12,0,12,0,12,0,12,0,12,0,12,0,12,1830,275,229,132,1830,275,5,11,26,36,113,73,6,11,1830,275,163,86,0,12,43,47,930,276,668,189,19,30
"2914","060373025061","Block Group 1, Census Tract 3025.06, Los Angeles County, California",527,144,0,12,0,12,0,12,0,12,0,12,0,12,0,12,0,12,9,15,0,12,40,45,0,12,0,12,0,12,0,12,0,12,0,12,0,12,0,12,19,29,0,12,0,12,0,12,0,12,592,175,267,121,592,175,0,12,44,53,28,42,0,12,592,175,38,50,0,12,0,12,362,136,192,114,0,12
"2915","060373025062","Block Group 2, Census Tract 3025.06, Los Angeles County, California",1324,255,0,12,0,12,0,12,0,12,0,12,0,12,0,12,0,12,64,39,0,12,0,12,0,12,0,12,0,12,0,12,17,24,12,12,31,46,33,36,47,36,4,8,20,29,0,12,0,12,1215,235,91,62,1215,235,0,12,0,12,147,101,0,12,1324,255,121,96,26,41,10,14,641,148,473,227,0,12
"2916","060371218011","Block Group 1, Census Tract 1218.01, Los Angeles County, California",1897,433,19,30,0,12,0,12,0,12,0,12,0,12,0,12,0,12,211,113,109,111,60,54,0,12,8,13,0,12,0,12,0,12,61,39,32,30,27,33,0,12,0,12,0,12,0,12,0,12,1948,448,334,144,1948,448,19,30,54,49,223,118,14,22,1948,448,78,77,0,12,31,31,313,124,1517,458,0,12
"2917","060371218012","Block Group 2, Census Tract 1218.01, Los Angeles County, California",1124,287,0,12,0,12,0,12,0,12,0,12,0,12,0,12,0,12,135,102,26,39,0,12,0,12,0,12,0,12,0,12,0,12,37,32,9,15,0,12,0,12,0,12,0,12,0,12,0,12,1123,284,108,99,1179,291,26,29,66,48,139,84,0,12,1179,291,13,24,0,12,64,76,255,94,803,272,0,12
"2918","060371192024","Block Group 4, Census Tract 1192.02, Los Angeles County, California",1603,546,0,12,0,12,0,12,0,12,11,16,0,12,0,12,0,12,275,98,34,53,0,12,0,12,28,40,0,12,0,12,0,12,156,123,0,12,0,12,0,12,10,15,0,12,0,12,0,12,1717,605,646,567,1717,605,0,12,39,45,135,114,0,12,1717,605,176,126,0,12,2,4,32,45,1505,574,0,12
"2919","060371192022","Block Group 2, Census Tract 1192.02, Los Angeles County, California",1010,544,0,12,0,12,0,12,0,12,0,12,0,12,0,12,0,12,84,86,10,18,0,12,0,12,0,12,0,12,0,12,0,12,27,52,0,12,0,12,0,12,0,12,0,12,0,12,0,12,1010,544,13,19,1010,544,0,12,0,12,41,54,0,12,1010,544,37,40,0,12,0,12,39,44,908,549,26,48
"2920","060371192011","Block Group 1, Census Tract 1192.01, Los Angeles County, California",1149,360,0,12,0,12,0,12,0,12,0,12,0,12,0,12,0,12,100,58,26,35,0,12,0,12,9,12,0,12,0,12,0,12,10,11,0,12,0,12,0,12,6,10,0,12,0,12,0,12,1229,389,288,238,1229,389,0,12,112,77,46,27,16,18,1229,389,66,71,0,12,2,3,49,30,1112,393,0,12
"2921","060371192013","Block Group 3, Census Tract 1192.01, Los Angeles County, California",2034,469,0,12,0,12,0,12,0,12,0,12,0,12,0,12,0,12,176,101,96,68,0,12,0,12,0,12,0,12,0,12,0,12,69,67,10,11,0,12,0,12,0,12,0,12,0,12,0,12,2124,520,347,298,2155,528,26,32,144,93,80,49,2,6,2155,528,96,91,0,12,28,44,118,66,1913,523,0,12
"2922","060371190021","Block Group 1, Census Tract 1190.02, Los Angeles County, California",943,411,0,12,0,12,0,12,0,12,0,12,0,12,0,12,0,12,54,49,54,64,0,12,0,12,0,12,0,12,0,12,0,12,10,17,37,42,0,12,0,12,0,12,0,12,0,12,0,12,1036,449,110,113,1038,449,0,12,25,37,27,33,0,12,1038,449,70,111,0,12,7,9,35,31,924,446,0,12
"2923","060374085011","Block Group 1, Census Tract 4085.01, Los Angeles County, California",2890,265,0,12,0,12,0,12,0,12,6,8,0,12,0,12,0,12,175,73,18,22,0,12,0,12,181,71,35,28,0,12,0,12,83,58,34,40,0,12,0,12,63,58,59,34,0,12,0,12,3036,257,464,225,3050,268,59,53,93,62,99,58,28,29,3050,268,716,168,0,12,14,15,150,63,2163,257,0,12
"2924","060374307213","Block Group 3, Census Tract 4307.21, Los Angeles County, California",1159,301,0,12,0,12,0,12,0,12,0,12,0,12,0,12,0,12,0,12,12,16,0,12,0,12,0,12,0,12,0,12,0,12,0,12,0,12,0,12,0,12,4,14,68,86,0,12,0,12,1211,344,135,149,1211,344,0,12,0,12,44,58,0,12,1211,344,493,259,0,12,0,12,509,200,209,169,0,12
"2925","060374307211","Block Group 1, Census Tract 4307.21, Los Angeles County, California",803,255,0,12,0,12,0,12,0,12,4,8,0,12,0,12,0,12,27,33,0,12,0,12,0,12,14,17,0,12,0,12,0,12,0,12,0,12,14,21,13,20,24,31,8,15,0,12,0,12,871,303,30,34,871,303,0,12,4,9,90,103,0,12,876,303,264,159,0,12,4,9,454,294,99,110,0,12
"2926","060374307212","Block Group 2, Census Tract 4307.21, Los Angeles County, California",1750,360,0,12,0,12,0,12,0,12,12,22,20,25,0,12,0,12,26,36,0,12,0,12,0,12,105,57,57,63,0,12,0,12,0,12,6,15,0,12,7,15,151,104,54,64,0,12,0,12,1803,428,343,365,1809,427,16,20,58,53,39,48,12,18,1876,427,1257,308,0,12,105,136,163,68,290,348,0,12
"2927","060374329013","Block Group 3, Census Tract 4329.01, Los Angeles County, California",722,239,19,32,0,12,0,12,0,12,0,12,0,12,0,12,0,12,38,38,29,28,0,12,0,12,94,60,37,44,0,12,0,12,8,13,0,12,0,12,0,12,26,30,9,15,0,12,0,12,790,250,75,92,790,250,0,12,0,12,7,11,0,12,790,250,420,248,0,12,0,12,0,12,370,229,0,12
"2928","060374329012","Block Group 2, Census Tract 4329.01, Los Angeles County, California",1089,269,0,12,0,12,0,12,0,12,8,14,0,12,0,12,0,12,14,22,0,12,0,12,0,12,160,97,28,26,0,12,0,12,0,12,0,12,0,12,0,12,94,95,9,14,0,12,0,12,1148,300,236,133,1148,300,0,12,14,21,108,135,0,12,1148,300,889,245,0,12,30,47,25,30,204,199,0,12
"2929","060374329011","Block Group 1, Census Tract 4329.01, Los Angeles County, California",1735,399,0,12,0,12,0,12,0,12,5,8,0,12,0,12,0,12,27,34,25,34,0,12,0,12,122,85,40,46,0,12,0,12,0,12,0,12,8,13,0,12,96,85,74,57,0,12,0,12,1789,412,171,157,1789,412,26,35,66,62,99,79,0,12,1789,412,1163,377,0,12,15,24,109,58,429,191,15,33
"2930","060374606003","Block Group 3, Census Tract 4606, Los Angeles County, California",1233,247,0,12,0,12,0,12,0,12,0,12,0,12,0,12,0,12,0,12,0,12,0,12,0,12,0,12,0,12,0,12,0,12,0,12,0,12,0,12,0,12,0,12,0,12,0,12,0,12,1287,246,47,48,1280,245,23,32,0,12,9,14,0,12,1287,246,377,198,0,12,0,12,715,170,94,73,0,12
"2931","060374606001","Block Group 1, Census Tract 4606, Los Angeles County, California",1342,318,0,12,0,12,0,12,0,12,0,12,0,12,0,12,0,12,0,12,0,12,0,12,0,12,9,14,0,12,0,12,0,12,0,12,0,12,0,12,0,12,0,12,0,12,0,12,0,12,1405,329,228,323,1433,333,0,12,9,13,0,12,0,12,1433,333,334,200,0,12,0,12,908,190,112,109,0,12
"2932","060374606002","Block Group 2, Census Tract 4606, Los Angeles County, California",976,244,0,12,0,12,0,12,0,12,0,12,0,12,0,12,0,12,0,12,0,12,0,12,0,12,0,12,0,12,0,12,0,12,0,12,0,12,13,21,0,12,0,12,0,12,0,12,0,12,976,244,0,12,976,244,0,12,0,12,27,21,0,12,976,244,237,131,0,12,0,12,684,236,31,25,0,12
"2933","060377002005","Block Group 5, Census Tract 7002, Los Angeles County, California",2168,541,0,12,0,12,0,12,0,12,0,12,0,12,0,12,0,12,0,12,0,12,0,12,0,12,0,12,0,12,0,12,0,12,0,12,0,12,31,50,0,12,65,102,0,12,0,12,0,12,2168,541,284,202,2128,538,0,12,46,76,139,99,0,12,2168,541,186,187,0,12,111,155,1306,383,195,146,43,71
"2934","060375004031","Block Group 1, Census Tract 5004.03, Los Angeles County, California",1451,377,0,12,0,12,0,12,0,12,0,12,0,12,0,12,0,12,10,16,0,12,0,12,0,12,0,12,0,12,0,12,0,12,35,37,0,12,0,12,0,12,0,12,0,12,0,12,0,12,1573,404,144,115,1573,404,32,32,14,21,0,12,0,12,1573,404,17,28,0,12,0,12,115,69,1412,393,23,26
"2935","060375004032","Block Group 2, Census Tract 5004.03, Los Angeles County, California",2174,342,0,12,0,12,0,12,0,12,0,12,0,12,0,12,0,12,35,40,0,12,0,12,0,12,20,27,0,12,0,12,0,12,25,25,25,37,0,12,0,12,23,22,22,23,0,12,0,12,2256,372,308,245,2256,372,8,16,46,53,50,48,14,21,2256,372,281,102,0,12,0,12,88,80,1883,358,0,12
"2936","060374331011","Block Group 1, Census Tract 4331.01, Los Angeles County, California",1148,283,0,12,0,12,0,12,0,12,10,15,0,12,0,12,0,12,64,39,62,35,0,12,0,12,66,39,37,29,0,12,0,12,0,12,24,38,0,12,0,12,76,53,128,62,0,12,0,12,1162,289,396,202,1167,289,0,12,35,31,96,48,0,12,1167,289,503,149,0,12,4,6,18,18,633,267,4,6
"2937","060374331012","Block Group 2, Census Tract 4331.01, Los Angeles County, California",1203,223,0,12,0,12,0,12,0,12,0,12,0,12,0,12,0,12,6,9,0,12,0,12,0,12,148,55,59,30,0,12,0,12,17,21,0,12,0,12,0,12,42,32,39,25,0,12,0,12,1292,260,25,22,1297,261,0,12,55,48,74,58,0,12,1297,261,690,168,0,12,0,12,42,23,557,195,0,12
"2938","060379110011","Block Group 1, Census Tract 9110.01, Los Angeles County, California",1189,343,0,12,0,12,0,12,0,12,0,12,0,12,0,12,0,12,0,12,0,12,0,12,0,12,0,12,0,12,0,12,0,12,81,90,0,12,0,12,0,12,0,12,0,12,0,12,0,12,1242,359,396,195,1242,359,37,60,0,12,83,94,0,12,1242,359,0,12,0,12,0,12,553,199,658,311,0,12
"2939","060379110012","Block Group 2, Census Tract 9110.01, Los Angeles County, California",769,304,0,12,0,12,0,12,0,12,0,12,0,12,0,12,0,12,0,12,0,12,0,12,0,12,0,12,0,12,0,12,0,12,0,12,0,12,0,12,0,12,0,12,0,12,0,12,0,12,769,304,272,234,769,304,0,12,14,22,27,45,0,12,769,304,0,12,0,12,111,164,456,191,202,208,0,12
"2940","060371132333","Block Group 3, Census Tract 1132.33, Los Angeles County, California",3536,600,0,12,0,12,0,12,0,12,22,40,0,12,0,12,0,12,165,141,18,30,0,12,0,12,0,12,0,12,0,12,0,12,0,12,0,12,13,22,0,12,0,12,0,12,0,12,0,12,3803,666,681,398,3803,666,0,12,159,77,232,134,0,12,3803,666,551,341,0,12,291,342,697,221,2251,630,0,12
"2941","060375436023","Block Group 3, Census Tract 5436.02, Los Angeles County, California",1712,426,0,12,0,12,0,12,0,12,0,12,0,12,0,12,0,12,0,12,0,12,0,12,0,12,17,28,0,12,0,12,0,12,0,12,0,12,0,12,0,12,0,12,13,22,0,12,0,12,1858,453,108,86,1858,453,2,15,0,12,69,107,0,12,1858,453,533,339,0,12,137,133,525,250,433,266,0,12
"2942","060371992011","Block Group 1, Census Tract 1992.01, Los Angeles County, California",1158,412,0,12,0,12,0,12,0,12,0,12,0,12,0,12,0,12,46,45,0,12,0,12,0,12,40,42,0,12,0,12,0,12,0,12,36,57,0,12,0,12,0,12,19,29,23,38,0,12,1290,497,60,55,1290,497,0,12,82,66,88,66,0,12,1290,497,208,143,0,12,0,12,36,52,1046,452,0,12
"2943","060371992012","Block Group 2, Census Tract 1992.01, Los Angeles County, California",2283,386,9,14,0,12,0,12,0,12,0,12,0,12,0,12,0,12,247,131,66,64,0,12,0,12,228,151,11,17,0,12,0,12,67,52,0,12,0,12,0,12,57,46,116,62,0,12,0,12,2370,409,637,295,2370,409,0,12,201,158,139,115,0,12,2370,409,890,301,0,12,0,12,25,27,1455,398,0,12
"2944","060377020024","Block Group 4, Census Tract 7020.02, Los Angeles County, California",1424,302,0,12,0,12,0,12,0,12,0,12,0,12,0,12,0,12,0,12,7,23,0,12,0,12,0,12,0,12,0,12,0,12,9,31,0,12,16,26,0,12,0,12,0,12,0,12,0,12,1553,346,170,145,1553,346,0,12,42,62,82,79,0,12,1553,346,41,47,0,12,276,211,958,253,243,172,0,12
"2945","060377019023","Block Group 3, Census Tract 7019.02, Los Angeles County, California",1355,362,0,12,0,12,0,12,0,12,0,12,0,12,0,12,0,12,0,12,0,12,0,12,0,12,0,12,0,12,0,12,0,12,0,12,0,12,0,12,0,12,0,12,0,12,0,12,0,12,1380,361,297,184,1380,361,0,12,25,34,21,27,0,12,1380,361,83,73,0,12,577,260,562,203,122,93,0,12
"2946","060377019021","Block Group 1, Census Tract 7019.02, Los Angeles County, California",2516,316,0,12,0,12,0,12,0,12,0,12,0,12,0,12,0,12,0,12,0,12,0,12,0,12,34,54,0,12,0,12,0,12,0,12,0,12,141,101,69,78,0,12,0,12,0,12,0,12,2553,333,435,180,2553,333,0,12,15,24,0,12,12,21,2553,333,160,102,0,12,14,24,2087,316,187,123,0,12
"2947","060371131012","Block Group 2, Census Tract 1131.01, Los Angeles County, California",2160,397,0,12,0,12,0,12,0,12,0,12,0,12,0,12,0,12,19,23,0,12,22,33,0,12,25,33,0,12,0,12,0,12,0,12,42,48,0,12,0,12,29,43,7,16,0,12,0,12,2192,401,76,64,2192,401,25,39,72,73,0,12,0,12,2194,401,410,226,0,12,40,53,1182,287,562,262,0,12
"2948","060371112062","Block Group 2, Census Tract 1112.06, Los Angeles County, California",686,227,0,12,0,12,0,12,0,12,0,12,0,12,0,12,0,12,0,12,13,20,0,12,0,12,0,12,0,12,0,12,0,12,0,12,0,12,0,12,0,12,0,12,0,12,0,12,0,12,698,236,76,124,698,236,0,12,14,23,39,56,0,12,698,236,10,17,0,12,27,28,310,95,255,172,0,12
"2949","060371112063","Block Group 3, Census Tract 1112.06, Los Angeles County, California",739,249,0,12,0,12,0,12,0,12,0,12,0,12,0,12,0,12,0,12,1,2,0,12,0,12,0,12,0,12,0,12,0,12,1,2,0,12,0,12,1,2,0,12,1,3,0,12,0,12,742,253,14,33,742,253,0,12,0,12,0,12,0,12,753,252,126,99,0,12,7,13,409,144,196,178,14,23
"2950","060371112064","Block Group 4, Census Tract 1112.06, Los Angeles County, California",948,268,0,12,0,12,0,12,0,12,0,12,0,12,0,12,0,12,0,12,0,12,0,12,0,12,8,13,0,12,0,12,0,12,0,12,0,12,0,12,0,12,18,31,0,12,0,12,0,12,956,267,10,22,956,267,0,12,34,31,0,12,0,12,956,267,150,108,0,12,14,21,427,130,321,210,0,12
"2951","060371112065","Block Group 5, Census Tract 1112.06, Los Angeles County, California",811,200,0,12,0,12,0,12,0,12,0,12,0,12,0,12,0,12,0,12,0,12,0,12,0,12,0,12,0,12,0,12,0,12,0,12,0,12,0,12,0,12,0,12,0,12,0,12,0,12,851,212,13,20,851,212,0,12,0,12,54,56,0,12,851,212,273,130,0,12,0,12,493,141,10,15,0,12
"2952","060371096043","Block Group 3, Census Tract 1096.04, Los Angeles County, California",1153,250,0,12,0,12,0,12,0,12,0,12,0,12,0,12,0,12,77,40,6,10,4,7,0,12,12,17,0,12,0,12,0,12,5,7,13,20,0,12,0,12,0,12,5,8,0,12,0,12,1269,288,53,66,1269,288,0,12,14,22,53,42,0,12,1269,288,127,72,0,12,0,12,147,75,986,306,0,12
"2953","060372260021","Block Group 1, Census Tract 2260.02, Los Angeles County, California",1410,220,0,12,0,12,0,12,0,12,0,12,0,12,0,12,0,12,93,51,62,49,0,12,0,12,0,12,0,12,0,12,0,12,0,12,14,22,0,12,0,12,30,49,0,12,0,12,0,12,1453,229,274,128,1453,229,0,12,151,86,113,60,14,22,1453,229,133,80,0,12,83,58,554,137,650,181,0,12
"2954","060372260022","Block Group 2, Census Tract 2260.02, Los Angeles County, California",367,63,0,12,0,12,0,12,0,12,0,12,0,12,0,12,0,12,21,25,44,32,0,12,0,12,0,12,0,12,0,12,0,12,0,12,0,12,0,12,0,12,0,12,0,12,0,12,0,12,362,63,194,53,367,63,0,12,16,23,41,26,0,12,367,63,18,21,0,12,125,44,55,38,143,57,0,12
"2955","060375361031","Block Group 1, Census Tract 5361.03, Los Angeles County, California",727,239,10,18,0,12,0,12,0,12,0,12,0,12,0,12,0,12,172,113,22,36,0,12,0,12,0,12,0,12,0,12,0,12,0,12,0,12,0,12,0,12,0,12,0,12,0,12,0,12,798,272,242,181,798,272,0,12,74,71,83,82,0,12,798,272,8,12,0,12,0,12,11,16,768,263,0,12
"2956","060375361032","Block Group 2, Census Tract 5361.03, Los Angeles County, California",2362,483,4,7,0,12,0,12,0,12,0,12,0,12,0,12,0,12,330,145,101,76,0,12,0,12,0,12,0,12,0,12,0,12,70,50,162,79,0,12,0,12,0,12,0,12,0,12,0,12,2477,499,461,285,2542,520,18,24,133,107,196,103,19,25,2542,520,0,12,0,12,9,15,64,117,2451,509,0,12
"2957","060376506042","Block Group 2, Census Tract 6506.04, Los Angeles County, California",2761,419,0,12,0,12,0,12,0,12,0,12,0,12,0,12,0,12,0,12,0,12,22,39,0,12,93,88,0,12,0,12,0,12,0,12,0,12,0,12,0,12,183,104,59,57,0,12,0,12,2968,462,406,240,2968,462,6,12,55,50,35,37,0,12,2968,462,1789,444,344,318,45,151,527,202,170,113,0,12
"2958","060374615011","Block Group 1, Census Tract 4615.01, Los Angeles County, California",895,216,0,12,0,12,0,12,0,12,0,12,0,12,0,12,0,12,72,89,0,12,0,12,0,12,0,12,0,12,0,12,0,12,5,9,0,12,0,12,0,12,0,12,0,12,0,12,0,12,1092,269,121,119,1092,269,0,12,13,21,13,15,0,12,1092,269,125,83,0,12,78,68,255,102,583,246,0,12
"2959","060374615013","Block Group 3, Census Tract 4615.01, Los Angeles County, California",1614,254,0,12,0,12,0,12,0,12,0,12,0,12,0,12,0,12,57,44,0,12,0,12,0,12,6,9,0,12,0,12,0,12,45,51,37,43,0,12,0,12,0,12,0,12,0,12,0,12,1677,276,33,28,1677,276,9,14,70,62,144,84,0,12,1677,276,186,197,0,12,170,102,475,142,846,229,0,12
"2960","060374332002","Block Group 2, Census Tract 4332, Los Angeles County, California",804,342,0,12,0,12,0,12,0,12,0,12,0,12,0,12,0,12,94,98,25,34,0,12,0,12,20,34,0,12,0,12,0,12,64,55,0,12,0,12,0,12,11,19,0,12,0,12,0,12,835,353,273,228,835,353,0,12,0,12,54,53,0,12,835,353,162,120,0,12,0,12,7,12,666,339,0,12
"2961","060374332003","Block Group 3, Census Tract 4332, Los Angeles County, California",1382,340,0,12,0,12,0,12,0,12,0,12,0,12,0,12,0,12,37,41,144,109,0,12,0,12,89,42,44,35,0,12,0,12,43,48,37,37,0,12,0,12,14,23,21,37,0,12,0,12,1414,343,131,148,1414,343,11,17,101,110,40,33,0,12,1414,343,569,225,0,12,0,12,32,49,813,320,0,12
"2962","060374332001","Block Group 1, Census Tract 4332, Los Angeles County, California",1015,349,0,12,0,12,0,12,0,12,0,12,0,12,0,12,0,12,43,50,47,45,0,12,0,12,46,50,0,12,0,12,0,12,0,12,15,26,0,12,0,12,25,21,184,133,0,12,0,12,1039,351,189,88,1039,351,0,12,0,12,47,45,15,26,1039,351,486,283,0,12,9,13,87,58,421,266,0,12
"2963","060374601003","Block Group 3, Census Tract 4601, Los Angeles County, California",852,233,0,12,0,12,0,12,0,12,0,12,0,12,0,12,0,12,0,12,0,12,0,12,0,12,0,12,0,12,0,12,0,12,0,12,0,12,0,12,0,12,0,12,0,12,0,12,0,12,930,255,0,12,905,253,24,38,9,17,14,24,0,12,930,255,133,102,0,12,207,191,452,168,86,83,20,27
"2964","060374601001","Block Group 1, Census Tract 4601, Los Angeles County, California",889,269,0,12,0,12,0,12,0,12,0,12,0,12,0,12,0,12,0,12,0,12,0,12,0,12,0,12,0,12,0,12,0,12,0,12,0,12,0,12,0,12,0,12,0,12,0,12,0,12,889,269,25,35,889,269,0,12,0,12,50,56,0,12,889,269,129,134,0,12,0,12,578,175,138,112,0,12
"2965","060374601005","Block Group 5, Census Tract 4601, Los Angeles County, California",1409,346,0,12,0,12,0,12,0,12,0,12,0,12,0,12,0,12,24,38,0,12,0,12,0,12,0,12,0,12,0,12,0,12,41,48,0,12,0,12,0,12,16,27,0,12,0,12,0,12,1426,349,55,68,1426,349,0,12,0,12,47,76,0,12,1426,349,71,69,0,12,0,12,1006,284,290,139,0,12
"2966","060374601002","Block Group 2, Census Tract 4601, Los Angeles County, California",2118,386,0,12,0,12,0,12,0,12,18,31,0,12,0,12,0,12,0,12,0,12,0,12,0,12,24,39,0,12,0,12,0,12,18,28,0,12,0,12,0,12,0,12,0,12,0,12,0,12,2234,411,45,40,2234,411,0,12,0,12,2,6,0,12,2234,411,210,157,0,12,219,150,1177,263,260,182,0,12
"2967","060374613002","Block Group 2, Census Tract 4613, Los Angeles County, California",1299,333,0,12,0,12,0,12,0,12,0,12,0,12,0,12,0,12,13,22,0,12,0,12,0,12,0,12,0,12,0,12,0,12,4,8,6,11,65,83,0,12,4,8,4,8,0,12,0,12,1472,544,146,118,1472,544,0,12,64,71,0,12,0,12,1606,556,83,100,5,11,96,98,932,263,385,379,0,12
"2968","060374613003","Block Group 3, Census Tract 4613, Los Angeles County, California",1632,486,0,12,0,12,0,12,0,12,0,12,0,12,0,12,0,12,0,12,0,12,0,12,0,12,0,12,0,12,0,12,0,12,0,12,0,12,15,23,81,129,0,12,0,12,0,12,0,12,1679,506,223,261,1679,506,0,12,20,34,39,45,0,12,1679,506,176,217,0,12,46,61,950,269,366,327,40,63
"2969","060375758021","Block Group 1, Census Tract 5758.02, Los Angeles County, California",2532,571,100,97,0,12,0,12,0,12,0,12,0,12,0,12,0,12,290,120,164,77,0,12,0,12,10,17,0,12,0,12,0,12,29,35,16,24,0,12,0,12,0,12,0,12,0,12,0,12,2700,628,769,367,2737,634,63,83,238,109,324,132,9,16,2737,634,140,153,111,174,152,125,355,288,1923,474,15,20
"2970","060371836102","Block Group 2, Census Tract 1836.10, Los Angeles County, California",1993,269,14,23,13,20,0,12,0,12,0,12,0,12,0,12,0,12,225,111,95,57,0,12,0,12,0,12,0,12,0,12,0,12,33,28,22,25,0,12,0,12,37,31,0,12,0,12,0,12,2164,288,590,237,2158,289,35,33,105,52,132,76,0,12,2170,288,213,94,12,18,21,28,320,98,1524,260,10,14
"2971","060371836101","Block Group 1, Census Tract 1836.10, Los Angeles County, California",954,206,0,12,0,12,0,12,0,12,0,12,0,12,0,12,0,12,111,56,22,22,0,12,0,12,0,12,0,12,0,12,0,12,31,23,27,32,0,12,0,12,7,11,0,12,0,12,0,12,1045,233,107,132,1045,233,0,12,0,12,79,45,0,12,1045,233,73,36,0,12,0,12,72,37,858,237,0,12
"2972","060371133012","Block Group 2, Census Tract 1133.01, Los Angeles County, California",2528,409,9,14,0,12,0,12,0,12,0,12,0,12,0,12,0,12,33,30,0,12,0,12,0,12,9,14,11,16,52,66,0,12,11,20,0,12,0,12,0,12,0,12,0,12,0,12,0,12,2740,461,296,174,2758,459,0,12,79,78,96,77,0,12,2772,459,469,198,39,56,200,293,1499,254,483,219,2,4
"2973","060371173032","Block Group 2, Census Tract 1173.03, Los Angeles County, California",1112,261,0,12,0,12,0,12,0,12,0,12,0,12,0,12,0,12,8,12,0,12,0,12,0,12,0,12,0,12,0,12,0,12,0,12,17,27,0,12,0,12,0,12,0,12,0,12,0,12,1166,276,25,22,1166,276,0,12,8,19,26,42,0,12,1172,276,130,151,0,12,0,12,444,198,584,279,0,12
"2974","060371905101","Block Group 1, Census Tract 1905.10, Los Angeles County, California",2596,323,0,12,0,12,0,12,0,12,10,14,0,12,0,12,0,12,182,112,37,39,114,72,23,35,10,15,0,12,0,12,0,12,6,11,34,28,79,51,38,33,5,9,0,12,0,12,0,12,2643,343,688,241,2643,343,0,12,164,86,127,85,0,12,2689,341,219,105,0,12,161,119,1137,274,1130,251,0,12
"2975","060371905102","Block Group 2, Census Tract 1905.10, Los Angeles County, California",1316,299,0,12,0,12,0,12,0,12,5,11,0,12,0,12,0,12,63,76,33,37,27,46,0,12,0,12,0,12,0,12,0,12,0,12,0,12,23,36,0,12,0,12,0,12,0,12,0,12,1362,313,292,156,1362,313,0,12,121,75,117,75,0,12,1362,313,446,159,10,16,90,72,310,171,479,262,0,12
"2976","060371926201","Block Group 1, Census Tract 1926.20, Los Angeles County, California",1779,339,29,33,0,12,0,12,0,12,0,12,0,12,0,12,0,12,308,139,215,119,0,12,0,12,47,55,0,12,11,17,0,12,25,40,57,67,0,12,0,12,0,12,0,12,0,12,0,12,1855,359,456,254,1864,360,8,13,120,95,268,115,12,14,1864,360,389,160,0,12,20,33,51,36,1398,348,0,12
"2977","060371974102","Block Group 2, Census Tract 1974.10, Los Angeles County, California",1820,380,0,12,0,12,0,12,0,12,0,12,0,12,0,12,0,12,0,12,0,12,28,34,0,12,0,12,0,12,0,12,0,12,16,22,47,49,0,12,0,12,13,19,0,12,0,12,0,12,1946,392,147,120,1946,392,0,12,46,55,54,50,7,12,1946,392,160,120,0,12,57,59,827,224,810,371,9,14
"2978","060372037101","Block Group 1, Census Tract 2037.10, Los Angeles County, California",1360,334,0,12,0,12,0,12,0,12,0,12,0,12,0,12,0,12,148,65,121,74,0,12,0,12,0,12,0,12,0,12,0,12,14,18,27,30,0,12,0,12,0,12,0,12,0,12,0,12,1451,383,208,143,1451,383,20,31,51,36,154,82,8,12,1451,383,7,11,0,12,17,26,30,34,1397,384,0,12
"2979","060372037102","Block Group 2, Census Tract 2037.10, Los Angeles County, California",1640,323,0,12,0,12,0,12,0,12,0,12,0,12,0,12,0,12,67,42,171,96,0,12,0,12,0,12,0,12,0,12,0,12,72,50,57,46,0,12,0,12,0,12,0,12,0,12,0,12,1810,418,343,195,1819,419,21,25,113,104,138,97,0,12,1819,419,15,26,0,12,0,12,6,9,1798,419,0,12
"2980","060372123041","Block Group 1, Census Tract 2123.04, Los Angeles County, California",1719,183,9,14,31,48,0,12,0,12,0,12,0,12,0,12,0,12,265,86,60,39,10,16,0,12,8,12,0,12,0,12,0,12,11,11,16,14,0,12,0,12,50,30,20,24,5,8,0,12,1832,195,542,147,1832,195,31,48,160,65,132,65,0,12,1832,195,247,69,7,10,84,72,330,82,1144,204,7,10
"2981","060373004006","Block Group 6, Census Tract 3004, Los Angeles County, California",1009,347,0,12,0,12,0,12,0,12,0,12,0,12,0,12,0,12,17,26,0,12,0,12,0,12,15,27,0,12,0,12,0,12,0,12,0,12,0,12,0,12,0,12,0,12,0,12,0,12,1086,411,24,28,1086,411,0,12,0,12,0,12,0,12,1086,411,136,149,0,12,0,12,846,377,104,152,0,12
"2982","060373004003","Block Group 3, Census Tract 3004, Los Angeles County, California",1286,317,0,12,0,12,0,12,0,12,0,12,0,12,0,12,0,12,0,12,0,12,0,12,0,12,140,140,0,12,0,12,0,12,0,12,0,12,0,12,0,12,0,12,0,12,0,12,0,12,1373,332,0,12,1373,332,44,71,0,12,18,29,0,12,1373,332,375,263,0,12,0,12,572,280,220,222,0,12
"2983","060372655102","Block Group 2, Census Tract 2655.10, Los Angeles County, California",1641,517,0,12,0,12,0,12,0,12,0,12,0,12,0,12,0,12,0,12,0,12,32,51,0,12,0,12,0,12,0,12,0,12,0,12,0,12,0,12,0,12,0,12,0,12,0,12,0,12,1692,528,658,450,1692,528,0,12,57,68,16,32,0,12,1692,528,376,267,0,12,131,174,1005,427,148,125,0,12
"2984","060372675011","Block Group 1, Census Tract 2675.01, Los Angeles County, California",2017,414,0,12,0,12,0,12,0,12,0,12,0,12,0,12,0,12,113,177,0,12,0,12,0,12,0,12,0,12,0,12,0,12,0,12,0,12,25,40,0,12,22,31,0,12,0,12,0,12,2137,496,277,178,2137,496,0,12,103,122,0,12,0,12,2137,496,486,254,0,12,94,84,1152,296,301,387,0,12
"2985","060372675013","Block Group 3, Census Tract 2675.01, Los Angeles County, California",1898,571,0,12,0,12,0,12,0,12,0,12,0,12,0,12,0,12,127,197,0,12,0,12,0,12,7,16,0,12,32,47,0,12,0,12,0,12,0,12,0,12,0,12,0,12,31,46,0,12,2105,671,98,57,2105,671,0,12,314,211,166,252,0,12,2105,671,200,110,0,12,23,34,962,315,781,602,0,12
"2986","060379200311","Block Group 1, Census Tract 9200.31, Los Angeles County, California",79,56,0,12,0,12,0,12,0,12,0,12,0,12,0,12,0,12,0,12,0,12,0,12,0,12,0,12,0,12,0,12,0,12,0,12,0,12,0,12,0,12,0,12,0,12,0,12,0,12,0,12,0,12,0,12,0,12,0,12,0,12,0,12,79,56,12,27,0,12,23,36,0,12,44,70,0,12
"2987","060379200312","Block Group 2, Census Tract 9200.31, Los Angeles County, California",1614,233,0,12,0,12,0,12,0,12,0,12,0,12,0,12,0,12,12,19,0,12,0,12,0,12,0,12,0,12,0,12,0,12,21,31,0,12,0,12,0,12,0,12,0,12,0,12,0,12,1646,249,70,48,1646,249,0,12,0,12,0,12,0,12,1646,249,90,56,0,12,17,25,1016,256,381,210,19,31
"2988","060379200313","Block Group 3, Census Tract 9200.31, Los Angeles County, California",954,195,0,12,0,12,0,12,0,12,0,12,0,12,0,12,0,12,0,12,0,12,0,12,0,12,0,12,0,12,0,12,0,12,0,12,0,12,0,12,0,12,0,12,0,12,0,12,0,12,1029,210,14,23,1029,210,0,12,0,12,16,27,0,12,1029,210,40,47,0,12,13,21,667,125,295,176,0,12
"2989","060375766020","Block Group 0, Census Tract 5766.02, Los Angeles County, California",0,12,0,12,0,12,0,12,0,12,0,12,0,12,0,12,0,12,0,12,0,12,0,12,0,12,0,12,0,12,0,12,0,12,0,12,0,12,0,12,0,12,0,12,0,12,0,12,0,12,0,12,0,12,0,12,0,12,0,12,0,12,0,12,0,12,0,12,0,12,0,12,0,12,0,12,0,12
"2990","060371903013","Block Group 3, Census Tract 1903.01, Los Angeles County, California",1299,266,0,12,0,12,0,12,0,12,0,12,0,12,0,12,0,12,17,26,0,12,15,24,0,12,13,30,0,12,0,12,0,12,0,12,0,12,20,34,0,12,0,12,0,12,0,12,0,12,1299,266,306,145,1299,266,29,57,91,59,118,134,0,12,1299,266,73,60,0,12,130,99,751,194,230,175,0,12
"2991","060371909021","Block Group 1, Census Tract 1909.02, Los Angeles County, California",1050,270,0,12,0,12,0,12,0,12,0,12,0,12,0,12,0,12,6,18,0,12,48,32,11,14,7,12,0,12,0,12,0,12,11,18,0,12,42,43,20,32,0,12,0,12,0,12,0,12,1026,270,186,117,1050,270,14,19,63,59,101,74,0,12,1050,270,32,28,0,12,109,71,641,208,249,186,0,12
"2992","060375439053","Block Group 3, Census Tract 5439.05, Los Angeles County, California",1704,315,4,7,0,12,0,12,0,12,0,12,0,12,0,12,0,12,141,83,62,41,0,12,0,12,0,12,0,12,0,12,0,12,74,60,10,10,0,12,0,12,4,6,0,12,0,12,0,12,1840,336,252,177,1840,336,31,26,61,48,99,68,0,12,1840,336,340,179,55,65,27,31,127,73,1278,285,7,10
"2993","060371395042","Block Group 2, Census Tract 1395.04, Los Angeles County, California",1465,321,0,12,0,12,0,12,0,12,0,12,0,12,0,12,0,12,0,12,0,12,57,66,0,12,0,12,0,12,0,12,0,12,0,12,0,12,25,39,0,12,0,12,0,12,0,12,9,14,1562,361,253,146,1562,361,0,12,70,64,87,65,0,12,1562,361,150,152,0,12,73,67,1155,284,133,103,0,12
"2994","060371395031","Block Group 1, Census Tract 1395.03, Los Angeles County, California",3225,575,0,12,0,12,0,12,0,12,0,12,0,12,0,12,0,12,0,12,0,12,67,64,0,12,0,12,0,12,0,12,0,12,0,12,0,12,177,131,35,42,0,12,0,12,0,12,0,12,3349,608,275,267,3349,608,0,12,29,37,81,77,0,12,3349,608,165,30,0,12,22,37,2369,467,731,444,0,12
"2995","060371394012","Block Group 2, Census Tract 1394.01, Los Angeles County, California",1769,261,0,12,0,12,0,12,0,12,0,12,0,12,0,12,0,12,38,36,0,12,106,105,12,25,0,12,0,12,0,12,0,12,0,12,0,12,0,12,0,12,0,12,0,12,0,12,0,12,1833,270,153,81,1833,270,15,24,27,31,39,49,0,12,1833,270,97,65,0,12,39,45,1223,229,439,173,0,12
"2996","060371371032","Block Group 2, Census Tract 1371.03, Los Angeles County, California",2342,472,0,12,0,12,0,12,0,12,0,12,0,12,0,12,0,12,0,12,0,12,0,12,0,12,0,12,0,12,0,12,0,12,0,12,0,12,51,67,0,12,0,12,0,12,0,12,0,12,2481,497,185,161,2481,497,21,35,0,12,57,70,0,12,2481,497,287,223,0,12,15,26,1906,412,273,212,0,12
"2997","060371349051","Block Group 1, Census Tract 1349.05, Los Angeles County, California",4393,368,0,12,0,12,0,12,0,12,0,12,0,12,0,12,0,12,13,20,0,12,130,93,18,19,0,12,0,12,0,12,0,12,17,26,0,12,9,13,44,64,14,21,0,12,0,12,0,12,4552,380,584,241,4552,380,0,12,234,111,79,63,17,26,4552,380,663,219,0,12,509,242,2612,327,598,262,0,12
"2998","060373012062","Block Group 2, Census Tract 3012.06, Los Angeles County, California",772,173,0,12,0,12,0,12,0,12,0,12,0,12,0,12,0,12,0,12,0,12,31,40,0,12,0,12,0,12,0,12,0,12,14,20,0,12,9,13,0,12,0,12,0,12,0,12,0,12,842,201,122,116,849,202,0,12,18,21,13,15,0,12,849,202,62,55,0,12,0,12,603,191,147,87,0,12
"2999","060373012061","Block Group 1, Census Tract 3012.06, Los Angeles County, California",2431,365,0,12,0,12,0,12,0,12,0,12,0,12,0,12,0,12,0,12,0,12,164,69,76,63,45,41,0,12,0,12,0,12,0,12,0,12,165,120,74,85,0,12,0,12,0,12,0,12,2498,364,425,268,2498,364,52,65,51,83,28,43,36,55,2498,364,334,139,0,12,113,177,1930,410,101,130,0,12
"3000","060379005051","Block Group 1, Census Tract 9005.05, Los Angeles County, California",1155,267,11,15,0,12,0,12,0,12,0,12,0,12,0,12,0,12,41,45,6,13,0,12,0,12,0,12,0,12,0,12,0,12,0,12,0,12,0,12,0,12,0,12,0,12,0,12,0,12,1178,272,216,148,1178,272,8,13,42,31,33,39,0,12,1178,272,0,12,0,12,287,165,443,140,432,168,0,12
"3001","060379005052","Block Group 2, Census Tract 9005.05, Los Angeles County, California",1978,416,0,12,0,12,0,12,0,12,0,12,0,12,0,12,0,12,31,48,0,12,0,12,0,12,0,12,0,12,0,12,0,12,0,12,0,12,0,12,0,12,0,12,0,12,0,12,0,12,2249,486,778,326,2238,487,9,17,35,31,66,60,12,21,2249,486,79,72,0,12,528,275,531,144,1034,320,0,12
"3002","060379001041","Block Group 1, Census Tract 9001.04, Los Angeles County, California",1860,479,0,12,0,12,0,12,0,12,0,12,0,12,0,12,0,12,103,80,37,58,0,12,0,12,9,15,0,12,0,12,0,12,27,36,0,12,0,12,0,12,0,12,0,12,0,12,0,12,2123,558,531,333,2123,558,0,12,12,20,75,60,0,12,2123,558,39,67,0,12,28,34,653,272,1365,523,0,12
"3003","060379001042","Block Group 2, Census Tract 9001.04, Los Angeles County, California",1279,435,0,12,0,12,0,12,0,12,0,12,0,12,0,12,0,12,95,63,0,12,0,12,0,12,0,12,0,12,0,12,0,12,0,12,16,27,0,12,0,12,0,12,0,12,0,12,0,12,1371,461,102,72,1371,461,23,25,12,18,76,61,0,12,1371,461,0,12,0,12,0,12,460,205,911,449,0,12
"3004","060379001043","Block Group 3, Census Tract 9001.04, Los Angeles County, California",2277,529,0,12,0,12,0,12,0,12,0,12,0,12,0,12,0,12,157,94,29,30,0,12,0,12,0,12,0,12,0,12,0,12,53,55,0,12,0,12,0,12,0,12,0,12,0,12,0,12,2328,527,168,123,2328,527,25,32,24,27,104,74,12,20,2328,527,0,12,0,12,389,230,586,282,1319,449,0,12
"3005","060374076013","Block Group 3, Census Tract 4076.01, Los Angeles County, California",1263,375,0,12,0,12,0,12,0,12,0,12,0,12,0,12,0,12,51,50,25,27,0,12,0,12,40,43,0,12,0,12,0,12,11,16,10,15,0,12,0,12,9,15,36,53,0,12,0,12,1334,406,361,263,1334,406,17,27,43,51,139,155,0,12,1334,406,268,209,0,12,28,44,52,87,986,378,0,12
"3006","060374075021","Block Group 1, Census Tract 4075.02, Los Angeles County, California",1096,269,0,12,0,12,0,12,0,12,0,12,0,12,0,12,0,12,139,87,23,26,0,12,0,12,12,14,0,12,0,12,0,12,32,24,0,12,0,12,0,12,6,10,0,12,0,12,0,12,1178,294,141,88,1178,294,0,12,73,41,43,33,0,12,1178,294,102,74,0,12,0,12,80,65,996,293,0,12
"3007","060374075022","Block Group 2, Census Tract 4075.02, Los Angeles County, California",1391,349,23,27,0,12,0,12,0,12,0,12,0,12,0,12,0,12,150,90,102,80,0,12,0,12,13,14,0,12,0,12,0,12,22,24,13,16,0,12,0,12,0,12,12,18,0,12,0,12,1429,360,162,100,1429,360,5,7,41,29,126,76,0,12,1429,360,115,76,0,12,0,12,85,49,1200,381,0,12
"3008","060374075023","Block Group 3, Census Tract 4075.02, Los Angeles County, California",1504,485,0,12,0,12,0,12,0,12,0,12,0,12,0,12,0,12,121,94,74,58,0,12,0,12,26,38,0,12,0,12,0,12,36,33,29,33,0,12,0,12,0,12,17,26,0,12,0,12,1563,493,102,108,1563,493,0,12,72,63,98,69,0,12,1563,493,95,80,0,12,107,139,27,32,1334,488,0,12
"3009","060371134221","Block Group 1, Census Tract 1134.22, Los Angeles County, California",1737,571,0,12,0,12,0,12,0,12,0,12,0,12,0,12,0,12,50,72,0,12,0,12,0,12,18,31,47,80,0,12,0,12,62,90,0,12,52,59,0,12,19,31,26,42,0,12,0,12,1879,708,266,149,1879,708,0,12,0,12,17,29,0,12,1879,708,552,286,0,12,106,89,429,228,723,628,31,49
"3010","060371134222","Block Group 2, Census Tract 1134.22, Los Angeles County, California",1867,448,0,12,0,12,0,12,0,12,0,12,0,12,0,12,0,12,140,161,0,12,19,30,0,12,46,55,0,12,0,12,0,12,46,71,17,32,0,12,0,12,0,12,0,12,0,12,0,12,2021,527,217,193,2021,527,0,12,19,31,177,112,0,12,2021,527,279,205,0,12,155,177,541,168,944,539,0,12
"3011","060371238002","Block Group 2, Census Tract 1238, Los Angeles County, California",1842,463,0,12,0,12,0,12,0,12,0,12,0,12,0,12,0,12,0,12,0,12,0,12,0,12,0,12,0,12,0,12,0,12,0,12,13,22,22,37,23,38,14,23,0,12,0,12,0,12,1942,502,250,206,1942,502,0,12,39,37,105,163,0,12,1942,502,118,116,0,12,31,35,1386,455,364,270,19,31
"3012","060376212042","Block Group 2, Census Tract 6212.04, Los Angeles County, California",351,145,0,12,0,12,0,12,0,12,0,12,0,12,0,12,0,12,0,12,0,12,0,12,0,12,0,12,0,12,0,12,0,12,0,12,0,12,10,15,0,12,0,12,0,12,0,12,0,12,381,159,21,34,381,159,0,12,0,12,0,12,0,12,381,159,20,18,0,12,0,12,275,140,68,75,0,12
"3013","060376211041","Block Group 1, Census Tract 6211.04, Los Angeles County, California",1791,329,0,12,0,12,0,12,0,12,0,12,0,12,0,12,0,12,0,12,0,12,0,12,0,12,0,12,0,12,0,12,0,12,0,12,0,12,0,12,0,12,0,12,0,12,0,12,0,12,1956,376,253,312,1920,387,0,12,26,44,22,35,0,12,1956,376,123,158,0,12,41,51,1439,347,147,96,0,12
"3014","060376211043","Block Group 3, Census Tract 6211.04, Los Angeles County, California",1274,523,0,12,0,12,0,12,0,12,0,12,0,12,0,12,0,12,0,12,0,12,0,12,0,12,0,12,0,12,0,12,0,12,0,12,0,12,0,12,0,12,0,12,0,12,0,12,0,12,1352,548,29,48,1352,548,0,12,0,12,81,93,0,12,1352,548,32,54,0,12,0,12,1059,482,246,155,0,12
"3015","060376211045","Block Group 5, Census Tract 6211.04, Los Angeles County, California",1015,310,0,12,0,12,0,12,0,12,0,12,0,12,0,12,0,12,0,12,0,12,0,12,0,12,0,12,0,12,0,12,0,12,0,12,0,12,0,12,0,12,0,12,0,12,0,12,0,12,1091,324,21,34,1019,325,0,12,0,12,0,12,0,12,1091,324,91,93,0,12,0,12,847,250,81,116,0,12
"3016","060376210041","Block Group 1, Census Tract 6210.04, Los Angeles County, California",700,284,0,12,0,12,0,12,0,12,0,12,0,12,0,12,0,12,0,12,0,12,0,12,0,12,0,12,0,12,0,12,0,12,0,12,0,12,0,12,0,12,0,12,0,12,0,12,0,12,700,284,0,12,700,284,0,12,0,12,0,12,0,12,700,284,19,30,0,12,0,12,649,287,32,49,0,12
"3017","060376210043","Block Group 3, Census Tract 6210.04, Los Angeles County, California",611,198,0,12,0,12,0,12,0,12,0,12,0,12,0,12,0,12,0,12,0,12,0,12,0,12,0,12,0,12,0,12,0,12,0,12,0,12,0,12,0,12,0,12,0,12,0,12,0,12,611,198,45,52,611,198,0,12,0,12,33,37,0,12,611,198,0,12,0,12,0,12,455,158,136,146,0,12
"3018","060379107131","Block Group 1, Census Tract 9107.13, Los Angeles County, California",1874,464,15,19,0,12,0,12,0,12,0,12,0,12,0,12,0,12,206,151,8,13,32,50,0,12,0,12,0,12,0,12,0,12,33,48,12,19,0,12,0,12,0,12,0,12,0,12,0,12,1972,478,165,133,1981,475,7,12,34,38,34,33,0,12,1981,475,74,100,0,12,305,196,196,111,1389,453,0,12
"3019","060371064081","Block Group 1, Census Tract 1064.08, Los Angeles County, California",2660,335,6,9,0,12,0,12,0,12,0,12,0,12,0,12,0,12,268,110,127,65,7,10,0,12,0,12,0,12,0,12,0,12,44,33,21,23,0,12,0,12,6,8,0,12,0,12,0,12,2896,345,433,205,2891,347,66,56,184,93,143,72,4,6,2896,345,119,74,0,12,77,71,140,73,2548,374,0,12
"3020","060371064072","Block Group 2, Census Tract 1064.07, Los Angeles County, California",767,193,7,11,0,12,0,12,0,12,0,12,0,12,0,12,0,12,58,44,16,24,0,12,0,12,0,12,0,12,0,12,0,12,16,15,0,12,0,12,0,12,0,12,0,12,0,12,0,12,797,197,272,168,827,215,16,26,23,27,43,36,0,12,827,215,0,12,0,12,46,66,174,132,607,215,0,12
"3021","060379800041","Block Group 1, Census Tract 9800.04, Los Angeles County, California",0,12,0,12,0,12,0,12,0,12,0,12,0,12,0,12,0,12,0,12,0,12,0,12,0,12,0,12,0,12,0,12,0,12,0,12,0,12,0,12,0,12,0,12,0,12,0,12,0,12,0,12,0,12,0,12,0,12,0,12,0,12,0,12,0,12,0,12,0,12,0,12,0,12,0,12,0,12
"3022","060379800031","Block Group 1, Census Tract 9800.03, Los Angeles County, California",0,12,0,12,0,12,0,12,0,12,0,12,0,12,0,12,0,12,0,12,0,12,0,12,0,12,0,12,0,12,0,12,0,12,0,12,0,12,0,12,0,12,0,12,0,12,0,12,0,12,0,12,0,12,0,12,0,12,0,12,0,12,0,12,0,12,0,12,0,12,0,12,0,12,0,12,0,12
"3023","060379800021","Block Group 1, Census Tract 9800.02, Los Angeles County, California",0,12,0,12,0,12,0,12,0,12,0,12,0,12,0,12,0,12,0,12,0,12,0,12,0,12,0,12,0,12,0,12,0,12,0,12,0,12,0,12,0,12,0,12,0,12,0,12,0,12,0,12,0,12,0,12,0,12,0,12,0,12,0,12,0,12,0,12,0,12,0,12,0,12,0,12,0,12
"3024","060379800011","Block Group 1, Census Tract 9800.01, Los Angeles County, California",0,12,0,12,0,12,0,12,0,12,0,12,0,12,0,12,0,12,0,12,0,12,0,12,0,12,0,12,0,12,0,12,0,12,0,12,0,12,0,12,0,12,0,12,0,12,0,12,0,12,0,12,0,12,0,12,0,12,0,12,0,12,0,12,0,12,0,12,0,12,0,12,0,12,0,12,0,12
"3025","060379303011","Block Group 1, Census Tract 9303.01, Los Angeles County, California",339,155,0,12,0,12,0,12,0,12,0,12,0,12,0,12,0,12,0,12,0,12,0,12,0,12,0,12,0,12,0,12,0,12,0,12,0,12,0,12,0,12,4,6,0,12,0,12,0,12,180,145,82,119,180,145,0,12,0,12,0,12,4,6,339,155,4,6,6,13,36,38,131,64,121,74,0,12
"3026","060377030012","Block Group 2, Census Tract 7030.01, Los Angeles County, California",2125,374,0,12,0,12,0,12,0,12,0,12,0,12,0,12,0,12,0,12,0,12,0,12,0,12,0,12,0,12,0,12,0,12,0,12,0,12,0,12,28,43,0,12,29,46,0,12,0,12,2320,412,87,66,2320,412,0,12,33,38,101,102,0,12,2320,412,484,245,0,12,702,291,624,231,385,203,0,12
"3027","060377030013","Block Group 3, Census Tract 7030.01, Los Angeles County, California",1675,323,0,12,0,12,0,12,0,12,0,12,0,12,0,12,0,12,0,12,0,12,22,36,0,12,0,12,0,12,0,12,0,12,0,12,0,12,0,12,0,12,0,12,0,12,0,12,0,12,1818,374,100,79,1818,374,0,12,0,12,0,12,0,12,1818,374,261,152,0,12,440,269,646,191,340,200,0,12
"3028","060377030011","Block Group 1, Census Tract 7030.01, Los Angeles County, California",2212,355,0,12,0,12,0,12,16,25,0,12,0,12,0,12,0,12,0,12,0,12,15,24,0,12,0,12,0,12,0,12,0,12,0,12,0,12,0,12,0,12,0,12,0,12,0,12,0,12,2365,395,48,78,2365,395,0,12,74,111,57,84,0,12,2365,395,729,246,0,12,412,273,980,234,124,112,0,12
"3029","060374622013","Block Group 3, Census Tract 4622.01, Los Angeles County, California",1270,323,0,12,0,12,0,12,0,12,0,12,0,12,0,12,0,12,113,115,5,16,0,12,0,12,14,22,0,12,0,12,0,12,0,12,58,91,7,11,0,12,0,12,0,12,0,12,0,12,1353,325,260,227,1369,327,10,16,68,60,25,23,58,91,1369,327,133,96,0,12,210,135,419,183,553,288,0,12
"3030","060374620021","Block Group 1, Census Tract 4620.02, Los Angeles County, California",2339,477,0,12,0,12,0,12,0,12,0,12,0,12,0,12,0,12,523,198,33,35,36,37,0,12,0,12,0,12,0,12,0,12,23,34,0,12,0,12,0,12,0,12,0,12,0,12,0,12,2507,535,973,408,2507,535,23,36,223,120,166,118,29,35,2507,535,29,30,0,12,401,224,282,203,1740,545,0,12
"3031","060374620023","Block Group 3, Census Tract 4620.02, Los Angeles County, California",930,310,0,12,9,14,0,12,0,12,0,12,0,12,0,12,0,12,88,57,35,42,0,12,0,12,0,12,0,12,0,12,0,12,18,30,0,12,0,12,0,12,19,16,19,31,0,12,0,12,1003,327,95,54,1003,327,39,45,85,98,40,45,18,30,1003,327,38,33,0,12,73,71,120,91,753,358,0,12
"3032","060374620011","Block Group 1, Census Tract 4620.01, Los Angeles County, California",1755,460,0,12,0,12,0,12,0,12,0,12,0,12,0,12,0,12,254,144,61,81,0,12,0,12,0,12,0,12,18,28,0,12,7,11,7,11,0,12,0,12,0,12,0,12,0,12,0,12,1820,463,696,418,1820,463,0,12,55,48,95,65,0,12,1820,463,87,55,0,12,208,126,347,136,1151,450,0,12
"3033","060372145011","Block Group 1, Census Tract 2145.01, Los Angeles County, California",1035,186,0,12,0,12,0,12,0,12,0,12,0,12,0,12,0,12,0,12,0,12,0,12,0,12,27,33,6,11,18,28,0,12,0,12,0,12,0,12,0,12,5,13,0,12,0,12,0,12,1126,191,71,54,1126,191,0,12,44,48,51,47,0,12,1126,191,146,97,0,12,129,85,653,186,100,82,0,12
"3034","060371066492","Block Group 2, Census Tract 1066.49, Los Angeles County, California",1405,243,0,12,0,12,0,12,0,12,0,12,0,12,0,12,0,12,44,34,3,6,0,12,0,12,50,41,6,14,0,12,0,12,0,12,4,7,0,12,0,12,25,22,9,14,0,12,0,12,1499,273,86,56,1508,274,8,12,8,13,47,39,4,6,1508,274,471,93,5,8,70,71,139,60,739,255,7,12
"3035","060371066462","Block Group 2, Census Tract 1066.46, Los Angeles County, California",1232,267,0,12,0,12,0,12,0,12,0,12,0,12,0,12,0,12,46,44,0,12,0,12,0,12,0,12,0,12,0,12,0,12,15,16,8,14,0,12,0,12,0,12,0,12,0,12,0,12,1282,285,88,83,1282,285,0,12,39,39,68,62,0,12,1282,285,229,153,16,24,42,69,466,157,525,245,0,12
"3036","060371064061","Block Group 1, Census Tract 1064.06, Los Angeles County, California",3417,614,0,12,0,12,0,12,0,12,0,12,0,12,0,12,0,12,95,86,178,197,0,12,0,12,0,12,0,12,0,12,0,12,0,12,90,95,15,22,0,12,0,12,0,12,0,12,0,12,3701,711,272,187,3682,705,0,12,197,212,165,93,0,12,3703,711,198,151,0,12,43,55,904,274,2497,705,0,12
"3037","060371064062","Block Group 2, Census Tract 1064.06, Los Angeles County, California",869,375,0,12,0,12,0,12,0,12,0,12,0,12,0,12,0,12,76,98,59,91,0,12,0,12,0,12,0,12,0,12,0,12,142,118,0,12,0,12,0,12,0,12,6,13,0,12,0,12,869,375,19,18,869,375,0,12,18,28,0,12,0,12,869,375,26,22,0,12,0,12,83,56,756,371,0,12
"3038","060371042031","Block Group 1, Census Tract 1042.03, Los Angeles County, California",2827,521,0,12,0,12,0,12,0,12,0,12,0,12,0,12,0,12,421,179,324,164,0,12,0,12,0,12,0,12,0,12,0,12,39,45,43,38,10,16,0,12,0,12,0,12,0,12,0,12,2918,562,712,345,2960,550,10,15,210,118,260,103,21,22,2960,550,68,79,0,12,83,92,82,126,2719,543,0,12
"3039","060371042032","Block Group 2, Census Tract 1042.03, Los Angeles County, California",2359,529,0,12,0,12,0,12,0,12,0,12,0,12,0,12,0,12,421,213,202,102,0,12,0,12,0,12,0,12,0,12,0,12,41,44,54,47,0,12,0,12,0,12,0,12,0,12,0,12,2481,557,673,327,2481,557,42,42,147,96,222,104,15,23,2481,557,0,12,0,12,363,187,0,12,2098,537,0,12
"3040","060372656022","Block Group 2, Census Tract 2656.02, Los Angeles County, California",2150,327,0,12,0,12,0,12,0,12,0,12,0,12,0,12,0,12,0,12,0,12,32,51,0,12,0,12,0,12,0,12,0,12,0,12,0,12,61,37,37,59,0,12,33,50,0,12,0,12,2234,338,213,119,2234,338,13,17,13,19,13,20,0,12,2234,338,312,175,0,12,85,93,1693,273,30,46,0,12
"3041","060372933061","Block Group 1, Census Tract 2933.06, Los Angeles County, California",782,224,0,12,0,12,0,12,0,12,0,12,0,12,0,12,0,12,49,38,22,22,0,12,0,12,5,8,0,12,0,12,0,12,6,9,26,28,0,12,0,12,9,13,0,12,0,12,0,12,859,241,40,33,859,241,0,12,53,58,129,80,5,7,859,241,54,43,0,12,0,12,231,112,546,201,0,12
"3042","060372766042","Block Group 2, Census Tract 2766.04, Los Angeles County, California",2011,370,0,12,0,12,0,12,0,12,0,12,0,12,0,12,0,12,15,24,0,12,0,12,0,12,0,12,0,12,0,12,0,12,9,19,8,18,0,12,0,12,0,12,9,19,0,12,0,12,1965,359,170,108,1965,359,0,12,63,79,32,37,0,12,2053,363,389,178,0,12,105,100,959,357,484,212,0,12
"3043","060372766031","Block Group 1, Census Tract 2766.03, Los Angeles County, California",1970,398,0,12,0,12,0,12,0,12,0,12,0,12,0,12,0,12,0,12,0,12,26,42,0,12,0,12,0,12,0,12,0,12,0,12,0,12,0,12,0,12,26,41,0,12,0,12,0,12,2096,431,88,69,2096,431,0,12,16,28,43,67,0,12,2096,431,131,97,0,12,196,269,1432,363,266,161,27,43
"3044","060372699071","Block Group 1, Census Tract 2699.07, Los Angeles County, California",2615,237,0,12,0,12,0,12,0,12,0,12,0,12,0,12,0,12,0,12,0,12,11,17,0,12,0,12,0,12,0,12,0,12,24,23,0,12,0,12,0,12,0,12,0,12,0,12,0,12,2692,250,172,84,2692,250,0,12,114,57,141,94,7,14,2692,250,525,119,0,12,499,158,1020,213,448,149,0,12
"3045","060372679011","Block Group 1, Census Tract 2679.01, Los Angeles County, California",1144,271,0,12,0,12,0,12,0,12,0,12,0,12,0,12,0,12,0,12,0,12,13,23,0,12,14,23,0,12,0,12,0,12,0,12,0,12,0,12,0,12,79,88,0,12,0,12,0,12,1228,286,44,39,1228,286,0,12,0,12,0,12,0,12,1228,286,342,186,0,12,20,24,827,207,0,12,0,12
"3046","060372679012","Block Group 2, Census Tract 2679.01, Los Angeles County, California",1184,262,0,12,0,12,0,12,0,12,0,12,0,12,0,12,0,12,0,12,0,12,0,12,0,12,0,12,0,12,0,12,0,12,0,12,0,12,27,43,0,12,0,12,0,12,0,12,0,12,1200,266,108,69,1200,266,0,12,0,12,47,53,0,12,1200,266,98,79,0,12,15,19,979,243,76,94,0,12
"3047","060374340041","Block Group 1, Census Tract 4340.04, Los Angeles County, California",1510,258,0,12,0,12,0,12,0,12,0,12,0,12,0,12,0,12,100,59,0,12,0,12,0,12,17,12,5,8,0,12,0,12,51,41,9,14,0,12,0,12,10,15,15,18,0,12,0,12,1563,260,96,101,1563,260,7,10,7,11,12,20,0,12,1563,260,92,51,0,12,0,12,27,31,1444,266,0,12
"3048","060375016005","Block Group 5, Census Tract 5016, Los Angeles County, California",385,134,9,15,0,12,0,12,0,12,0,12,0,12,0,12,0,12,0,12,0,12,0,12,0,12,0,12,0,12,0,12,0,12,0,12,0,12,0,12,0,12,0,12,0,12,0,12,0,12,396,135,30,38,396,135,0,12,8,14,14,24,0,12,396,135,56,56,0,12,0,12,187,113,137,110,0,12
"3049","060374004043","Block Group 3, Census Tract 4004.04, Los Angeles County, California",1219,224,0,12,0,12,0,12,0,12,0,12,0,12,0,12,0,12,0,12,0,12,0,12,0,12,0,12,0,12,0,12,0,12,0,12,0,12,0,12,0,12,0,12,0,12,0,12,0,12,1263,234,55,47,1263,234,0,12,0,12,9,16,10,16,1263,234,232,140,0,12,0,12,849,195,132,75,0,12
"3050","060374004041","Block Group 1, Census Tract 4004.04, Los Angeles County, California",1881,301,0,12,0,12,0,12,0,12,0,12,0,12,0,12,0,12,0,12,0,12,0,12,0,12,11,18,11,18,0,12,0,12,0,12,0,12,0,12,0,12,0,12,0,12,0,12,0,12,1928,298,175,132,1928,298,28,44,25,39,16,25,0,12,1928,298,200,104,2,4,0,12,1022,211,597,272,0,12
"3051","060375725002","Block Group 2, Census Tract 5725, Los Angeles County, California",1824,468,0,12,0,12,0,12,0,12,0,12,0,12,0,12,0,12,60,55,0,12,76,67,0,12,20,28,0,12,0,12,0,12,0,12,21,26,0,12,0,12,0,12,0,12,0,12,0,12,1918,483,133,107,1918,483,0,12,106,63,55,38,0,12,1918,483,561,313,0,12,202,168,196,132,888,402,0,12
"3052","060379203361","Block Group 1, Census Tract 9203.36, Los Angeles County, California",1192,355,0,12,0,12,0,12,0,12,0,12,0,12,0,12,0,12,10,16,29,42,0,12,0,12,0,12,0,12,0,12,0,12,13,19,0,12,8,17,0,12,0,12,0,12,0,12,0,12,1227,373,101,62,1227,373,37,44,11,17,0,12,0,12,1243,373,33,35,0,12,0,12,379,107,710,292,0,12
"3053","060379203362","Block Group 2, Census Tract 9203.36, Los Angeles County, California",1702,577,12,19,0,12,0,12,0,12,0,12,0,12,0,12,0,12,192,128,56,80,0,12,0,12,0,12,0,12,0,12,0,12,0,12,0,12,0,12,0,12,0,12,0,12,0,12,0,12,1896,636,388,270,1896,636,0,12,24,26,103,100,0,12,1896,636,118,124,0,12,0,12,464,247,1264,606,0,12
"3054","060379203364","Block Group 4, Census Tract 9203.36, Los Angeles County, California",1375,458,0,12,0,12,0,12,0,12,0,12,0,12,0,12,0,12,220,81,116,80,0,12,0,12,0,12,0,12,0,12,0,12,29,32,0,12,0,12,0,12,0,12,0,12,0,12,0,12,1505,495,339,272,1505,495,0,12,103,89,175,137,0,12,1505,495,0,12,0,12,16,22,156,88,1241,461,0,12
"3055","060375730031","Block Group 1, Census Tract 5730.03, Los Angeles County, California",1723,152,0,12,0,12,0,12,0,12,0,12,0,12,0,12,0,12,56,33,0,12,0,12,0,12,16,14,3,6,0,12,0,12,34,27,34,34,0,12,0,12,11,11,6,10,0,12,0,12,1834,146,269,126,1843,147,23,28,172,82,81,42,10,14,1843,147,383,136,0,12,100,58,460,104,838,153,11,15
"3056","060375717042","Block Group 2, Census Tract 5717.04, Los Angeles County, California",869,350,0,12,5,16,0,12,0,12,0,12,0,12,0,12,0,12,140,151,8,19,0,12,0,12,25,38,0,12,0,12,0,12,0,12,0,12,0,12,0,12,0,12,0,12,0,12,0,12,919,380,282,284,919,380,5,16,33,44,52,57,0,12,919,380,106,97,0,12,219,190,82,78,497,317,0,12
"3057","060375717043","Block Group 3, Census Tract 5717.04, Los Angeles County, California",1662,385,0,12,0,12,0,12,0,12,0,12,0,12,0,12,0,12,129,80,13,20,0,12,0,12,0,12,20,28,0,12,0,12,9,13,8,11,0,12,0,12,0,12,20,27,0,12,0,12,1812,415,378,235,1812,415,0,12,141,93,185,113,0,12,1812,415,184,151,0,12,316,123,102,74,1210,411,0,12
"3058","060375704032","Block Group 2, Census Tract 5704.03, Los Angeles County, California",1097,286,0,12,0,12,0,12,0,12,8,12,0,12,0,12,0,12,221,86,32,35,0,12,0,12,0,12,0,12,0,12,0,12,0,12,0,12,0,12,0,12,0,12,0,12,0,12,0,12,1276,297,167,143,1276,297,15,24,27,35,140,74,0,12,1276,297,81,103,0,12,81,93,29,36,1085,270,0,12
"3059","060375704033","Block Group 3, Census Tract 5704.03, Los Angeles County, California",1826,459,0,12,0,12,0,12,0,12,10,15,0,12,0,12,0,12,189,98,36,40,0,12,0,12,0,12,0,12,0,12,0,12,7,12,28,25,0,12,0,12,0,12,0,12,0,12,0,12,1977,488,838,395,1977,488,48,53,40,36,88,60,0,12,1977,488,78,87,0,12,148,113,139,148,1612,443,0,12
"3060","060375535031","Block Group 1, Census Tract 5535.03, Los Angeles County, California",2675,253,4,8,0,12,0,12,0,12,0,12,0,12,0,12,0,12,218,77,84,32,0,12,0,12,0,12,0,12,0,12,0,12,107,43,12,13,0,12,0,12,0,12,0,12,0,12,0,12,2876,257,356,172,2906,265,0,12,75,47,158,73,12,14,2906,265,20,19,0,12,405,199,68,49,2380,254,0,12
"3061","060375523021","Block Group 1, Census Tract 5523.02, Los Angeles County, California",1151,309,0,12,0,12,0,12,0,12,0,12,0,12,0,12,0,12,33,30,0,12,0,12,0,12,0,12,0,12,0,12,0,12,33,40,0,12,7,12,0,12,0,12,0,12,0,12,0,12,1194,329,232,178,1194,329,14,16,9,27,78,63,0,12,1194,329,323,198,0,12,26,40,89,63,756,296,0,12
"3062","060375523023","Block Group 3, Census Tract 5523.02, Los Angeles County, California",2243,383,0,12,0,12,0,12,0,12,0,12,0,12,0,12,0,12,49,57,0,12,0,12,0,12,70,54,29,46,0,12,0,12,70,58,16,14,0,12,0,12,11,17,27,40,0,12,0,12,2412,407,156,94,2420,405,28,34,271,138,44,50,0,12,2420,405,484,299,0,12,287,209,386,157,1248,309,0,12
"3063","060375031042","Block Group 2, Census Tract 5031.04, Los Angeles County, California",1876,290,0,12,0,12,0,12,0,12,0,12,0,12,0,12,0,12,124,82,144,87,0,12,0,12,5,9,0,12,0,12,0,12,46,26,71,52,0,12,0,12,0,12,0,12,0,12,0,12,2037,314,195,121,2037,314,16,24,131,78,168,97,0,12,2037,314,68,80,153,230,0,12,97,58,1698,289,21,34
"3064","060375506024","Block Group 4, Census Tract 5506.02, Los Angeles County, California",712,180,0,12,0,12,0,12,0,12,0,12,0,12,0,12,0,12,28,33,13,19,0,12,0,12,0,12,0,12,0,12,0,12,14,26,28,30,0,12,0,12,0,12,16,25,0,12,0,12,727,184,51,57,727,184,0,12,33,35,13,19,0,12,727,184,49,45,0,12,16,26,150,85,439,168,0,12
"3065","060375506021","Block Group 1, Census Tract 5506.02, Los Angeles County, California",492,143,0,12,0,12,0,12,0,12,0,12,0,12,0,12,0,12,33,29,0,12,0,12,0,12,0,12,0,12,0,12,0,12,5,10,0,12,0,12,0,12,10,15,0,12,0,12,0,12,505,146,34,42,505,146,17,26,17,27,44,55,0,12,505,146,21,23,0,12,0,12,130,63,354,163,0,12
"3066","060375506023","Block Group 3, Census Tract 5506.02, Los Angeles County, California",1943,327,0,12,0,12,0,12,0,12,0,12,0,12,0,12,0,12,57,55,31,47,0,12,0,12,10,14,0,12,0,12,0,12,18,28,40,61,0,12,0,12,11,16,0,12,0,12,0,12,2009,333,53,67,2009,333,0,12,72,62,58,56,0,12,2009,333,170,89,0,12,10,15,415,218,1396,349,0,12
"3067","060375506012","Block Group 2, Census Tract 5506.01, Los Angeles County, California",919,366,0,12,0,12,0,12,0,12,0,12,0,12,0,12,0,12,0,12,0,12,0,12,0,12,3,6,0,12,0,12,0,12,17,26,0,12,0,12,0,12,6,9,0,12,0,12,0,12,964,397,9,16,964,397,0,12,63,67,99,143,17,26,964,397,12,15,0,12,11,16,223,139,694,379,0,12
"3068","060375506013","Block Group 3, Census Tract 5506.01, Los Angeles County, California",1010,339,0,12,0,12,0,12,0,12,0,12,0,12,0,12,0,12,53,49,0,12,10,16,0,12,6,9,0,12,0,12,0,12,0,12,0,12,8,12,0,12,0,12,6,10,0,12,0,12,1093,381,190,243,1093,381,0,12,18,27,10,19,0,12,1093,381,44,39,0,12,0,12,243,135,806,384,0,12
"3069","060375502021","Block Group 1, Census Tract 5502.02, Los Angeles County, California",1286,310,10,14,0,12,0,12,0,12,0,12,0,12,0,12,0,12,37,30,17,19,0,12,0,12,15,26,0,12,0,12,0,12,43,49,28,33,0,12,0,12,7,15,0,12,0,12,0,12,1340,324,158,124,1340,324,11,17,11,18,53,42,8,14,1340,324,130,101,0,12,88,109,147,83,945,307,0,12
"3070","060375502023","Block Group 3, Census Tract 5502.02, Los Angeles County, California",803,303,0,12,0,12,0,12,0,12,0,12,0,12,0,12,0,12,31,39,24,36,0,12,0,12,0,12,0,12,0,12,0,12,0,12,0,12,0,12,0,12,0,12,0,12,0,12,0,12,855,322,105,88,855,322,16,25,63,96,49,74,0,12,855,322,0,12,0,12,0,12,127,85,719,319,0,12
"3071","060375502025","Block Group 5, Census Tract 5502.02, Los Angeles County, California",800,362,0,12,0,12,0,12,0,12,0,12,0,12,0,12,0,12,10,16,9,16,0,12,0,12,7,12,0,12,0,12,0,12,0,12,0,12,0,12,0,12,4,9,0,12,0,12,0,12,834,360,56,55,842,360,0,12,18,20,86,98,0,12,842,360,142,84,0,12,121,148,36,26,522,358,0,12
"3072","060373012064","Block Group 4, Census Tract 3012.06, Los Angeles County, California",1143,402,0,12,0,12,32,50,0,12,0,12,0,12,0,12,0,12,19,30,0,12,99,71,24,30,0,12,0,12,0,12,0,12,0,12,0,12,25,38,79,70,4,9,0,12,0,12,0,12,1188,408,379,310,1188,408,22,35,17,19,38,31,0,12,1188,408,186,176,0,12,44,68,855,360,103,89,0,12
"3073","060373012051","Block Group 1, Census Tract 3012.05, Los Angeles County, California",876,147,0,12,0,12,4,9,0,12,0,12,0,12,0,12,0,12,4,8,0,12,5,8,0,12,0,12,0,12,0,12,0,12,0,12,0,12,0,12,0,12,0,12,0,12,0,12,0,12,907,153,53,53,907,153,0,12,0,12,2,5,0,12,907,153,33,22,0,12,0,12,781,154,68,46,0,12
"3074","060373012052","Block Group 2, Census Tract 3012.05, Los Angeles County, California",360,96,0,12,0,12,0,12,0,12,0,12,0,12,0,12,0,12,0,12,0,12,0,12,0,12,0,12,0,12,0,12,0,12,0,12,0,12,0,12,0,12,0,12,0,12,0,12,0,12,360,96,0,12,360,96,0,12,0,12,0,12,0,12,360,96,70,41,0,12,0,12,156,95,107,66,0,12
"3075","060373003011","Block Group 1, Census Tract 3003.01, Los Angeles County, California",1190,226,0,12,0,12,0,12,0,12,0,12,0,12,0,12,0,12,26,40,0,12,0,12,0,12,6,11,0,12,0,12,0,12,0,12,0,12,0,12,0,12,0,12,0,12,0,12,0,12,1311,246,68,69,1311,246,0,12,0,12,10,18,0,12,1311,246,158,127,0,12,21,25,1029,249,50,53,0,12
"3076","060375317011","Block Group 1, Census Tract 5317.01, Los Angeles County, California",2823,529,9,15,0,12,0,12,0,12,0,12,0,12,0,12,0,12,386,166,171,129,0,12,0,12,0,12,0,12,0,12,0,12,138,93,29,42,0,12,0,12,0,12,0,12,0,12,0,12,2995,544,230,223,2995,544,60,53,27,37,150,121,25,38,2995,544,0,12,0,12,0,12,188,291,2807,516,0,12
"3077","060375317012","Block Group 2, Census Tract 5317.01, Los Angeles County, California",2268,434,0,12,0,12,0,12,0,12,0,12,0,12,0,12,0,12,349,137,76,71,0,12,0,12,0,12,0,12,0,12,0,12,147,83,75,67,0,12,0,12,0,12,0,12,0,12,0,12,2380,446,566,312,2380,446,12,18,86,75,230,99,13,22,2380,446,0,12,0,12,0,12,28,31,2338,449,14,22
"3078","060373019001","Block Group 1, Census Tract 3019, Los Angeles County, California",2282,507,0,12,0,12,0,12,0,12,0,12,0,12,0,12,0,12,0,12,0,12,52,72,0,12,38,50,0,12,0,12,0,12,0,12,0,12,204,197,39,64,13,22,0,12,0,12,0,12,2635,579,318,331,2635,579,0,12,107,130,14,21,0,12,2635,579,525,273,0,12,7,11,1691,574,373,346,0,12
"3079","060373019002","Block Group 2, Census Tract 3019, Los Angeles County, California",1367,450,0,12,0,12,0,12,0,12,0,12,0,12,0,12,0,12,0,12,3,8,169,153,0,12,0,12,0,12,38,63,0,12,6,15,4,8,58,55,28,41,4,8,0,12,0,12,0,12,1327,480,235,221,1327,480,0,12,33,56,2,29,0,12,1422,471,377,319,0,12,65,117,826,424,139,122,0,12
"3080","060373019003","Block Group 3, Census Tract 3019, Los Angeles County, California",852,321,0,12,0,12,0,12,0,12,0,12,0,12,0,12,0,12,0,12,0,12,41,45,0,12,0,12,0,12,0,12,0,12,20,34,17,32,44,46,10,17,19,32,0,12,0,12,0,12,896,343,62,100,896,343,35,58,0,12,92,93,0,12,896,343,114,144,0,12,16,26,537,260,200,161,0,12
"3081","060373019004","Block Group 4, Census Tract 3019, Los Angeles County, California",3059,578,0,12,0,12,17,27,0,12,98,157,0,12,0,12,0,12,69,102,0,12,164,172,0,12,0,12,30,49,0,12,0,12,0,12,0,12,168,157,92,118,0,12,0,12,0,12,0,12,3141,587,721,444,3239,631,0,12,27,43,76,65,0,12,3239,631,742,407,0,12,33,63,1936,548,496,357,0,12
"3082","060374006031","Block Group 1, Census Tract 4006.03, Los Angeles County, California",3659,399,9,15,0,12,0,12,0,12,20,27,0,12,0,12,0,12,120,76,47,74,0,12,0,12,52,57,0,12,0,12,0,12,20,22,20,26,0,12,0,12,12,20,0,12,0,12,0,12,3874,416,250,241,3895,419,16,24,27,32,99,68,0,12,3895,419,582,152,0,12,50,59,1092,235,2023,405,0,12
"3083","060375759014","Block Group 4, Census Tract 5759.01, Los Angeles County, California",784,261,0,12,0,12,0,12,0,12,0,12,0,12,0,12,0,12,28,28,54,61,0,12,0,12,9,16,0,12,0,12,0,12,0,12,7,14,0,12,0,12,0,12,0,12,0,12,0,12,831,314,101,60,831,314,0,12,75,53,96,72,0,12,831,314,53,39,0,12,83,59,105,42,567,324,7,11
"3084","060375759011","Block Group 1, Census Tract 5759.01, Los Angeles County, California",1131,292,0,12,0,12,0,12,0,12,0,12,0,12,0,12,0,12,38,40,53,71,0,12,0,12,0,12,0,12,0,12,0,12,0,12,0,12,0,12,0,12,0,12,0,12,0,12,0,12,1220,311,308,215,1220,311,0,12,35,44,68,48,0,12,1220,311,69,56,0,12,283,221,363,153,478,273,7,12
"3085","060375759013","Block Group 3, Census Tract 5759.01, Los Angeles County, California",511,161,0,12,0,12,0,12,0,12,0,12,0,12,0,12,0,12,16,18,10,15,0,12,0,12,0,12,0,12,0,12,0,12,0,12,0,12,0,12,0,12,0,12,0,12,0,12,0,12,575,187,57,75,575,187,0,12,35,55,16,20,0,12,575,187,71,59,0,12,251,137,75,53,178,150,0,12
"3086","060375759012","Block Group 2, Census Tract 5759.01, Los Angeles County, California",859,225,21,33,0,12,0,12,0,12,0,12,0,12,0,12,0,12,82,81,38,30,0,12,0,12,0,12,0,12,0,12,0,12,0,12,14,21,0,12,0,12,0,12,0,12,0,12,0,12,927,271,339,211,927,271,16,25,38,33,71,49,0,12,927,271,74,56,0,12,89,80,111,66,574,276,0,12
"3087","060376006013","Block Group 3, Census Tract 6006.01, Los Angeles County, California",600,134,0,12,0,12,0,12,0,12,0,12,0,12,0,12,0,12,0,12,0,12,0,12,0,12,0,12,0,12,0,12,0,12,0,12,0,12,0,12,0,12,0,12,0,12,0,12,0,12,622,143,114,118,622,143,0,12,0,12,32,22,0,12,622,143,0,12,0,12,576,139,0,12,13,20,0,12
"3088","060374044021","Block Group 1, Census Tract 4044.02, Los Angeles County, California",1634,544,0,12,0,12,0,12,0,12,0,12,0,12,0,12,0,12,242,233,83,90,0,12,0,12,18,24,89,80,0,12,0,12,36,42,18,19,0,12,0,12,4,13,24,41,0,12,0,12,1826,600,192,139,1826,600,0,12,24,32,172,213,7,11,1826,600,464,231,0,12,123,181,12,21,1177,535,0,12
"3089","060374044022","Block Group 2, Census Tract 4044.02, Los Angeles County, California",1417,520,0,12,0,12,0,12,0,12,0,12,0,12,0,12,0,12,176,128,0,12,0,12,0,12,0,12,0,12,0,12,0,12,0,12,20,26,0,12,0,12,0,12,0,12,0,12,0,12,1486,552,23,28,1486,552,0,12,46,56,0,12,14,24,1486,552,59,87,0,12,0,12,98,61,1253,483,0,12
"3090","060374063002","Block Group 2, Census Tract 4063, Los Angeles County, California",3528,496,0,12,0,12,0,12,0,12,0,12,0,12,43,64,0,12,52,47,6,11,27,42,0,12,81,41,0,12,21,32,0,12,0,12,18,26,0,12,35,55,57,46,20,33,0,12,0,12,3824,529,416,330,3824,529,78,73,138,105,60,54,0,12,3824,529,1036,285,0,12,97,77,904,323,1549,432,0,12
"3091","060374063001","Block Group 1, Census Tract 4063, Los Angeles County, California",1985,410,0,12,0,12,0,12,0,12,17,25,0,12,0,12,0,12,8,13,7,12,0,12,0,12,21,18,0,12,0,12,0,12,24,40,0,12,0,12,0,12,38,29,32,45,0,12,0,12,2005,413,188,125,2005,413,47,67,27,33,60,87,12,16,2005,413,918,313,9,15,0,12,276,116,660,217,0,12
"3092","060375332021","Block Group 1, Census Tract 5332.02, Los Angeles County, California",1370,351,14,23,11,19,0,12,0,12,0,12,0,12,0,12,0,12,149,59,88,82,0,12,0,12,0,12,0,12,0,12,0,12,45,37,31,36,0,12,0,12,0,12,0,12,0,12,0,12,1447,363,181,122,1462,366,15,23,73,59,122,76,0,12,1462,366,0,12,0,12,0,12,13,18,1449,366,0,12
"3093","060375332022","Block Group 2, Census Tract 5332.02, Los Angeles County, California",1546,354,14,22,3,6,0,12,0,12,0,12,0,12,0,12,0,12,204,90,184,89,0,12,0,12,0,12,0,12,0,12,0,12,58,42,64,54,0,12,0,12,0,12,0,12,0,12,0,12,1662,391,210,194,1662,391,65,58,141,99,228,133,0,12,1662,391,0,12,0,12,0,12,0,12,1654,394,8,12
"3094","060375417001","Block Group 1, Census Tract 5417, Los Angeles County, California",1239,430,0,12,0,12,0,12,0,12,0,12,0,12,0,12,0,12,105,83,102,74,0,12,0,12,0,12,0,12,0,12,0,12,12,20,27,43,0,12,0,12,0,12,0,12,0,12,0,12,1336,470,157,142,1336,470,0,12,32,36,130,59,0,12,1336,470,19,28,0,12,10,16,0,12,1274,476,33,51
"3095","060377028031","Block Group 1, Census Tract 7028.03, Los Angeles County, California",590,183,5,9,0,12,0,12,0,12,0,12,0,12,0,12,0,12,72,69,22,29,0,12,0,12,31,33,23,31,0,12,0,12,0,12,0,12,0,12,0,12,0,12,0,12,0,12,0,12,648,217,113,137,648,217,0,12,12,21,87,86,0,12,648,217,148,122,0,12,33,45,113,61,266,186,12,19
"3096","060377028033","Block Group 3, Census Tract 7028.03, Los Angeles County, California",1117,212,20,31,0,12,0,12,0,12,0,12,0,12,0,12,0,12,57,50,19,30,0,12,0,12,0,12,0,12,0,12,0,12,0,12,0,12,0,12,0,12,0,12,0,12,0,12,0,12,1233,232,215,116,1233,232,34,37,56,61,80,64,0,12,1233,232,98,100,0,12,43,45,664,165,391,185,34,48
"3097","060379008062","Block Group 2, Census Tract 9008.06, Los Angeles County, California",2211,396,0,12,0,12,0,12,0,12,0,12,0,12,0,12,0,12,128,83,0,12,0,12,0,12,0,12,0,12,0,12,0,12,8,14,36,40,0,12,0,12,8,11,0,12,0,12,0,12,2355,496,799,368,2344,498,9,15,54,66,61,60,0,12,2355,496,218,197,0,12,586,305,599,165,837,338,0,12
"3098","060379008061","Block Group 1, Census Tract 9008.06, Los Angeles County, California",2118,505,0,12,0,12,0,12,0,12,0,12,0,12,0,12,0,12,0,12,0,12,0,12,0,12,1,4,0,12,0,12,0,12,0,12,0,12,0,12,0,12,0,12,0,12,0,12,0,12,2241,520,1048,490,2262,519,0,12,51,52,87,101,0,12,2279,517,19,18,0,12,1232,525,365,134,663,330,0,12
"3099","060372715001","Block Group 1, Census Tract 2715, Los Angeles County, California",982,202,0,12,0,12,0,12,0,12,0,12,0,12,0,12,0,12,0,12,0,12,0,12,0,12,0,12,0,12,0,12,0,12,0,12,0,12,0,12,0,12,0,12,0,12,0,12,0,12,993,213,64,86,1014,212,0,12,9,14,0,12,0,12,1014,212,135,94,36,55,85,118,600,129,89,80,0,12
"3100","060372715002","Block Group 2, Census Tract 2715, Los Angeles County, California",760,187,0,12,0,12,0,12,0,12,0,12,0,12,0,12,0,12,0,12,0,12,0,12,0,12,0,12,0,12,0,12,0,12,0,12,0,12,0,12,0,12,15,24,0,12,0,12,0,12,772,190,33,39,772,190,0,12,0,12,0,12,0,12,772,190,143,111,0,12,0,12,442,130,158,123,0,12
"3101","060372772001","Block Group 1, Census Tract 2772, Los Angeles County, California",2103,238,0,12,0,12,0,12,0,12,0,12,0,12,0,12,0,12,72,60,0,12,0,12,0,12,0,12,0,12,0,12,0,12,0,12,0,12,0,12,0,12,0,12,0,12,0,12,0,12,2196,236,469,184,2196,236,0,12,10,16,17,30,0,12,2196,236,215,150,0,12,604,228,503,159,764,186,0,12
"3102","060372014011","Block Group 1, Census Tract 2014.01, Los Angeles County, California",2450,418,0,12,0,12,0,12,0,12,0,12,0,12,0,12,0,12,213,95,82,65,0,12,0,12,19,24,0,12,0,12,0,12,74,64,37,45,0,12,0,12,22,23,10,15,0,12,0,12,2699,488,725,336,2704,489,32,37,117,77,131,64,11,16,2704,489,243,138,0,12,28,37,222,127,1923,406,152,223
"3103","060372122022","Block Group 2, Census Tract 2122.02, Los Angeles County, California",1146,243,0,12,0,12,0,12,0,12,0,12,0,12,0,12,0,12,221,121,105,63,0,12,0,12,22,33,77,73,0,12,0,12,29,41,7,11,0,12,0,12,0,12,25,27,0,12,0,12,1208,257,317,193,1208,257,8,15,131,88,97,66,0,12,1208,257,353,201,0,12,74,54,28,29,753,299,0,12
"3104","060374325003","Block Group 3, Census Tract 4325, Los Angeles County, California",1980,626,0,12,0,12,0,12,0,12,0,12,0,12,0,12,0,12,98,90,81,76,0,12,0,12,82,111,0,12,0,12,0,12,20,30,59,68,0,12,0,12,109,83,49,48,0,12,0,12,2049,681,232,133,2049,681,0,12,65,72,190,117,16,27,2095,692,847,330,0,12,0,12,71,51,1177,658,0,12
"3105","060374325004","Block Group 4, Census Tract 4325, Los Angeles County, California",2046,640,0,12,0,12,0,12,0,12,0,12,0,12,0,12,0,12,159,112,0,12,0,12,0,12,78,112,54,57,0,12,0,12,49,75,0,12,0,12,0,12,139,131,19,32,0,12,0,12,2023,600,156,212,2057,652,40,56,101,154,181,172,0,12,2078,650,676,343,0,12,0,12,167,153,1180,540,0,12
"3106","060374338022","Block Group 2, Census Tract 4338.02, Los Angeles County, California",1614,321,0,12,0,12,0,12,0,12,0,12,0,12,0,12,0,12,48,30,39,37,0,12,0,12,17,22,3,5,0,12,0,12,99,55,45,31,0,12,0,12,7,10,0,12,0,12,0,12,1723,336,128,129,1723,336,0,12,12,12,58,42,0,12,1723,336,50,54,0,12,13,19,133,77,1527,333,0,12
"3107","060375041011","Block Group 1, Census Tract 5041.01, Los Angeles County, California",2259,337,9,14,0,12,0,12,0,12,0,12,0,12,0,12,0,12,194,80,64,99,0,12,0,12,29,32,0,12,14,21,0,12,102,68,33,31,0,12,7,11,92,93,0,12,0,12,8,13,2348,338,261,147,2359,342,23,35,101,87,184,122,0,12,2359,342,358,180,0,12,76,56,356,96,1538,338,10,17
"3108","060375300052","Block Group 2, Census Tract 5300.05, Los Angeles County, California",1960,307,0,12,0,12,0,12,0,12,0,12,0,12,0,12,0,12,0,12,0,12,19,23,0,12,31,35,23,27,0,12,0,12,42,39,36,54,0,12,0,12,172,74,61,61,0,12,0,12,2025,313,141,112,2056,322,0,12,10,16,62,49,0,12,2065,322,1075,197,0,12,0,12,198,126,792,293,0,12
"3109","060376210044","Block Group 4, Census Tract 6210.04, Los Angeles County, California",532,146,0,12,0,12,0,12,0,12,0,12,0,12,0,12,0,12,15,29,0,12,0,12,0,12,0,12,0,12,0,12,0,12,0,12,0,12,0,12,0,12,0,12,0,12,0,12,0,12,561,155,13,22,561,155,0,12,0,12,18,29,0,12,561,155,14,23,0,12,0,12,487,143,28,37,0,12
"3110","060376210045","Block Group 5, Census Tract 6210.04, Los Angeles County, California",789,281,0,12,0,12,0,12,0,12,0,12,0,12,0,12,0,12,0,12,0,12,0,12,0,12,0,12,0,12,0,12,0,12,0,12,0,12,0,12,0,12,46,72,0,12,0,12,0,12,872,349,0,12,872,349,0,12,0,12,16,26,0,12,872,349,116,186,0,12,0,12,568,240,170,232,0,12
"3111","060376209042","Block Group 2, Census Tract 6209.04, Los Angeles County, California",408,158,0,12,0,12,0,12,0,12,0,12,0,12,0,12,0,12,0,12,0,12,0,12,0,12,0,12,0,12,0,12,0,12,0,12,0,12,0,12,0,12,0,12,0,12,0,12,0,12,415,164,6,9,422,165,0,12,0,12,0,12,0,12,422,165,0,12,0,12,0,12,366,154,56,51,0,12
"3112","060376203057","Block Group 7, Census Tract 6203.05, Los Angeles County, California",1260,322,0,12,0,12,0,12,0,12,0,12,0,12,0,12,0,12,0,12,0,12,0,12,0,12,0,12,0,12,0,12,0,12,0,12,0,12,0,12,0,12,0,12,0,12,0,12,0,12,1294,333,55,55,1294,333,0,12,0,12,0,12,0,12,1294,333,220,241,0,12,0,12,1011,245,63,64,0,12
"3113","060376203051","Block Group 1, Census Tract 6203.05, Los Angeles County, California",666,224,0,12,0,12,0,12,0,12,0,12,0,12,0,12,0,12,0,12,0,12,0,12,0,12,0,12,0,12,0,12,0,12,0,12,0,12,0,12,0,12,0,12,0,12,0,12,0,12,688,231,0,12,688,231,0,12,0,12,0,12,0,12,688,231,76,95,0,12,0,12,465,173,123,115,0,12
"3114","060375312012","Block Group 2, Census Tract 5312.01, Los Angeles County, California",2673,514,78,65,0,12,0,12,0,12,0,12,0,12,0,12,0,12,490,209,275,271,0,12,0,12,0,12,0,12,0,12,0,12,129,86,23,34,0,12,0,12,0,12,0,12,0,12,25,36,2827,533,650,438,2827,533,80,132,194,119,236,158,0,12,2827,533,0,12,6,11,0,12,46,56,2775,527,0,12
"3115","060377001014","Block Group 4, Census Tract 7001.01, Los Angeles County, California",1277,248,0,12,0,12,0,12,0,12,0,12,0,12,0,12,0,12,0,12,0,12,18,29,0,12,0,12,2,4,0,12,0,12,0,12,0,12,53,67,56,85,0,12,0,12,0,12,0,12,1292,252,107,84,1292,252,0,12,95,102,27,39,0,12,1292,252,39,41,0,12,47,52,1075,251,127,84,4,5
"3116","060377001015","Block Group 5, Census Tract 7001.01, Los Angeles County, California",802,238,0,12,0,12,0,12,0,12,0,12,0,12,0,12,0,12,8,16,0,12,0,12,0,12,0,12,0,12,0,12,0,12,0,12,0,12,18,29,0,12,0,12,0,12,0,12,0,12,823,245,43,68,823,245,0,12,19,29,19,31,0,12,823,245,0,12,0,12,0,12,670,220,153,93,0,12
"3117","060377001011","Block Group 1, Census Tract 7001.01, Los Angeles County, California",895,235,0,12,0,12,0,12,0,12,0,12,0,12,0,12,0,12,0,12,0,12,0,12,0,12,0,12,0,12,0,12,0,12,0,12,0,12,48,79,0,12,0,12,0,12,0,12,0,12,929,243,212,148,929,243,0,12,81,107,20,33,0,12,929,243,0,12,0,12,132,119,719,220,78,73,0,12
"3118","060377001012","Block Group 2, Census Tract 7001.01, Los Angeles County, California",1383,291,0,12,0,12,0,12,0,12,0,12,0,12,0,12,0,12,0,12,0,12,0,12,0,12,0,12,0,12,0,12,0,12,0,12,0,12,35,40,107,118,0,12,0,12,0,12,0,12,1383,291,231,150,1383,291,0,12,48,53,19,31,0,12,1383,291,72,94,0,12,0,12,1115,273,134,100,0,12
"3119","060371095003","Block Group 3, Census Tract 1095, Los Angeles County, California",1594,492,0,12,9,14,0,12,0,12,0,12,0,12,0,12,0,12,137,131,21,36,0,12,0,12,0,12,0,12,0,12,0,12,107,104,64,69,0,12,0,12,0,12,0,12,0,12,0,12,1615,506,390,352,1660,524,0,12,9,18,36,33,0,12,1660,524,33,52,0,12,2,4,80,82,1545,511,0,12
"3120","060371113013","Block Group 3, Census Tract 1113.01, Los Angeles County, California",2885,715,0,12,0,12,0,12,0,12,0,12,0,12,0,12,0,12,18,28,0,12,34,55,0,12,0,12,54,86,31,50,0,12,31,43,0,12,18,31,0,12,76,81,0,12,0,12,0,12,3000,770,208,166,3000,770,0,12,83,78,137,159,0,12,3000,770,791,357,0,12,36,31,1270,459,867,541,0,12
"3121","060371113014","Block Group 4, Census Tract 1113.01, Los Angeles County, California",1237,413,0,12,0,12,0,12,0,12,0,12,0,12,0,12,0,12,37,57,0,12,0,12,0,12,0,12,0,12,0,12,0,12,12,20,0,12,0,12,0,12,23,35,0,12,0,12,0,12,1315,448,250,245,1315,448,0,12,29,45,29,33,0,12,1315,448,115,96,0,12,226,221,358,221,436,286,0,12
"3122","060375031052","Block Group 2, Census Tract 5031.05, Los Angeles County, California",2212,408,0,12,0,12,0,12,0,12,0,12,0,12,0,12,0,12,214,162,72,114,0,12,0,12,0,12,0,12,0,12,0,12,25,28,0,12,0,12,0,12,0,12,0,12,0,12,0,12,2422,452,407,215,2430,455,72,84,149,90,256,179,27,42,2430,455,75,46,0,12,0,12,245,96,2104,467,0,12
"3123","060375031051","Block Group 1, Census Tract 5031.05, Los Angeles County, California",1667,368,0,12,0,12,0,12,0,12,0,12,0,12,0,12,0,12,10,14,8,11,0,12,0,12,7,13,0,12,0,12,0,12,11,17,16,17,0,12,0,12,0,12,0,12,0,12,0,12,1798,402,38,27,1798,402,45,70,69,62,129,125,0,12,1798,402,101,101,0,12,4,7,309,99,1353,360,0,12
"3124","060375031031","Block Group 1, Census Tract 5031.03, Los Angeles County, California",1847,411,18,29,0,12,0,12,0,12,0,12,0,12,0,12,0,12,144,111,51,55,0,12,0,12,0,12,0,12,0,12,0,12,89,74,5,11,0,12,0,12,0,12,0,12,0,12,0,12,1978,434,218,197,1978,434,22,35,103,90,137,126,0,12,1978,434,20,25,0,12,0,12,80,68,1878,438,0,12
"3125","060375031032","Block Group 2, Census Tract 5031.03, Los Angeles County, California",1147,353,3,7,0,12,0,12,0,12,0,12,0,12,0,12,0,12,48,46,0,12,0,12,0,12,0,12,0,12,0,12,0,12,29,34,31,51,0,12,0,12,0,12,0,12,0,12,0,12,1171,365,59,56,1171,365,0,12,23,26,80,61,0,12,1171,365,24,47,0,12,0,12,138,64,1009,380,0,12
"3126","060371081032","Block Group 2, Census Tract 1081.03, Los Angeles County, California",1273,248,0,12,0,12,0,12,0,12,0,12,0,12,0,12,0,12,0,12,0,12,28,28,0,12,0,12,0,12,0,12,0,12,0,12,0,12,14,17,0,12,0,12,0,12,0,12,0,12,1396,305,54,52,1396,305,0,12,28,40,0,12,0,12,1396,305,468,170,0,12,0,12,809,267,50,73,0,12
"3127","060375511011","Block Group 1, Census Tract 5511.01, Los Angeles County, California",1412,325,0,12,0,12,0,12,0,12,0,12,0,12,0,12,0,12,92,105,22,33,9,14,0,12,63,62,0,12,0,12,0,12,31,38,0,12,0,12,0,12,8,13,0,12,0,12,0,12,1572,378,242,144,1572,378,0,12,55,43,111,109,0,12,1572,378,338,159,0,12,104,96,94,65,1006,377,0,12
"3128","060375509024","Block Group 4, Census Tract 5509.02, Los Angeles County, California",1577,433,0,12,9,14,0,12,0,12,0,12,0,12,0,12,0,12,46,33,0,12,0,12,0,12,0,12,0,12,0,12,0,12,0,12,0,12,0,12,0,12,0,12,0,12,13,21,0,12,1706,446,222,185,1706,446,34,30,60,47,111,82,0,12,1706,446,61,62,0,12,31,26,69,53,1477,452,0,12
"3129","060375509021","Block Group 1, Census Tract 5509.02, Los Angeles County, California",1156,359,0,12,0,12,0,12,0,12,0,12,0,12,0,12,0,12,50,51,32,42,11,16,0,12,23,24,0,12,0,12,0,12,55,50,0,12,0,12,0,12,6,11,7,11,0,12,0,12,1159,359,50,53,1159,359,21,34,12,26,114,103,0,12,1159,359,197,90,0,12,4,7,130,89,828,361,0,12
"3130","060375509011","Block Group 1, Census Tract 5509.01, Los Angeles County, California",2095,415,0,12,0,12,0,12,0,12,0,12,0,12,0,12,0,12,93,71,23,28,0,12,0,12,0,12,0,12,0,12,0,12,22,27,0,12,0,12,0,12,0,12,0,12,8,12,8,12,2202,434,406,304,2202,434,0,12,8,14,97,60,0,12,2206,434,208,134,0,12,66,55,251,122,1664,422,0,12
"3131","060375509013","Block Group 3, Census Tract 5509.01, Los Angeles County, California",1101,231,0,12,0,12,0,12,0,12,0,12,0,12,0,12,0,12,0,12,0,12,8,13,0,12,10,15,0,12,0,12,0,12,30,35,0,12,0,12,0,12,0,12,0,12,0,12,0,12,1215,265,119,92,1215,265,25,40,103,98,76,55,0,12,1215,265,60,67,0,12,28,44,250,109,855,283,0,12
"3132","060372404011","Block Group 1, Census Tract 2404.01, Los Angeles County, California",1469,452,0,12,0,12,0,12,0,12,0,12,0,12,0,12,0,12,413,254,19,23,0,12,0,12,0,12,0,12,0,12,0,12,24,29,34,34,0,12,0,12,7,10,0,12,0,12,0,12,1641,544,532,294,1641,544,53,59,61,46,63,59,10,16,1641,544,7,10,0,12,220,126,10,17,1404,534,0,12
"3133","060372404012","Block Group 2, Census Tract 2404.01, Los Angeles County, California",2461,623,12,19,0,12,0,12,0,12,0,12,0,12,0,12,0,12,338,206,158,93,0,12,0,12,0,12,0,12,0,12,0,12,16,22,17,24,0,12,0,12,12,19,0,12,0,12,0,12,2774,693,986,489,2774,693,0,12,158,97,146,80,12,20,2774,693,39,61,0,12,500,303,0,12,2227,673,0,12
"3134","060372371021","Block Group 1, Census Tract 2371.02, Los Angeles County, California",1572,301,7,11,0,12,0,12,0,12,0,12,0,12,0,12,0,12,220,76,205,133,0,12,0,12,0,12,0,12,0,12,0,12,39,29,25,23,0,12,0,12,0,12,0,12,0,12,0,12,1668,312,390,244,1668,312,51,64,100,62,204,126,0,12,1668,312,0,12,0,12,280,109,38,53,1339,297,0,12
"3135","060374603013","Block Group 3, Census Tract 4603.01, Los Angeles County, California",448,140,0,12,0,12,0,12,0,12,0,12,0,12,0,12,0,12,6,14,2,7,0,12,0,12,0,12,0,12,0,12,0,12,5,9,0,12,0,12,0,12,0,12,0,12,0,12,0,12,448,140,103,98,448,140,0,12,0,12,9,14,0,12,448,140,22,25,0,12,37,32,204,72,185,121,0,12
"3136","060374603014","Block Group 4, Census Tract 4603.01, Los Angeles County, California",2067,409,14,22,0,12,0,12,0,12,0,12,0,12,0,12,0,12,0,12,0,12,0,12,0,12,0,12,0,12,0,12,0,12,0,12,0,12,0,12,0,12,0,12,0,12,0,12,0,12,2151,421,206,225,2151,421,0,12,38,57,13,24,0,12,2151,421,66,70,0,12,440,237,1107,205,397,205,22,29
"3137","060379303012","Block Group 2, Census Tract 9303.01, Los Angeles County, California",447,110,0,12,0,12,0,12,0,12,0,12,0,12,0,12,0,12,8,12,0,12,7,12,0,12,0,12,0,12,0,12,0,12,0,12,0,12,0,12,0,12,0,12,0,12,0,12,0,12,367,105,12,13,367,105,0,12,0,12,0,12,0,12,457,113,10,14,0,12,29,24,315,91,64,28,0,12
"3138","060379203381","Block Group 1, Census Tract 9203.38, Los Angeles County, California",5346,336,0,17,0,17,0,17,0,17,0,17,0,17,0,17,0,17,13,19,0,17,0,17,0,17,29,32,0,17,0,17,0,17,0,17,0,17,0,17,0,17,27,32,0,17,0,17,0,17,5697,350,375,173,5711,352,11,16,139,126,60,44,0,17,5711,352,1143,195,0,17,245,253,3038,288,819,247,0,17
"3139","060379201191","Block Group 1, Census Tract 9201.19, Los Angeles County, California",1842,121,0,12,0,12,0,12,0,12,0,12,0,12,0,12,0,12,9,13,0,12,0,12,0,12,7,10,0,12,0,12,0,12,0,12,0,12,0,12,0,12,8,11,0,12,0,12,0,12,1963,102,153,96,1974,103,0,12,7,10,13,14,0,12,1974,103,217,46,0,12,50,42,1136,128,508,115,0,12
"3140","060379201161","Block Group 1, Census Tract 9201.16, Los Angeles County, California",554,164,0,12,0,12,0,12,0,12,0,12,0,12,0,12,0,12,0,12,0,12,0,12,0,12,0,12,0,12,0,12,0,12,15,22,0,12,0,12,0,12,0,12,0,12,0,12,0,12,589,178,7,12,589,178,0,12,12,18,27,42,0,12,589,178,40,62,27,42,0,12,386,154,136,120,0,12
"3141","060379201162","Block Group 2, Census Tract 9201.16, Los Angeles County, California",4470,358,10,19,0,12,0,12,0,12,12,18,0,12,0,12,0,12,28,41,0,12,26,39,0,12,26,39,0,12,0,12,10,17,15,20,0,12,0,12,18,28,12,19,0,12,0,12,0,12,4875,435,350,199,4880,433,70,103,47,51,102,71,0,12,4892,438,616,161,10,17,436,300,2588,428,1070,279,0,12
"3142","060379200451","Block Group 1, Census Tract 9200.45, Los Angeles County, California",654,146,0,12,0,12,0,12,0,12,0,12,0,12,0,12,0,12,0,12,0,12,0,12,0,12,0,12,0,12,0,12,0,12,0,12,0,12,0,12,0,12,0,12,0,12,0,12,0,12,689,153,0,12,689,153,9,14,0,12,0,12,0,12,689,153,156,117,0,12,51,48,287,117,162,101,0,12
"3143","060379200452","Block Group 2, Census Tract 9200.45, Los Angeles County, California",2455,295,12,18,0,12,0,12,0,12,0,12,0,12,0,12,0,12,0,12,0,12,0,12,0,12,7,12,0,12,0,12,0,12,32,42,0,12,0,12,0,12,8,13,0,12,0,12,0,12,2534,297,55,48,2534,297,0,12,44,37,23,26,0,12,2534,297,172,112,4,8,10,16,1811,251,522,186,0,12
"3144","060379107132","Block Group 2, Census Tract 9107.13, Los Angeles County, California",3525,468,6,11,0,12,0,12,0,12,0,12,0,12,0,12,0,12,222,119,87,60,0,12,0,12,0,12,0,12,0,12,0,12,81,40,0,12,0,12,0,12,0,12,0,12,0,12,0,12,3739,531,309,164,3806,542,46,36,218,129,99,70,0,12,3806,542,99,92,0,12,358,161,378,142,2926,498,12,21
"3145","060375703014","Block Group 4, Census Tract 5703.01, Los Angeles County, California",1336,368,0,12,0,12,0,12,0,12,0,12,0,12,0,12,0,12,52,58,132,144,0,12,0,12,0,12,0,12,0,12,0,12,0,12,0,12,0,12,0,12,33,53,32,53,0,12,0,12,1336,368,166,131,1336,368,0,12,110,115,87,88,0,12,1336,368,348,157,0,12,105,113,288,129,546,336,0,12
"3146","060379102101","Block Group 1, Census Tract 9102.10, Los Angeles County, California",6754,561,0,17,0,17,0,17,0,17,0,17,0,17,0,17,0,17,87,83,20,32,51,64,13,23,130,146,0,17,0,17,0,17,0,17,0,17,0,17,13,23,0,17,0,17,0,17,0,17,7184,523,384,374,7239,540,18,29,87,72,148,134,0,17,7239,540,643,175,0,17,920,365,3163,483,2425,638,0,17
"3147","060375330021","Block Group 1, Census Tract 5330.02, Los Angeles County, California",1209,219,5,8,0,12,0,12,0,12,0,12,0,12,0,12,0,12,103,41,87,44,0,12,0,12,0,12,0,12,0,12,0,12,21,24,51,33,0,12,0,12,0,12,0,12,0,12,0,12,1329,246,408,194,1329,246,7,11,28,26,115,53,0,12,1329,246,0,12,0,12,0,12,19,21,1234,234,0,12
"3148","060375330022","Block Group 2, Census Tract 5330.02, Los Angeles County, California",1215,223,0,12,9,14,0,12,0,12,0,12,0,12,0,12,0,12,210,80,147,77,0,12,0,12,0,12,0,12,0,12,0,12,6,10,0,12,0,12,0,12,0,12,0,12,0,12,0,12,1376,259,520,265,1376,259,19,21,113,90,124,48,26,38,1376,259,0,12,0,12,10,15,0,12,1366,258,0,12
"3149","060377001022","Block Group 2, Census Tract 7001.02, Los Angeles County, California",1629,311,0,12,0,12,0,12,0,12,0,12,0,12,0,12,0,12,87,120,0,12,0,12,0,12,0,12,0,12,0,12,0,12,0,12,0,12,120,95,0,12,12,26,0,12,0,12,0,12,1610,325,325,134,1610,325,0,12,17,23,101,85,84,108,1668,325,53,45,0,12,65,60,1071,277,357,189,0,12
"3150","060377001023","Block Group 3, Census Tract 7001.02, Los Angeles County, California",1511,243,0,12,0,12,0,12,0,12,0,12,0,12,0,12,0,12,0,12,0,12,95,119,0,12,36,36,0,12,0,12,0,12,0,12,0,12,19,31,19,32,39,41,21,32,0,12,0,12,1511,243,253,161,1511,243,0,12,146,128,40,44,0,12,1511,243,194,129,0,12,90,104,1075,249,150,103,0,12
"3151","060379203371","Block Group 1, Census Tract 9203.37, Los Angeles County, California",2271,530,13,21,0,12,0,12,0,12,0,12,0,12,0,12,0,12,278,135,115,125,0,12,0,12,0,12,0,12,0,12,0,12,0,12,62,68,0,12,0,12,0,12,0,12,0,12,0,12,2370,559,444,265,2370,559,0,12,114,94,297,203,0,12,2370,559,43,56,14,24,212,157,255,115,1824,544,22,38
"3152","060379203372","Block Group 2, Census Tract 9203.37, Los Angeles County, California",1301,378,0,12,0,12,0,12,0,12,0,12,0,12,0,12,0,12,87,70,8,17,0,12,0,12,0,12,0,12,24,37,24,37,0,12,0,12,0,12,18,26,6,16,0,12,0,12,0,12,1313,379,152,103,1313,379,0,12,96,79,96,94,0,12,1313,379,295,158,0,12,0,12,217,126,801,378,0,12
"3153","060379203374","Block Group 4, Census Tract 9203.37, Los Angeles County, California",1285,474,0,12,0,12,0,12,0,12,0,12,0,12,0,12,0,12,201,121,109,84,0,12,0,12,0,12,0,12,0,12,0,12,0,12,24,33,0,12,0,12,0,12,0,12,0,12,0,12,1319,483,302,285,1319,483,0,12,19,26,93,88,0,12,1319,483,17,24,0,12,0,12,25,36,1277,477,0,12
"3154","060371132331","Block Group 1, Census Tract 1132.33, Los Angeles County, California",1412,501,0,12,0,12,0,12,0,12,0,12,0,12,0,12,0,12,15,24,32,53,18,29,0,12,45,53,0,12,0,12,0,12,0,12,27,51,0,12,0,12,0,12,0,12,0,12,0,12,1412,501,215,189,1430,503,0,12,0,12,46,61,0,12,1430,503,298,206,0,12,166,129,166,95,782,445,0,12
"3155","060379012131","Block Group 1, Census Tract 9012.13, Los Angeles County, California",3663,293,0,12,0,12,0,12,0,12,0,12,0,12,0,12,0,12,20,27,0,12,0,12,0,12,9,14,0,12,0,12,0,12,17,28,0,12,0,12,0,12,21,33,0,12,0,12,0,12,3818,323,197,129,3845,327,0,12,23,22,78,72,17,28,3853,327,188,209,0,12,290,179,2799,326,451,123,78,101
"3156","060375776041","Block Group 1, Census Tract 5776.04, Los Angeles County, California",1350,117,0,12,0,12,0,12,0,12,0,12,0,12,0,12,0,12,0,12,0,12,0,12,0,12,0,12,0,12,0,12,0,12,0,12,0,12,0,12,0,12,0,12,0,12,0,12,0,12,1367,118,65,33,1367,118,0,12,7,15,15,22,0,12,1367,118,109,57,0,12,26,25,954,115,246,121,0,12
"3157","060375769041","Block Group 1, Census Tract 5769.04, Los Angeles County, California",1535,305,0,12,0,12,0,12,0,12,0,12,0,12,0,12,0,12,24,29,18,22,0,12,0,12,0,12,0,12,0,12,0,12,0,12,20,30,0,12,0,12,0,12,0,12,0,12,0,12,1662,343,210,136,1662,343,19,33,44,54,53,51,0,12,1662,343,220,136,0,12,179,127,355,118,899,307,0,12
"3158","060374636023","Block Group 3, Census Tract 4636.02, Los Angeles County, California",1013,277,0,12,0,12,0,12,0,12,0,12,0,12,0,12,0,12,0,12,0,12,0,12,0,12,0,12,0,12,0,12,0,12,0,12,0,12,0,12,0,12,31,34,0,12,0,12,0,12,1024,282,65,57,1024,282,0,12,0,12,14,21,0,12,1024,282,318,139,0,12,56,73,397,137,253,229,0,12
"3159","060374636021","Block Group 1, Census Tract 4636.02, Los Angeles County, California",1209,594,0,12,0,12,0,12,0,12,0,12,0,12,0,12,0,12,0,12,0,12,0,12,42,68,28,44,0,12,0,12,0,12,11,18,0,12,0,12,0,12,12,20,0,12,0,12,0,12,1346,682,231,315,1346,682,17,28,0,12,28,45,0,12,1346,682,567,584,0,12,123,129,435,204,124,95,0,12
"3160","060374636024","Block Group 4, Census Tract 4636.02, Los Angeles County, California",937,299,0,12,0,12,0,12,0,12,0,12,0,12,0,12,0,12,0,12,0,12,0,12,0,12,0,12,0,12,0,12,0,12,0,12,0,12,0,12,0,12,0,12,0,12,0,12,0,12,1108,441,93,58,1150,441,0,12,21,48,0,12,0,12,1150,441,396,291,0,12,22,50,452,194,269,324,0,12
"3161","060374636012","Block Group 2, Census Tract 4636.01, Los Angeles County, California",1492,315,0,12,0,12,0,12,0,12,0,12,0,12,0,12,0,12,0,12,0,12,24,46,0,12,14,22,0,12,0,12,0,12,0,12,0,12,0,12,0,12,0,12,0,12,0,12,0,12,1532,320,149,101,1532,320,0,12,73,70,8,13,0,12,1539,321,410,172,0,12,27,42,721,228,296,172,0,12
"3162","060374636014","Block Group 4, Census Tract 4636.01, Los Angeles County, California",1445,328,0,12,0,12,0,12,0,12,0,12,0,12,0,12,0,12,0,12,0,12,0,12,0,12,44,69,0,12,0,12,0,12,0,12,0,12,0,12,13,21,0,12,0,12,0,12,0,12,1512,339,264,200,1512,339,18,31,0,12,9,15,0,12,1512,339,400,199,0,12,0,12,650,213,462,266,0,12
"3163","060378003323","Block Group 3, Census Tract 8003.32, Los Angeles County, California",733,323,0,12,0,12,0,12,0,12,0,12,0,12,0,12,0,12,0,12,0,12,0,12,0,12,0,12,0,12,0,12,0,12,0,12,0,12,0,12,0,12,0,12,0,12,0,12,0,12,784,375,15,24,784,375,0,12,0,12,0,12,0,12,784,375,95,134,0,12,0,12,570,336,101,114,0,12
"3164","060378003301","Block Group 1, Census Tract 8003.30, Los Angeles County, California",820,119,0,12,0,12,0,12,0,12,0,12,0,12,0,12,0,12,0,12,0,12,0,12,0,12,0,12,0,12,0,12,0,12,0,12,0,12,0,12,0,12,0,12,0,12,0,12,0,12,876,145,84,42,876,145,0,12,12,11,0,12,0,12,882,146,0,12,0,12,8,9,811,145,39,28,7,10
"3165","060374003044","Block Group 4, Census Tract 4003.04, Los Angeles County, California",1850,459,0,12,0,12,0,12,0,12,0,12,0,12,0,12,0,12,0,12,0,12,0,12,0,12,0,12,0,12,0,12,0,12,33,55,0,12,0,12,0,12,0,12,42,64,0,12,0,12,1924,476,98,116,1924,476,0,12,15,26,23,36,21,32,1924,476,283,183,0,12,0,12,902,313,688,382,0,12
"3166","060374619021","Block Group 1, Census Tract 4619.02, Los Angeles County, California",456,94,0,12,0,12,0,12,0,12,0,12,0,12,0,12,0,12,0,12,0,12,0,12,0,12,0,12,0,12,0,12,0,12,0,12,0,12,0,12,0,12,0,12,0,12,0,12,0,12,456,94,214,56,456,94,0,12,0,12,26,35,0,12,456,94,64,63,0,12,86,70,174,81,112,72,0,12
"3167","060374619022","Block Group 2, Census Tract 4619.02, Los Angeles County, California",1335,220,0,12,0,12,0,12,0,12,0,12,0,12,0,12,0,12,0,12,0,12,12,18,0,12,103,127,7,11,0,12,0,12,1,3,0,12,0,12,0,12,45,41,19,31,0,12,0,12,1345,223,548,206,1345,223,0,12,65,49,33,40,0,12,1345,223,477,197,0,12,146,86,511,137,111,58,0,12
"3168","060373106021","Block Group 1, Census Tract 3106.02, Los Angeles County, California",1113,164,0,12,0,12,0,12,0,12,0,12,0,12,0,12,0,12,0,12,0,12,0,12,0,12,0,12,0,12,0,12,0,12,0,12,0,12,0,12,0,12,0,12,0,12,0,12,0,12,1177,191,63,81,1177,191,0,12,0,12,73,70,0,12,1177,191,100,100,0,12,10,15,760,183,260,137,0,12
"3169","060373106022","Block Group 2, Census Tract 3106.02, Los Angeles County, California",1513,220,0,12,0,12,8,13,0,12,0,12,0,12,0,12,0,12,7,11,7,12,0,12,0,12,36,40,0,12,0,12,0,12,0,12,0,12,7,11,0,12,0,12,0,12,0,12,0,12,1676,250,127,105,1676,250,0,12,25,28,47,40,0,12,1676,250,424,200,0,12,45,51,840,183,288,120,7,11
"3170","060373106012","Block Group 2, Census Tract 3106.01, Los Angeles County, California",2278,420,0,12,0,12,0,12,0,12,0,12,0,12,0,12,0,12,50,59,0,12,78,71,0,12,0,12,0,12,0,12,0,12,18,30,0,12,34,50,0,12,0,12,0,12,0,12,0,12,2513,515,294,234,2513,515,0,12,72,68,18,29,0,12,2513,515,296,204,0,12,14,22,1550,479,566,223,0,12
"3171","060373106013","Block Group 3, Census Tract 3106.01, Los Angeles County, California",1639,497,0,12,0,12,0,12,0,12,0,12,0,12,0,12,0,12,130,186,0,12,0,12,0,12,26,29,0,12,0,12,0,12,0,12,0,12,0,12,23,40,0,12,0,12,67,85,0,12,1697,529,79,65,1697,529,114,140,18,31,129,143,50,63,1707,534,354,225,0,12,58,71,819,458,476,425,0,12
"3172","060373105013","Block Group 3, Census Tract 3105.01, Los Angeles County, California",1165,388,0,12,0,12,0,12,0,12,0,12,0,12,0,12,0,12,67,84,16,23,0,12,0,12,10,17,0,12,0,12,0,12,21,34,0,12,0,12,0,12,19,33,0,12,0,12,0,12,1194,405,58,60,1204,403,52,84,55,87,66,87,0,12,1204,403,325,313,0,12,48,76,400,154,375,295,39,47
"3173","060373102022","Block Group 2, Census Tract 3102.02, Los Angeles County, California",2297,455,0,12,0,12,70,107,0,12,0,12,0,12,0,12,0,12,13,20,0,12,136,114,0,12,0,12,0,12,11,18,14,23,0,12,0,12,62,58,87,101,26,53,0,12,0,12,0,12,2420,475,350,182,2432,474,12,18,7,13,50,53,0,12,2432,474,159,151,0,12,129,201,1693,345,347,149,37,61
"3174","060373102023","Block Group 3, Census Tract 3102.02, Los Angeles County, California",715,204,0,12,0,12,0,12,0,12,0,12,0,12,0,12,0,12,0,12,0,12,0,12,0,12,14,24,0,12,0,12,0,12,0,12,0,12,0,12,11,16,11,18,0,12,0,12,0,12,758,215,33,36,755,211,0,12,33,50,0,12,0,12,765,215,34,47,0,12,0,12,570,175,81,76,0,12
"3175","060373102014","Block Group 4, Census Tract 3102.01, Los Angeles County, California",2322,528,0,12,0,12,0,12,0,12,0,12,0,12,0,12,0,12,43,63,0,12,183,133,60,91,8,14,0,12,0,12,0,12,41,60,0,12,60,86,150,142,0,12,0,12,0,12,0,12,2380,525,235,174,2380,525,0,12,16,36,81,81,0,12,2380,525,196,144,0,12,31,48,1738,553,281,215,0,12
"3176","060373102011","Block Group 1, Census Tract 3102.01, Los Angeles County, California",768,339,0,12,0,12,0,12,0,12,0,12,0,12,0,12,0,12,48,74,0,12,0,12,0,12,0,12,0,12,0,12,0,12,0,12,0,12,0,12,0,12,0,12,0,12,0,12,0,12,770,332,0,12,788,342,0,12,0,12,24,38,0,12,788,342,0,12,0,12,0,12,651,307,137,187,0,12
"3177","060373025042","Block Group 2, Census Tract 3025.04, Los Angeles County, California",947,269,0,12,0,12,0,12,0,12,0,12,0,12,0,12,0,12,13,21,0,12,77,68,46,50,0,12,0,12,0,12,0,12,14,21,0,12,47,47,66,54,2,9,0,12,0,12,0,12,979,271,66,75,979,271,0,12,88,69,86,72,0,12,979,271,43,41,0,12,16,27,700,279,188,150,0,12
"3178","060372170023","Block Group 3, Census Tract 2170.02, Los Angeles County, California",1904,563,0,12,0,12,0,12,0,12,0,12,0,12,0,12,0,12,0,12,0,12,0,12,0,12,0,12,0,12,42,69,0,12,0,12,0,12,0,12,0,12,0,12,0,12,0,12,0,12,2016,567,139,116,2016,567,0,12,64,80,64,76,0,12,2016,567,82,85,0,12,38,36,1670,571,201,103,0,12
"3179","060372170022","Block Group 2, Census Tract 2170.02, Los Angeles County, California",978,287,0,12,0,12,0,12,0,12,0,12,0,12,0,12,0,12,49,78,0,12,0,12,0,12,0,12,0,12,0,12,0,12,0,12,0,12,0,12,0,12,0,12,0,12,0,12,0,12,1016,303,0,12,1016,303,0,12,93,114,0,12,0,12,1016,303,30,49,0,12,0,12,660,235,246,160,0,12
"3180","060372170013","Block Group 3, Census Tract 2170.01, Los Angeles County, California",407,131,0,12,0,12,0,12,0,12,0,12,0,12,0,12,0,12,0,12,0,12,4,7,0,12,6,13,0,12,7,10,0,12,0,12,0,12,0,12,0,12,0,12,0,12,0,12,0,12,478,178,10,12,478,178,0,12,15,25,0,12,0,12,478,178,24,25,0,12,13,18,441,179,0,12,0,12
"3181","060372170012","Block Group 2, Census Tract 2170.01, Los Angeles County, California",800,169,0,12,0,12,0,12,0,12,0,12,0,12,0,12,0,12,0,12,0,12,33,31,0,12,0,12,0,12,11,17,0,12,0,12,0,12,17,15,6,9,0,12,0,12,0,12,0,12,838,178,111,48,838,178,0,12,0,12,12,19,0,12,838,178,28,31,0,12,7,10,761,183,21,20,0,12
"3182","060372164021","Block Group 1, Census Tract 2164.02, Los Angeles County, California",1261,255,0,12,0,12,0,12,0,12,0,12,0,12,0,12,0,12,0,12,0,12,0,12,0,12,25,23,0,12,0,12,0,12,0,12,0,12,57,47,39,60,11,17,10,16,0,12,0,12,1261,255,181,170,1261,255,0,12,7,12,27,37,0,12,1261,255,122,64,0,12,34,45,897,217,42,39,0,12
"3183","060372164011","Block Group 1, Census Tract 2164.01, Los Angeles County, California",1604,441,0,12,0,12,0,12,0,12,0,12,0,12,0,12,0,12,0,12,0,12,15,24,0,12,0,12,0,12,0,12,0,12,0,12,0,12,15,24,0,12,15,24,15,24,0,12,0,12,1706,481,341,220,1706,481,49,54,192,141,72,64,0,12,1706,481,166,86,0,12,15,32,1419,499,69,55,0,12
"3184","060372164012","Block Group 2, Census Tract 2164.01, Los Angeles County, California",2000,425,0,12,0,12,0,12,0,12,0,12,0,12,0,12,0,12,0,12,0,12,0,12,0,12,0,12,0,12,0,12,0,12,11,24,0,12,75,87,108,174,0,12,0,12,0,12,0,12,2044,438,175,114,2044,438,0,12,67,57,0,12,0,12,2066,442,81,72,0,12,237,222,1518,362,175,130,0,12
"3185","060372151022","Block Group 2, Census Tract 2151.02, Los Angeles County, California",1646,283,0,12,0,12,0,12,0,12,0,12,0,12,0,12,0,12,0,12,0,12,0,12,0,12,0,12,0,12,0,12,0,12,0,12,0,12,12,20,0,12,12,21,0,12,0,12,0,12,1741,305,170,99,1741,305,0,12,40,54,122,110,0,12,1741,305,201,133,0,12,10,18,1143,248,340,173,0,12
"3186","060372151012","Block Group 2, Census Tract 2151.01, Los Angeles County, California",743,140,0,12,0,12,0,12,0,12,0,12,0,12,0,12,0,12,0,12,0,12,0,12,0,12,0,12,0,12,0,12,0,12,0,12,0,12,0,12,0,12,0,12,0,12,0,12,0,12,873,194,98,46,873,194,0,12,51,49,54,55,0,12,873,194,38,37,0,12,201,163,508,108,21,24,0,12
"3187","060376205015","Block Group 5, Census Tract 6205.01, Los Angeles County, California",638,186,0,12,0,12,0,12,0,12,0,12,0,12,0,12,0,12,0,12,0,12,0,12,0,12,0,12,0,12,0,12,0,12,0,12,0,12,0,12,0,12,0,12,0,12,0,12,0,12,679,211,14,22,679,211,0,12,46,73,0,12,0,12,679,211,0,12,0,12,0,12,523,212,98,163,0,12
"3188","060379203292","Block Group 2, Census Tract 9203.29, Los Angeles County, California",1930,383,0,12,0,12,0,12,0,12,0,12,0,12,0,12,0,12,0,12,0,12,23,36,0,12,0,12,0,12,0,12,0,12,0,12,0,12,0,12,0,12,0,12,0,12,0,12,0,12,2032,395,83,71,1991,391,0,12,40,44,0,12,0,12,2032,395,145,133,0,12,48,51,1519,316,265,138,0,12
"3189","060379203291","Block Group 1, Census Tract 9203.29, Los Angeles County, California",2897,455,0,12,0,12,0,12,0,12,0,12,0,12,0,12,0,12,28,45,0,12,0,12,0,12,38,52,0,12,0,12,0,12,0,12,24,40,0,12,0,12,0,12,0,12,0,12,0,12,3152,498,341,399,3166,498,60,92,75,66,54,56,0,12,3166,498,299,181,0,12,163,199,1875,487,769,306,0,12
"3190","060373110001","Block Group 1, Census Tract 3110, Los Angeles County, California",672,259,0,12,0,12,0,12,0,12,0,12,0,12,0,12,0,12,0,12,1,3,6,9,0,12,0,12,0,12,0,12,0,12,0,12,0,12,0,12,0,12,0,12,0,12,0,12,0,12,690,260,9,12,690,260,0,12,6,10,38,39,0,12,690,260,82,64,0,12,1,2,251,118,344,222,0,12
"3191","060373110002","Block Group 2, Census Tract 3110, Los Angeles County, California",836,317,0,12,0,12,0,12,0,12,0,12,0,12,0,12,0,12,0,12,0,12,0,12,0,12,0,12,0,12,0,12,6,10,0,12,0,12,0,12,5,8,9,13,0,12,6,10,0,12,899,355,56,49,899,355,34,47,0,12,12,13,0,12,899,355,142,79,0,12,7,11,413,169,337,273,0,12
"3192","060373110003","Block Group 3, Census Tract 3110, Los Angeles County, California",1408,284,0,12,0,12,8,13,0,12,0,12,0,12,0,12,0,12,0,12,0,12,22,30,0,12,25,28,0,12,0,12,0,12,0,12,0,12,0,12,0,12,0,12,0,12,0,12,0,12,1595,319,236,157,1595,319,0,12,98,73,16,24,0,12,1595,319,142,75,0,12,18,31,922,207,412,237,0,12
"3193","060373111002","Block Group 2, Census Tract 3111, Los Angeles County, California",1273,268,0,12,0,12,0,12,0,12,0,12,0,12,0,12,0,12,0,12,0,12,0,12,0,12,21,32,0,12,0,12,0,12,46,68,21,31,0,12,0,12,21,31,0,12,0,12,0,12,1358,298,114,90,1358,298,0,12,22,24,5,8,0,12,1358,298,179,142,0,12,6,10,766,219,371,188,0,12
"3194","060375326042","Block Group 2, Census Tract 5326.04, Los Angeles County, California",1535,284,25,22,0,12,0,12,0,12,0,12,0,12,0,12,0,12,233,67,170,86,0,12,0,12,0,12,0,12,0,12,0,12,66,36,84,55,0,12,0,12,0,12,0,12,0,12,0,12,1654,300,377,139,1671,306,64,45,125,87,185,75,18,23,1671,306,0,12,0,12,22,33,0,12,1645,309,0,12
"3195","060375338042","Block Group 2, Census Tract 5338.04, Los Angeles County, California",2822,435,0,12,0,12,0,12,0,12,0,12,0,12,0,12,0,12,701,206,59,81,0,12,0,12,0,12,0,12,0,12,0,12,71,56,101,88,0,12,0,12,0,12,0,12,0,12,0,12,2886,441,600,239,2886,441,17,26,18,30,249,126,9,13,2886,441,0,12,0,12,0,12,41,33,2845,442,0,12
"3196","060375338041","Block Group 1, Census Tract 5338.04, Los Angeles County, California",1177,289,0,12,0,12,0,12,0,12,0,12,0,12,0,12,0,12,157,92,32,27,0,12,0,12,11,16,0,12,0,12,0,12,86,67,25,28,0,12,0,12,0,12,0,12,0,12,0,12,1321,330,45,69,1321,330,0,12,86,84,122,70,0,12,1321,330,22,23,0,12,0,12,9,15,1290,330,0,12
"3197","060371351022","Block Group 2, Census Tract 1351.02, Los Angeles County, California",1011,223,0,12,0,12,0,12,0,12,0,12,0,12,0,12,0,12,15,21,0,12,29,50,0,12,0,12,0,12,0,12,0,12,14,20,0,12,3,9,0,12,0,12,0,12,0,12,0,12,1105,255,7,11,1105,255,0,12,0,12,23,28,14,20,1112,254,218,128,0,12,52,64,693,252,95,79,0,12
"3198","060375300051","Block Group 1, Census Tract 5300.05, Los Angeles County, California",1825,290,0,12,0,12,0,12,0,12,0,12,0,12,0,12,0,12,56,87,8,13,10,15,0,12,0,12,0,12,0,12,0,12,9,14,0,12,9,13,0,12,47,47,0,12,0,12,0,12,1906,303,20,30,1906,303,0,12,34,41,61,77,15,22,1906,303,966,237,0,12,18,28,162,84,740,229,0,12
"3199","060375302042","Block Group 2, Census Tract 5302.04, Los Angeles County, California",2022,323,0,12,0,12,0,12,0,12,0,12,0,12,0,12,0,12,133,76,124,142,0,12,0,12,31,49,40,53,0,12,0,12,31,42,34,49,0,12,0,12,16,25,0,12,0,12,0,12,2164,339,308,155,2164,339,26,33,131,154,150,100,17,25,2164,339,290,171,0,12,0,12,38,30,1836,306,0,12
"3200","060375334021","Block Group 1, Census Tract 5334.02, Los Angeles County, California",2352,332,40,47,0,12,0,12,0,12,0,12,0,12,0,12,0,12,455,174,203,83,0,12,0,12,0,12,0,12,0,12,0,12,51,45,52,54,0,12,0,12,0,12,0,12,0,12,0,12,2544,387,999,424,2544,387,0,12,173,144,338,124,0,12,2544,387,0,12,0,12,0,12,36,44,2508,388,0,12
"3201","060375316031","Block Group 1, Census Tract 5316.03, Los Angeles County, California",746,233,7,12,0,12,0,12,0,12,0,12,0,12,0,12,0,12,55,42,12,19,0,12,0,12,0,12,0,12,0,12,0,12,16,17,0,12,0,12,0,12,0,12,0,12,0,12,0,12,791,238,149,106,791,238,34,48,61,54,76,49,0,12,791,238,0,12,0,12,0,12,0,12,751,239,0,12
"3202","060375316032","Block Group 2, Census Tract 5316.03, Los Angeles County, California",2427,301,5,7,0,12,0,12,0,12,0,12,0,12,0,12,0,12,333,88,114,50,0,12,0,12,11,16,0,12,0,12,0,12,78,38,83,39,0,12,0,12,6,8,0,12,0,12,0,12,2563,321,524,207,2606,332,0,12,146,71,122,55,0,12,2618,334,32,33,0,12,0,12,16,19,2491,330,0,12
"3203","060375320021","Block Group 1, Census Tract 5320.02, Los Angeles County, California",576,143,9,7,0,12,0,12,0,12,0,12,0,12,0,12,0,12,55,51,54,37,0,12,0,12,0,12,0,12,0,12,0,12,12,20,0,12,0,12,0,12,0,12,0,12,0,12,0,12,697,190,135,109,697,190,0,12,20,16,62,57,12,20,697,190,30,32,0,12,0,12,5,7,662,187,0,12
"3204","060375321012","Block Group 2, Census Tract 5321.01, Los Angeles County, California",2908,487,0,12,9,15,0,12,0,12,7,12,0,12,0,12,0,12,271,128,112,85,0,12,0,12,6,12,0,12,0,12,0,12,74,58,78,64,0,12,0,12,8,15,17,29,0,12,0,12,3136,498,423,242,3136,498,84,67,227,156,228,143,67,86,3136,498,53,52,0,12,0,12,0,12,3083,485,0,12
"3205","060371096014","Block Group 4, Census Tract 1096.01, Los Angeles County, California",1267,329,6,12,0,12,0,12,0,12,0,12,0,12,0,12,0,12,15,24,35,42,0,12,0,12,28,44,0,12,0,12,0,12,27,40,28,40,0,12,0,12,0,12,0,12,0,12,0,12,1404,364,181,130,1404,364,0,12,38,51,62,86,15,23,1404,364,325,139,0,12,16,26,98,63,921,362,0,12
"3206","060379006071","Block Group 1, Census Tract 9006.07, Los Angeles County, California",1746,432,0,12,0,12,0,12,0,12,0,12,0,12,0,12,0,12,25,24,36,57,0,12,0,12,0,12,0,12,0,12,0,12,8,15,0,12,0,12,0,12,0,12,0,12,0,12,0,12,1826,440,546,345,1826,440,0,12,0,12,0,12,0,12,1839,442,64,57,0,12,178,105,668,269,887,402,14,32
"3207","060379010031","Block Group 1, Census Tract 9010.03, Los Angeles County, California",4895,233,2,4,0,12,0,12,0,12,0,12,0,12,0,12,0,12,98,39,61,37,0,12,0,12,0,12,0,12,0,12,0,12,0,12,0,12,0,12,0,12,0,12,0,12,0,12,0,12,0,12,0,12,0,12,0,12,0,12,0,12,0,12,4895,233,80,41,33,24,1448,183,578,115,1994,182,41,31
"3208","060379010042","Block Group 2, Census Tract 9010.04, Los Angeles County, California",1311,308,0,12,0,12,0,12,0,12,0,12,0,12,0,12,0,12,0,12,0,12,0,12,0,12,0,12,0,12,0,12,0,12,0,12,0,12,0,12,0,12,0,12,0,12,0,12,0,12,1328,308,34,40,1328,308,0,12,0,12,0,12,0,12,1328,308,95,107,0,12,406,281,633,199,194,225,0,12
"3209","060379010041","Block Group 1, Census Tract 9010.04, Los Angeles County, California",1747,579,0,12,0,12,0,12,0,12,0,12,0,12,0,12,0,12,73,116,0,12,0,12,0,12,16,27,0,12,0,12,0,12,0,12,0,12,0,12,0,12,0,12,0,12,0,12,0,12,1908,641,68,83,1908,641,0,12,51,60,87,72,0,12,1908,641,135,131,0,12,47,54,848,353,857,499,0,12
"3210","060379010043","Block Group 3, Census Tract 9010.04, Los Angeles County, California",8268,955,0,17,0,17,0,17,0,17,0,17,0,17,0,17,0,17,69,84,57,88,10,19,0,17,45,54,0,17,0,17,0,17,114,142,0,17,0,17,0,17,0,17,7,15,0,17,0,17,9123,964,594,424,9227,980,0,17,205,135,58,64,15,27,9227,980,838,395,0,17,1147,470,3452,549,3600,845,0,17
"3211","060379107061","Block Group 1, Census Tract 9107.06, Los Angeles County, California",5759,494,39,42,74,67,0,17,0,17,0,17,0,17,0,17,0,17,459,173,285,150,0,17,0,17,38,59,50,77,0,17,0,17,49,54,35,40,0,17,0,17,0,17,0,17,0,17,0,17,6270,580,807,442,6301,568,129,101,133,86,311,159,18,27,6301,568,265,241,22,32,894,191,651,311,4424,620,0,17
"3212","060375023021","Block Group 1, Census Tract 5023.02, Los Angeles County, California",2835,312,29,48,0,12,0,12,0,12,0,12,0,12,0,12,0,12,320,119,42,37,0,12,0,12,13,19,22,27,0,12,0,12,31,24,26,35,0,12,0,12,0,12,0,12,0,12,0,12,2953,320,342,160,2970,312,66,60,152,95,352,168,0,12,2970,312,52,65,0,12,64,61,172,120,2656,347,0,12
"3213","060372119102","Block Group 2, Census Tract 2119.10, Los Angeles County, California",1576,423,0,12,0,12,0,12,0,12,0,12,0,12,0,12,0,12,196,109,10,14,20,29,0,12,121,85,30,40,0,12,0,12,0,12,12,19,0,12,0,12,5,10,0,12,0,12,0,12,1679,476,296,235,1679,476,0,12,137,138,221,167,0,12,1679,476,499,185,0,12,30,23,93,49,1044,460,0,12
"3214","060372119101","Block Group 1, Census Tract 2119.10, Los Angeles County, California",1312,349,51,54,0,12,0,12,0,12,0,12,0,12,0,12,0,12,186,140,159,166,0,12,0,12,29,37,0,12,0,12,0,12,19,29,21,26,0,12,0,12,0,12,0,12,0,12,0,12,1340,374,227,113,1340,374,36,33,339,190,159,104,0,12,1340,374,312,113,0,12,75,56,159,105,759,363,0,12
"3215","060372132012","Block Group 2, Census Tract 2132.01, Los Angeles County, California",1505,334,8,17,0,12,0,12,0,12,0,12,0,12,0,12,0,12,225,120,41,40,0,12,0,12,43,39,0,12,0,12,0,12,11,16,31,48,0,12,0,12,51,39,51,51,0,12,0,12,1680,384,509,238,1680,384,19,31,86,84,239,114,7,11,1680,384,649,193,0,12,17,26,53,52,943,335,0,12
"3216","060372132011","Block Group 1, Census Tract 2132.01, Los Angeles County, California",1583,337,0,12,0,12,0,12,0,12,0,12,0,12,0,12,0,12,126,111,84,122,0,12,0,12,250,108,0,12,0,12,0,12,0,12,11,17,0,12,0,12,138,87,97,67,0,12,0,12,1624,344,478,263,1624,344,0,12,21,27,120,105,0,12,1624,344,1008,269,0,12,0,12,105,62,501,247,0,12
"3217","060377015022","Block Group 2, Census Tract 7015.02, Los Angeles County, California",1188,209,0,12,0,12,0,12,0,12,0,12,0,12,0,12,0,12,11,17,0,12,0,12,0,12,0,12,0,12,0,12,0,12,0,12,4,10,32,29,24,27,10,15,0,12,0,12,0,12,1023,199,78,57,1023,199,25,40,54,60,37,35,0,12,1206,211,113,62,0,12,34,45,851,209,140,68,0,12
"3218","060377015021","Block Group 1, Census Tract 7015.02, Los Angeles County, California",1108,199,0,12,0,12,0,12,0,12,0,12,0,12,0,12,0,12,0,12,3,7,12,18,0,12,0,12,0,12,0,12,0,12,10,17,16,34,2,4,16,18,42,53,66,65,0,12,0,12,920,212,61,63,920,212,0,12,9,14,34,42,0,12,1178,229,250,154,9,15,22,25,724,157,121,74,0,12
"3219","060377015023","Block Group 3, Census Tract 7015.02, Los Angeles County, California",1137,202,0,12,0,12,0,12,0,12,0,12,0,12,0,12,0,12,0,12,0,12,9,14,0,12,0,12,0,12,0,12,0,12,0,12,2,4,4,6,2,4,0,12,0,12,0,12,0,12,1095,198,74,48,1103,199,0,12,8,12,0,12,7,11,1146,204,80,50,0,12,43,29,870,190,133,125,0,12
"3220","060375436011","Block Group 1, Census Tract 5436.01, Los Angeles County, California",3581,339,0,12,0,12,0,12,0,12,0,12,0,12,0,12,0,12,52,39,55,51,0,12,0,12,47,43,9,16,0,12,0,12,25,30,0,12,9,14,0,12,79,55,0,12,0,12,0,12,3771,360,361,253,3764,360,11,14,67,57,244,126,0,12,3781,354,1318,367,164,184,351,211,228,101,1610,289,19,30
"3221","060375436031","Block Group 1, Census Tract 5436.03, Los Angeles County, California",2207,323,0,12,0,12,0,12,0,12,0,12,0,12,0,12,0,12,8,13,0,12,0,12,0,12,88,63,11,16,0,12,0,12,32,38,0,12,9,14,0,12,98,74,29,44,9,17,0,12,2206,324,127,63,2234,332,0,12,47,58,69,44,0,12,2234,332,549,219,0,12,478,230,564,122,554,231,0,12
"3222","060377012015","Block Group 5, Census Tract 7012.01, Los Angeles County, California",777,200,0,12,0,12,0,12,0,12,0,12,0,12,0,12,0,12,0,12,0,12,0,12,0,12,0,12,0,12,0,12,0,12,0,12,0,12,0,12,0,12,0,12,0,12,0,12,0,12,805,211,18,27,805,211,0,12,0,12,0,12,0,12,805,211,75,75,0,12,0,12,730,206,0,12,0,12
"3223","060377012011","Block Group 1, Census Tract 7012.01, Los Angeles County, California",608,194,0,12,0,12,0,12,0,12,0,12,0,12,0,12,0,12,15,23,0,12,0,12,0,12,8,12,0,12,0,12,0,12,0,12,0,12,0,12,0,12,0,12,0,12,0,12,0,12,718,237,20,23,718,237,0,12,0,12,0,12,0,12,718,237,155,116,0,12,0,12,377,143,122,102,0,12
"3224","060377012012","Block Group 2, Census Tract 7012.01, Los Angeles County, California",655,154,0,12,0,12,0,12,0,12,0,12,0,12,0,12,0,12,0,12,0,12,0,12,0,12,0,12,0,12,0,12,0,12,0,12,13,20,0,12,0,12,0,12,0,12,0,12,0,12,712,180,48,50,712,180,0,12,0,12,29,45,0,12,712,180,9,15,0,12,0,12,639,178,64,67,0,12
"3225","060377017023","Block Group 3, Census Tract 7017.02, Los Angeles County, California",1073,212,0,12,0,12,0,12,0,12,0,12,0,12,0,12,0,12,18,29,0,12,0,12,0,12,0,12,0,12,0,12,0,12,13,29,0,12,0,12,0,12,0,12,0,12,0,12,0,12,1073,212,51,47,1073,212,0,12,21,22,8,14,0,12,1073,212,122,75,0,12,0,12,715,196,216,125,0,12
"3226","060377017022","Block Group 2, Census Tract 7017.02, Los Angeles County, California",1097,273,0,12,0,12,0,12,0,12,0,12,0,12,0,12,0,12,68,62,19,27,0,12,0,12,68,108,0,12,0,12,0,12,19,22,0,12,8,13,0,12,14,22,0,12,0,12,0,12,1107,272,292,189,1107,272,13,21,17,18,24,39,0,12,1107,272,132,112,0,12,159,150,455,187,341,191,11,18
"3227","060375542011","Block Group 1, Census Tract 5542.01, Los Angeles County, California",935,309,0,12,0,12,0,12,0,12,0,12,0,12,0,12,0,12,38,50,0,12,0,12,0,12,8,12,0,12,0,12,0,12,41,54,0,12,0,12,0,12,0,12,0,12,0,12,0,12,1075,331,17,29,1090,335,0,12,7,13,47,57,0,12,1090,335,73,98,0,12,0,12,134,89,872,326,10,17
"3228","060375542012","Block Group 2, Census Tract 5542.01, Los Angeles County, California",1252,248,0,12,0,12,0,12,0,12,0,12,0,12,0,12,0,12,57,49,0,12,0,12,0,12,14,22,0,12,0,12,0,12,51,51,0,12,0,12,0,12,0,12,0,12,0,12,0,12,1292,262,9,15,1292,262,0,12,96,117,105,105,0,12,1292,262,78,73,0,12,0,12,235,116,970,271,0,12
"3229","060375550013","Block Group 3, Census Tract 5550.01, Los Angeles County, California",1108,249,0,12,0,12,0,12,0,12,0,12,0,12,0,12,0,12,0,12,0,12,0,12,0,12,4,10,0,12,0,12,0,12,12,18,9,14,0,12,0,12,0,12,0,12,0,12,0,12,1197,266,231,162,1197,266,0,12,0,12,9,13,0,12,1197,266,396,168,0,12,64,77,209,84,528,243,0,12
"3230","060375545223","Block Group 3, Census Tract 5545.22, Los Angeles County, California",1807,270,0,12,0,12,0,12,0,12,0,12,0,12,0,12,0,12,0,12,0,12,0,12,0,12,24,25,11,17,0,12,0,12,14,23,0,12,0,12,0,12,37,38,0,12,0,12,0,12,1868,283,81,65,1868,283,0,12,19,31,5,12,0,12,1868,283,1037,230,0,12,64,65,323,143,346,177,12,18
"3231","060372091021","Block Group 1, Census Tract 2091.02, Los Angeles County, California",3278,553,43,48,18,30,0,12,0,12,0,12,0,12,0,12,0,12,529,175,812,322,0,12,0,12,98,65,0,12,5,9,0,12,89,76,0,12,0,12,0,12,0,12,18,30,0,12,0,12,3594,618,1577,551,3594,618,75,89,773,323,609,236,0,12,3594,618,223,147,0,12,211,152,32,33,3128,670,0,12
"3232","060375736019","Block Group 9, Census Tract 5736.01, Los Angeles County, California",736,194,18,27,0,12,0,12,0,12,0,12,0,12,0,12,0,12,0,12,0,12,0,12,0,12,0,12,0,12,0,12,0,12,0,12,0,12,0,12,0,12,0,12,0,12,0,12,0,12,736,194,64,106,736,194,0,12,0,12,0,12,0,12,736,194,95,114,0,12,0,12,387,120,233,159,0,12
"3233","060375715041","Block Group 1, Census Tract 5715.04, Los Angeles County, California",1000,214,0,12,0,12,0,12,0,12,0,12,0,12,0,12,0,12,43,57,0,12,0,12,0,12,0,12,0,12,0,12,0,12,5,9,0,12,0,12,0,12,0,12,0,12,0,12,0,12,1121,243,83,133,1121,243,0,12,13,22,26,30,0,12,1121,243,22,27,0,12,38,42,331,135,700,200,0,12
"3234","060375715042","Block Group 2, Census Tract 5715.04, Los Angeles County, California",1101,285,9,16,0,12,0,12,0,12,0,12,0,12,0,12,0,12,23,39,74,119,0,12,0,12,0,12,0,12,0,12,0,12,0,12,0,12,0,12,0,12,0,12,0,12,0,12,0,12,1200,334,136,182,1200,334,86,139,84,120,32,52,0,12,1200,334,30,36,15,25,318,178,294,135,498,299,0,12
"3235","060375715044","Block Group 4, Census Tract 5715.04, Los Angeles County, California",1184,243,0,12,0,12,0,12,0,12,0,12,0,12,0,12,0,12,0,12,0,12,0,12,0,12,0,12,0,12,0,12,0,12,0,12,0,12,0,12,0,12,0,12,0,12,0,12,0,12,1257,281,123,85,1257,281,0,12,82,81,78,71,0,12,1257,281,122,97,45,56,216,113,407,223,446,216,0,12
"3236","060375715031","Block Group 1, Census Tract 5715.03, Los Angeles County, California",1957,338,0,12,0,12,0,12,0,12,0,12,0,12,0,12,0,12,62,54,0,12,9,15,0,12,29,33,0,12,0,12,0,12,53,67,0,12,0,12,0,12,31,29,0,12,0,12,0,12,2159,382,185,105,2159,382,9,15,25,28,119,75,11,18,2159,382,508,176,0,12,456,171,342,95,804,268,0,12
"3237","060375704042","Block Group 2, Census Tract 5704.04, Los Angeles County, California",2041,312,29,26,0,12,0,12,0,12,0,12,0,12,0,12,0,12,263,84,65,53,0,12,0,12,0,12,0,12,0,12,0,12,23,22,24,23,0,12,0,12,0,12,0,12,0,12,0,12,2221,341,453,228,2227,338,31,30,94,50,90,58,6,9,2227,338,8,13,0,12,245,161,31,29,1885,288,0,12
"3238","060375704041","Block Group 1, Census Tract 5704.04, Los Angeles County, California",1358,225,0,12,0,12,0,12,0,12,0,12,0,12,0,12,0,12,55,32,31,27,0,12,0,12,0,12,0,12,0,12,0,12,49,47,0,12,17,26,0,12,0,12,0,12,0,12,0,12,1449,242,194,116,1449,242,18,25,51,34,43,35,0,12,1449,242,25,38,157,143,424,168,17,26,757,189,0,12
"3239","060371132371","Block Group 1, Census Tract 1132.37, Los Angeles County, California",2606,416,0,12,0,12,0,12,0,12,0,12,0,12,0,12,0,12,12,40,0,12,0,12,0,12,10,16,0,12,0,12,0,12,44,49,12,18,0,12,0,12,9,14,14,22,0,12,0,12,2812,445,376,212,2878,492,44,48,57,48,46,38,0,12,2878,492,276,144,0,12,368,260,1189,281,855,220,0,12
"3240","060371021072","Block Group 2, Census Tract 1021.07, Los Angeles County, California",1558,410,0,12,0,12,0,12,0,12,0,12,0,12,0,12,0,12,11,18,10,15,12,21,0,12,0,12,0,12,0,12,0,12,0,12,3,7,0,12,0,12,0,12,0,12,0,12,0,12,1512,396,184,142,1512,396,13,24,0,12,0,12,0,12,1558,410,64,64,0,12,52,47,1140,327,265,147,0,12
"3241","060371021041","Block Group 1, Census Tract 1021.04, Los Angeles County, California",2618,464,0,12,0,12,0,12,0,12,0,12,0,12,0,12,0,12,0,12,0,12,52,53,0,12,33,28,0,12,0,12,0,12,7,18,0,12,134,112,0,12,11,18,0,12,0,12,0,12,2568,478,227,165,2797,490,0,12,23,29,78,62,37,56,2797,490,301,166,8,13,73,70,1926,499,280,144,0,12
"3242","060371112051","Block Group 1, Census Tract 1112.05, Los Angeles County, California",1546,273,0,12,0,12,4,11,0,12,0,12,0,12,0,12,0,12,27,29,0,12,0,12,0,12,89,58,39,51,0,12,0,12,0,12,0,12,15,21,0,12,10,15,0,12,0,12,0,12,1562,277,41,32,1562,277,4,11,15,22,58,41,7,12,1562,277,734,211,0,12,172,152,391,150,243,143,0,12
"3243","060371112052","Block Group 2, Census Tract 1112.05, Los Angeles County, California",707,269,0,12,0,12,0,12,0,12,0,12,0,12,0,12,0,12,0,12,0,12,0,12,0,12,0,12,0,12,0,12,0,12,0,12,0,12,0,12,0,12,0,12,0,12,0,12,0,12,734,279,83,120,734,279,0,12,0,12,5,9,0,12,734,279,157,129,0,12,0,12,289,155,288,222,0,12
"3244","060379102072","Block Group 2, Census Tract 9102.07, Los Angeles County, California",1919,480,0,12,0,12,0,12,0,12,0,12,0,12,0,12,0,12,63,54,10,16,0,12,0,12,0,12,0,12,0,12,0,12,0,12,0,12,14,21,0,12,9,15,0,12,0,12,0,12,2072,503,150,142,2072,503,0,12,48,40,80,79,0,12,2072,503,299,239,0,12,286,195,539,163,884,360,0,12
"3245","060379102073","Block Group 3, Census Tract 9102.07, Los Angeles County, California",1990,405,0,12,0,12,0,12,0,12,0,12,13,20,0,12,0,12,0,12,17,20,0,12,0,12,13,30,0,12,0,12,0,12,0,12,30,39,0,12,0,12,0,12,7,16,0,12,0,12,2080,440,101,62,2080,440,20,23,80,64,57,45,0,12,2080,440,84,93,0,12,415,268,730,192,813,310,0,12
"3246","060379012101","Block Group 1, Census Tract 9012.10, Los Angeles County, California",1559,222,0,12,0,12,0,12,0,12,0,12,0,12,0,12,0,12,50,49,0,12,0,12,0,12,0,12,0,12,0,12,0,12,0,12,0,12,0,12,0,12,0,12,0,12,0,12,0,12,1631,239,98,89,1631,239,0,12,47,43,18,20,0,12,1631,239,61,77,0,12,9,10,888,173,541,222,31,44
"3247","060379010081","Block Group 1, Census Tract 9010.08, Los Angeles County, California",1897,237,0,12,0,12,0,12,0,12,0,12,0,12,0,12,0,12,12,20,0,12,12,17,0,12,0,12,0,12,0,12,0,12,0,12,0,12,0,12,0,12,0,12,0,12,6,9,7,11,1976,248,486,209,1976,248,15,25,67,53,56,36,0,12,1976,248,247,152,0,12,265,149,575,162,811,150,0,12
"3248","060379010082","Block Group 2, Census Tract 9010.08, Los Angeles County, California",736,190,0,12,0,12,0,12,0,12,0,12,0,12,0,12,0,12,8,9,0,12,0,12,0,12,0,12,0,12,0,12,0,12,0,12,2,5,0,12,0,12,1,3,0,12,0,12,0,12,762,196,52,45,763,196,0,12,12,19,52,48,1,3,768,197,7,10,0,12,100,96,432,144,197,119,0,12
"3249","060378003311","Block Group 1, Census Tract 8003.31, Los Angeles County, California",675,141,0,12,0,12,0,12,0,12,0,12,0,12,0,12,0,12,15,24,0,12,0,12,0,12,4,7,0,12,0,12,0,12,3,6,0,12,0,12,0,12,0,12,0,12,0,12,0,12,719,163,36,53,719,163,0,12,0,12,15,24,0,12,732,164,161,100,0,12,7,15,405,129,136,123,6,14
"3250","060371344241","Block Group 1, Census Tract 1344.24, Los Angeles County, California",1671,165,0,12,0,12,0,12,0,12,0,12,0,12,0,12,0,12,0,12,0,12,0,12,0,12,31,25,0,12,0,12,0,12,0,12,0,12,11,13,0,12,10,15,0,12,0,12,0,12,1749,179,0,12,1749,179,8,11,25,19,22,15,0,12,1749,179,304,112,0,12,0,12,1249,149,102,71,0,12
"3251","060371344231","Block Group 1, Census Tract 1344.23, Los Angeles County, California",1547,293,0,12,0,12,0,12,0,12,0,12,0,12,0,12,0,12,0,12,0,12,0,12,14,22,0,12,0,12,0,12,0,12,0,12,0,12,0,12,0,12,0,12,0,12,0,12,0,12,1597,299,90,70,1597,299,0,12,0,12,45,38,0,12,1597,299,250,143,0,12,222,195,1043,203,40,36,0,12
"3252","060371344232","Block Group 2, Census Tract 1344.23, Los Angeles County, California",1870,302,0,12,0,12,0,12,0,12,0,12,0,12,0,12,0,12,11,17,0,12,27,39,0,12,0,12,0,12,0,12,0,12,0,12,16,23,0,12,0,12,11,17,0,12,0,12,10,16,1942,312,202,197,1942,312,0,12,71,71,12,20,0,12,1942,312,233,130,0,12,77,58,1256,203,233,193,0,12
"3253","060371340022","Block Group 2, Census Tract 1340.02, Los Angeles County, California",2417,296,45,50,0,12,0,12,0,12,0,12,0,12,0,12,0,12,188,84,19,29,9,14,31,35,0,12,0,12,0,12,0,12,0,12,24,27,33,32,11,17,0,12,10,16,0,12,0,12,2563,335,270,119,2563,335,13,30,156,90,89,51,0,12,2563,335,414,206,0,12,74,58,771,242,1262,297,0,12
"3254","060376203053","Block Group 3, Census Tract 6203.05, Los Angeles County, California",539,266,0,12,0,12,0,12,0,12,0,12,0,12,0,12,0,12,0,12,0,12,0,12,0,12,0,12,0,12,0,12,0,12,0,12,0,12,0,12,0,12,0,12,0,12,0,12,0,12,598,288,0,12,598,288,0,12,28,45,56,85,0,12,598,288,0,12,16,27,56,85,526,259,0,12,0,12
"3255","060376203055","Block Group 5, Census Tract 6203.05, Los Angeles County, California",638,324,0,12,0,12,0,12,0,12,0,12,0,12,0,12,0,12,0,12,0,12,0,12,0,12,0,12,0,12,0,12,0,12,0,12,0,12,0,12,0,12,0,12,0,12,0,12,0,12,661,310,32,37,661,310,0,12,0,12,0,12,0,12,661,310,0,12,0,12,0,12,615,256,46,75,0,12
"3256","060375433063","Block Group 3, Census Tract 5433.06, Los Angeles County, California",443,166,0,12,0,12,0,12,0,12,0,12,0,12,0,12,0,12,0,12,0,12,0,12,0,12,0,12,0,12,0,12,0,12,0,12,0,12,0,12,0,12,0,12,0,12,0,12,0,12,474,187,0,12,474,187,0,12,0,12,26,31,0,12,474,187,37,50,12,20,229,126,12,21,141,155,0,12
"3257","060375433064","Block Group 4, Census Tract 5433.06, Los Angeles County, California",3677,737,16,26,0,12,0,12,0,12,0,12,0,12,0,12,0,12,132,123,42,57,0,12,0,12,0,12,0,12,0,12,0,12,20,25,0,12,0,12,0,12,0,12,0,12,0,12,0,12,3844,807,347,340,3918,803,87,71,70,85,102,119,0,12,3918,803,1702,596,0,12,510,466,269,109,1168,699,0,12
"3258","060375421062","Block Group 2, Census Tract 5421.06, Los Angeles County, California",1625,324,0,12,13,20,0,12,0,12,0,12,0,12,0,12,0,12,187,72,84,56,0,12,0,12,0,12,0,12,0,12,0,12,25,23,27,26,0,12,0,12,0,12,0,12,0,12,0,12,1800,370,656,293,1813,370,30,28,79,43,123,60,0,12,1813,370,110,104,0,12,116,93,30,52,1513,354,0,12
"3259","060371096042","Block Group 2, Census Tract 1096.04, Los Angeles County, California",924,236,0,12,0,12,0,12,0,12,0,12,0,12,0,12,0,12,0,12,0,12,0,12,0,12,1,3,0,12,0,12,0,12,12,17,12,22,0,12,0,12,1,3,0,12,0,12,0,12,976,262,77,88,976,262,0,12,110,141,2,12,0,12,976,262,143,98,0,12,7,10,175,98,630,266,0,12
"3260","060371096031","Block Group 1, Census Tract 1096.03, Los Angeles County, California",1129,323,0,12,18,24,0,12,0,12,0,12,0,12,0,12,0,12,48,51,9,17,0,12,0,12,11,18,0,12,0,12,0,12,66,72,44,61,0,12,0,12,0,12,11,17,0,12,0,12,1162,333,154,130,1162,333,8,14,0,12,125,104,0,12,1162,333,129,86,0,12,13,21,184,106,828,336,0,12
"3261","060371096032","Block Group 2, Census Tract 1096.03, Los Angeles County, California",1373,408,15,24,0,12,0,12,0,12,0,12,0,12,0,12,0,12,22,28,0,12,0,12,0,12,0,12,0,12,0,12,0,12,11,20,0,12,0,12,0,12,0,12,0,12,0,12,0,12,1424,427,275,170,1424,427,0,12,41,41,35,35,0,12,1424,427,260,148,0,12,0,12,184,118,906,408,0,12
"3262","060371096033","Block Group 3, Census Tract 1096.03, Los Angeles County, California",1505,467,0,12,0,12,0,12,0,12,8,14,0,12,0,12,0,12,140,85,87,79,0,12,0,12,16,28,0,12,0,12,0,12,0,12,75,82,0,12,0,12,11,19,0,12,0,12,0,12,1711,527,413,379,1711,527,46,55,141,119,109,89,0,12,1711,527,233,188,0,12,27,40,132,161,1308,541,0,12
"3263","060371066481","Block Group 1, Census Tract 1066.48, Los Angeles County, California",3333,369,10,17,20,30,0,12,0,12,0,12,0,12,0,12,0,12,376,165,84,65,0,12,0,12,0,12,0,12,16,25,0,12,45,40,74,54,0,12,0,12,0,12,0,12,0,12,0,12,3522,367,474,212,3544,374,49,62,84,46,148,73,40,45,3544,374,6,9,0,12,0,12,116,101,3416,398,0,12
"3264","060371066482","Block Group 2, Census Tract 1066.48, Los Angeles County, California",857,296,0,12,0,12,0,12,0,12,0,12,0,12,0,12,0,12,153,100,27,27,0,12,0,12,0,12,0,12,0,12,0,12,38,37,0,12,0,12,0,12,0,12,0,12,0,12,0,12,1002,335,439,233,1002,335,32,51,44,58,32,41,0,12,1002,335,0,12,0,12,12,18,12,14,978,335,0,12
"3265","060371064082","Block Group 2, Census Tract 1064.08, Los Angeles County, California",647,233,0,12,0,12,0,12,0,12,0,12,0,12,0,12,0,12,106,66,6,15,0,12,0,12,0,12,0,12,0,12,0,12,5,8,6,9,0,12,0,12,0,12,0,12,0,12,0,12,771,274,278,169,771,274,14,21,48,48,72,61,0,12,771,274,0,12,0,12,15,22,9,10,747,277,0,12
"3266","060371351021","Block Group 1, Census Tract 1351.02, Los Angeles County, California",1329,255,16,22,0,12,0,12,0,12,0,12,0,12,0,12,0,12,0,12,0,12,0,12,0,12,0,12,0,12,0,12,0,12,0,12,0,12,9,14,0,12,0,12,0,12,0,12,0,12,1347,262,75,69,1347,262,30,42,37,58,63,59,0,12,1347,262,162,123,0,12,46,68,832,237,288,120,0,12
"3267","060371351023","Block Group 3, Census Tract 1351.02, Los Angeles County, California",1182,296,0,12,0,12,0,12,0,12,0,12,0,12,0,12,0,12,0,12,0,12,0,12,0,12,0,12,0,12,3,7,0,12,0,12,0,12,0,12,23,34,0,12,0,12,0,12,0,12,1267,324,42,54,1267,324,6,10,6,11,0,12,0,12,1267,324,26,28,0,12,123,84,782,289,210,184,0,12
"3268","060371352032","Block Group 2, Census Tract 1352.03, Los Angeles County, California",1159,438,0,12,0,12,0,12,0,12,0,12,0,12,0,12,0,12,0,12,0,12,0,12,38,56,0,12,0,12,0,12,0,12,0,12,0,12,0,12,0,12,0,12,0,12,0,12,0,12,1250,456,26,41,1250,456,0,12,26,41,0,12,0,12,1250,456,135,181,0,12,0,12,907,427,122,129,0,12
"3269","060371352034","Block Group 4, Census Tract 1352.03, Los Angeles County, California",573,251,0,12,0,12,0,12,0,12,0,12,0,12,0,12,0,12,0,12,0,12,0,12,0,12,0,12,0,12,0,12,0,12,0,12,0,12,17,28,66,108,0,12,0,12,0,12,0,12,573,251,0,12,591,255,0,12,0,12,0,12,0,12,591,255,58,68,0,12,39,65,464,250,30,35,0,12
"3270","060371352033","Block Group 3, Census Tract 1352.03, Los Angeles County, California",1500,410,0,12,0,12,0,12,0,12,0,12,0,12,0,12,0,12,0,12,0,12,22,30,0,12,24,38,0,12,0,12,0,12,0,12,0,12,0,12,0,12,0,12,0,12,0,12,0,12,1576,417,62,61,1576,417,0,12,14,24,61,92,0,12,1576,417,419,287,0,12,18,29,856,316,281,253,0,12
"3271","060371352031","Block Group 1, Census Tract 1352.03, Los Angeles County, California",2181,430,0,12,0,12,0,12,0,12,0,12,0,12,0,12,0,12,16,26,0,12,0,12,0,12,15,25,0,12,0,12,0,12,19,32,0,12,0,12,0,12,0,12,0,12,0,12,0,12,2336,486,71,63,2336,486,0,12,0,12,0,12,0,12,2336,486,282,224,0,12,87,146,1682,484,168,154,0,12
"3272","060371393011","Block Group 1, Census Tract 1393.01, Los Angeles County, California",1507,370,0,12,0,12,0,12,0,12,0,12,0,12,0,12,0,12,0,12,0,12,0,12,0,12,8,19,0,12,0,12,0,12,0,12,0,12,0,12,0,12,0,12,0,12,0,12,0,12,1628,376,36,52,1628,376,34,50,5,12,0,12,0,12,1628,376,56,62,0,12,92,143,1017,310,408,197,0,12
"3273","060371393012","Block Group 2, Census Tract 1393.01, Los Angeles County, California",958,300,0,12,0,12,0,12,0,12,0,12,0,12,0,12,0,12,0,12,0,12,0,12,0,12,64,93,0,12,0,12,0,12,14,31,0,12,0,12,0,12,0,12,0,12,10,16,0,12,1059,359,22,34,1059,359,0,12,30,44,50,44,8,17,1059,359,148,143,0,12,96,109,580,238,121,147,0,12
"3274","060371414001","Block Group 1, Census Tract 1414, Los Angeles County, California",1654,317,0,12,0,12,0,12,0,12,0,12,0,12,0,12,0,12,23,34,0,12,0,12,0,12,0,12,16,25,0,12,0,12,0,12,0,12,0,12,16,26,0,12,0,12,0,12,0,12,1793,343,94,72,1793,343,0,12,75,67,39,35,0,12,1793,343,141,92,0,12,314,223,980,244,270,202,0,12
"3275","060371415001","Block Group 1, Census Tract 1415, Los Angeles County, California",2861,235,0,12,0,12,0,12,0,12,0,12,0,12,0,12,0,12,0,12,0,12,0,12,0,12,0,12,0,12,0,12,0,12,0,12,0,12,32,31,0,12,0,12,0,12,0,12,0,12,2982,224,111,86,2982,224,0,12,0,12,17,26,0,12,2982,224,231,112,0,12,95,95,2474,287,138,154,0,12
"3276","060371233041","Block Group 1, Census Tract 1233.04, Los Angeles County, California",2094,378,42,56,0,12,0,12,0,12,0,12,0,12,0,12,0,12,110,88,23,33,14,18,21,29,0,12,0,12,0,12,0,12,0,12,0,12,117,95,16,25,0,12,0,12,0,12,0,12,2158,390,535,317,2158,390,77,98,46,49,134,73,0,12,2158,390,68,52,0,12,10,18,769,313,1220,363,0,12
"3277","060375417004","Block Group 4, Census Tract 5417, Los Angeles County, California",779,362,0,12,0,12,0,12,0,12,0,12,0,12,0,12,0,12,60,55,13,21,0,12,0,12,0,12,0,12,0,12,0,12,47,54,10,15,0,12,0,12,0,12,0,12,0,12,0,12,850,395,168,168,850,395,0,12,0,12,0,12,0,12,850,395,0,12,0,12,0,12,0,12,850,395,0,12
"3278","060375417002","Block Group 2, Census Tract 5417, Los Angeles County, California",1239,408,0,12,0,12,0,12,0,12,0,12,0,12,0,12,0,12,157,88,138,164,0,12,0,12,0,12,0,12,0,12,0,12,6,11,77,71,0,12,0,12,0,12,0,12,0,12,0,12,1350,444,50,64,1350,444,36,45,84,76,100,114,0,12,1350,444,0,12,0,12,132,108,0,12,1218,443,0,12
"3279","060375417006","Block Group 6, Census Tract 5417, Los Angeles County, California",690,336,0,12,0,12,0,12,0,12,0,12,0,12,0,12,0,12,60,84,22,34,0,12,0,12,0,12,0,12,0,12,0,12,25,25,0,12,0,12,0,12,0,12,0,12,0,12,0,12,730,361,41,69,730,361,0,12,8,12,0,12,0,12,730,361,0,12,0,12,55,45,31,54,644,355,0,12
"3280","060375434001","Block Group 1, Census Tract 5434, Los Angeles County, California",1378,294,0,12,0,12,0,12,0,12,0,12,0,12,0,12,0,12,39,40,24,38,0,12,0,12,21,19,0,12,0,12,0,12,45,33,97,48,0,12,0,12,21,18,0,12,0,12,0,12,1460,315,45,40,1460,315,0,12,71,70,33,29,24,33,1460,315,231,105,0,12,233,208,90,78,891,279,0,12
"3281","060376501014","Block Group 4, Census Tract 6501.01, Los Angeles County, California",1504,353,0,12,0,12,0,12,0,12,0,12,0,12,0,12,0,12,24,40,46,78,0,12,0,12,0,12,0,12,0,12,0,12,0,12,0,12,0,12,0,12,0,12,0,12,0,12,0,12,1542,362,0,12,1542,362,0,12,42,50,0,12,0,12,1542,362,927,354,0,12,51,61,170,114,318,242,20,33
"3282","060375748002","Block Group 2, Census Tract 5748, Los Angeles County, California",1540,235,0,12,0,12,0,12,0,12,0,12,0,12,0,12,0,12,0,12,0,12,0,12,0,12,0,12,0,12,0,12,0,12,0,12,0,12,0,12,0,12,0,12,0,12,0,12,24,38,1556,237,243,115,1568,240,0,12,76,64,64,70,0,12,1568,240,169,75,0,12,258,205,890,186,180,87,15,24
"3283","060375748001","Block Group 1, Census Tract 5748, Los Angeles County, California",690,185,0,12,0,12,0,12,0,12,0,12,0,12,0,12,0,12,0,12,0,12,0,12,0,12,0,12,0,12,0,12,0,12,0,12,0,12,0,12,0,12,0,12,0,12,0,12,0,12,720,195,38,40,720,195,0,12,0,12,57,63,0,12,720,195,57,61,0,12,65,68,429,121,159,122,0,12
"3284","060375749022","Block Group 2, Census Tract 5749.02, Los Angeles County, California",1699,367,0,12,0,12,0,12,0,12,0,12,0,12,0,12,0,12,0,12,0,12,0,12,0,12,13,15,0,12,0,12,0,12,0,12,0,12,0,12,0,12,0,12,0,12,0,12,0,12,1764,380,1068,314,1764,380,18,28,107,62,0,12,0,12,1764,380,481,250,0,12,360,227,619,250,177,103,6,10
"3285","060375434002","Block Group 2, Census Tract 5434, Los Angeles County, California",1695,339,0,12,0,12,0,12,0,12,0,12,0,12,0,12,0,12,27,23,5,9,0,12,0,12,10,11,0,12,0,12,0,12,68,37,29,45,0,12,0,12,10,15,0,12,0,12,0,12,1739,341,63,40,1739,341,53,70,53,37,143,70,15,23,1739,341,219,120,0,12,268,181,43,30,1170,311,0,12
"3286","060371432002","Block Group 2, Census Tract 1432, Los Angeles County, California",1007,263,0,12,0,12,0,12,0,12,0,12,0,12,0,12,0,12,0,12,0,12,0,12,0,12,0,12,0,12,0,12,0,12,0,12,0,12,0,12,0,12,0,12,0,12,0,12,0,12,1007,263,16,25,1007,263,0,12,0,12,14,22,0,12,1007,263,57,71,0,12,25,41,710,248,186,153,0,12
"3287","060371284004","Block Group 4, Census Tract 1284, Los Angeles County, California",1192,483,0,12,0,12,0,12,0,12,0,12,0,12,0,12,0,12,74,95,0,12,0,12,0,12,0,12,0,12,0,12,0,12,60,82,0,12,11,18,0,12,0,12,0,12,0,12,0,12,1259,491,347,449,1274,494,46,49,42,69,9,18,0,12,1274,494,195,99,0,12,344,450,463,190,264,189,0,12
"3288","060371284003","Block Group 3, Census Tract 1284, Los Angeles County, California",1088,259,0,12,0,12,0,12,0,12,0,12,0,12,0,12,0,12,0,12,0,12,25,39,0,12,0,12,0,12,0,12,0,12,0,12,0,12,19,31,0,12,0,12,0,12,0,12,0,12,1178,271,58,44,1178,271,23,37,20,32,50,57,0,12,1178,271,100,139,0,12,8,13,844,244,167,119,0,12
"3289","060372949002","Block Group 2, Census Tract 2949, Los Angeles County, California",1426,223,0,12,0,12,0,12,0,12,0,12,0,12,0,12,0,12,124,47,90,45,0,12,0,12,0,12,16,25,0,12,0,12,37,28,35,31,0,12,0,12,0,12,0,12,0,12,0,12,1593,283,239,176,1604,281,33,30,102,51,101,62,0,12,1604,281,80,79,0,12,21,25,49,38,1442,290,0,12
"3290","060373002004","Block Group 4, Census Tract 3002, Los Angeles County, California",683,260,0,12,0,12,0,12,0,12,0,12,0,12,0,12,0,12,0,12,0,12,0,12,0,12,20,31,0,12,0,12,0,12,0,12,0,12,0,12,0,12,0,12,0,12,0,12,0,12,729,281,0,12,729,281,0,12,0,12,26,42,0,12,729,281,300,236,0,12,0,12,378,193,37,47,14,23
"3291","060373002005","Block Group 5, Census Tract 3002, Los Angeles County, California",1549,285,0,12,0,12,11,18,0,12,0,12,0,12,0,12,0,12,0,12,0,12,0,12,0,12,41,42,0,12,0,12,0,12,0,12,0,12,0,12,0,12,0,12,0,12,0,12,0,12,1617,301,235,184,1617,301,0,12,57,93,37,47,17,26,1617,301,603,226,0,12,0,12,804,273,194,143,0,12
"3292","060373002002","Block Group 2, Census Tract 3002, Los Angeles County, California",911,217,0,12,0,12,0,12,0,12,0,12,0,12,0,12,0,12,0,12,0,12,12,19,0,12,11,16,0,12,0,12,0,12,0,12,0,12,8,14,0,12,0,12,0,12,0,12,0,12,952,233,70,69,952,233,0,12,6,11,7,12,0,12,952,233,240,127,0,12,0,12,667,198,15,24,0,12
"3293","060372181102","Block Group 2, Census Tract 2181.10, Los Angeles County, California",1129,262,0,12,0,12,0,12,0,12,0,12,0,12,0,12,0,12,56,48,21,31,0,12,0,12,7,11,0,12,0,12,0,12,0,12,0,12,0,12,0,12,5,8,0,12,0,12,0,12,1211,287,283,204,1211,287,24,34,56,65,89,76,0,12,1211,287,98,69,0,12,360,197,101,67,615,287,11,19
"3294","060372181101","Block Group 1, Census Tract 2181.10, Los Angeles County, California",1868,315,0,12,0,12,0,12,0,12,12,19,0,12,0,12,0,12,283,141,20,32,0,12,0,12,20,31,0,12,0,12,0,12,48,48,59,58,0,12,0,12,0,12,0,12,0,12,0,12,1984,330,440,189,1984,330,0,12,165,78,110,77,0,12,1984,330,386,177,0,12,236,177,112,72,1230,323,6,12
"3295","060374816051","Block Group 1, Census Tract 4816.05, Los Angeles County, California",802,226,0,12,0,12,0,12,0,12,0,12,0,12,0,12,0,12,0,12,0,12,0,12,0,12,143,92,11,17,0,12,0,12,6,11,0,12,0,12,0,12,0,12,18,20,0,12,0,12,861,250,78,72,861,250,0,12,41,39,32,39,0,12,861,250,523,225,0,12,0,12,37,34,301,153,0,12
"3296","060371249021","Block Group 1, Census Tract 1249.02, Los Angeles County, California",2563,272,0,12,0,12,0,12,0,12,0,12,0,12,0,12,0,12,25,40,0,12,40,53,0,12,0,12,0,12,0,12,0,12,0,12,0,12,169,79,64,61,0,12,0,12,0,12,0,12,2689,281,466,174,2694,281,20,30,111,76,86,63,0,12,2706,281,154,93,0,12,344,203,1540,199,524,159,0,12
"3297","060371390014","Block Group 4, Census Tract 1390.01, Los Angeles County, California",735,388,0,12,0,12,0,12,0,12,0,12,0,12,0,12,0,12,0,12,0,12,0,12,0,12,0,12,0,12,0,12,0,12,0,12,0,12,0,12,0,12,0,12,0,12,0,12,0,12,735,388,88,89,735,388,0,12,0,12,0,12,0,12,735,388,45,54,0,12,0,12,543,366,31,50,0,12
"3298","060371371042","Block Group 2, Census Tract 1371.04, Los Angeles County, California",1002,219,0,12,0,12,0,12,0,12,0,12,0,12,0,12,0,12,0,12,0,12,0,12,0,12,0,12,0,12,0,12,0,12,0,12,0,12,0,12,0,12,0,12,0,12,0,12,0,12,1002,219,150,149,1002,219,0,12,0,12,0,12,0,12,1002,219,155,149,0,12,12,20,714,234,86,107,0,12
"3299","060371371041","Block Group 1, Census Tract 1371.04, Los Angeles County, California",1634,353,0,12,0,12,13,20,0,12,0,12,0,12,0,12,0,12,50,69,48,67,18,27,0,12,0,12,0,12,0,12,0,12,0,12,0,12,21,22,10,17,0,12,0,12,0,12,0,12,1752,379,240,283,1752,379,0,12,32,49,70,79,0,12,1752,379,74,54,0,12,52,81,1183,249,318,291,0,12
"3300","060375544062","Block Group 2, Census Tract 5544.06, Los Angeles County, California",667,172,0,12,0,12,0,12,0,12,11,17,0,12,0,12,0,12,0,12,0,12,0,12,0,12,50,48,0,12,0,12,0,12,0,12,0,12,0,12,0,12,0,12,0,12,0,12,0,12,736,187,21,33,736,187,0,12,0,12,0,12,0,12,736,187,197,120,0,12,115,124,263,113,94,83,0,12
"3301","060375544063","Block Group 3, Census Tract 5544.06, Los Angeles County, California",1856,384,0,12,0,12,0,12,0,12,0,12,0,12,0,12,0,12,0,12,33,65,0,12,0,12,21,28,0,12,0,12,0,12,54,55,0,12,0,12,5,11,0,12,0,12,0,12,137,158,1749,372,454,276,1765,384,60,98,30,36,50,53,0,12,1884,385,363,211,0,12,433,312,513,205,502,256,0,12
"3302","060375544051","Block Group 1, Census Tract 5544.05, Los Angeles County, California",632,330,0,12,0,12,0,12,0,12,0,12,0,12,0,12,0,12,0,12,0,12,0,12,0,12,0,12,0,12,0,12,0,12,36,55,0,12,0,12,0,12,0,12,0,12,0,12,0,12,663,339,50,44,663,339,0,12,32,32,23,29,0,12,663,339,49,72,0,12,31,50,256,124,327,287,0,12
"3303","060375544052","Block Group 2, Census Tract 5544.05, Los Angeles County, California",1999,322,0,12,0,12,0,12,0,12,0,12,0,12,0,12,0,12,85,97,0,12,0,12,0,12,22,27,9,15,0,12,0,12,0,12,11,17,0,12,0,12,25,52,16,27,0,12,0,12,2352,377,331,135,2352,377,45,51,102,84,227,144,27,42,2352,377,215,109,13,45,541,198,386,263,1077,344,24,37
"3304","060375543022","Block Group 2, Census Tract 5543.02, Los Angeles County, California",1672,357,0,12,0,12,0,12,0,12,0,12,0,12,0,12,0,12,118,74,54,57,13,20,0,12,45,68,0,12,0,12,0,12,9,14,0,12,0,12,0,12,0,12,0,12,0,12,0,12,1790,389,219,132,1790,389,0,12,99,101,52,44,0,12,1790,389,231,183,0,12,80,77,132,91,1264,354,6,9
"3305","060375543021","Block Group 1, Census Tract 5543.02, Los Angeles County, California",2288,368,0,12,0,12,0,12,0,12,0,12,0,12,0,12,0,12,43,32,42,57,0,12,0,12,7,12,7,12,0,12,0,12,28,30,0,12,0,12,0,12,0,12,4,9,0,12,0,12,2603,381,348,194,2603,381,94,102,103,75,217,98,0,12,2603,381,558,257,71,110,586,307,85,65,1273,357,0,12
"3306","060375543012","Block Group 2, Census Tract 5543.01, Los Angeles County, California",932,222,0,12,0,12,0,12,0,12,0,12,12,20,0,12,0,12,0,12,0,12,0,12,0,12,0,12,0,12,0,12,0,12,42,39,0,12,0,12,0,12,14,25,0,12,0,12,0,12,1035,275,130,70,1035,275,0,12,16,21,28,41,0,12,1035,275,143,129,0,12,304,184,131,86,457,239,0,12
"3307","060375543011","Block Group 1, Census Tract 5543.01, Los Angeles County, California",1147,389,0,12,0,12,0,12,0,12,0,12,0,12,0,12,0,12,52,50,6,12,0,12,0,12,13,19,0,12,0,12,0,12,6,13,0,12,0,12,0,12,0,12,0,12,0,12,0,12,1211,425,32,72,1221,430,10,22,67,64,105,86,0,12,1221,430,21,23,0,12,0,12,142,114,1058,439,0,12
"3308","060375543013","Block Group 3, Census Tract 5543.01, Los Angeles County, California",1120,499,0,12,0,12,0,12,0,12,0,12,0,12,0,12,0,12,80,82,0,12,0,12,0,12,0,12,0,12,0,12,0,12,53,74,0,12,0,12,0,12,0,12,0,12,0,12,0,12,1243,572,95,114,1243,572,0,12,89,70,0,12,0,12,1243,572,107,139,0,12,232,202,104,137,800,502,0,12
"3309","060375361041","Block Group 1, Census Tract 5361.04, Los Angeles County, California",940,228,25,29,0,12,0,12,0,12,0,12,0,12,0,12,0,12,108,57,44,48,5,8,0,12,0,12,0,12,0,12,0,12,37,34,20,23,0,12,0,12,0,12,0,12,0,12,0,12,1012,253,192,161,1012,253,23,39,66,52,107,79,13,20,1012,253,31,33,0,12,29,28,45,37,890,256,0,12
"3310","060375361042","Block Group 2, Census Tract 5361.04, Los Angeles County, California",1029,251,13,21,0,12,0,12,0,12,0,12,0,12,0,12,0,12,62,51,16,21,0,12,0,12,0,12,0,12,0,12,0,12,62,56,27,19,0,12,0,12,0,12,0,12,0,12,0,12,1120,265,36,29,1120,265,0,12,23,20,14,23,5,7,1120,265,0,12,0,12,30,45,31,26,1059,272,0,12
"3311","060375361043","Block Group 3, Census Tract 5361.04, Los Angeles County, California",1298,260,16,24,0,12,0,12,0,12,0,12,0,12,0,12,0,12,225,85,86,58,0,12,0,12,0,12,0,12,0,12,0,12,56,40,36,29,0,12,0,12,0,12,0,12,0,12,0,12,1420,299,370,194,1420,299,0,12,86,64,158,89,11,17,1420,299,0,12,0,12,0,12,39,27,1381,302,0,12
"3312","060375361044","Block Group 4, Census Tract 5361.04, Los Angeles County, California",258,107,0,12,0,12,0,12,0,12,0,12,0,12,0,12,0,12,43,46,17,20,0,12,0,12,0,12,0,12,0,12,0,12,5,8,0,12,0,12,0,12,0,12,0,12,0,12,0,12,348,156,106,111,348,156,0,12,12,19,13,21,0,12,348,156,0,12,0,12,0,12,12,17,326,154,0,12
"3313","060375350023","Block Group 3, Census Tract 5350.02, Los Angeles County, California",1257,293,0,12,0,12,0,12,0,12,0,12,0,12,0,12,0,12,167,82,79,53,0,12,0,12,0,12,0,12,0,12,0,12,16,20,50,48,0,12,0,12,0,12,0,12,0,12,0,12,1314,299,351,197,1314,299,21,26,42,37,118,91,0,12,1314,299,0,12,0,12,44,53,0,12,1270,313,0,12
"3314","060375350022","Block Group 2, Census Tract 5350.02, Los Angeles County, California",848,233,0,12,0,12,0,12,0,12,0,12,0,12,0,12,0,12,84,62,67,40,0,12,0,12,0,12,0,12,0,12,0,12,9,11,49,42,0,12,0,12,0,12,0,12,0,12,0,12,909,251,327,193,909,251,30,29,65,53,49,34,11,15,909,251,0,12,0,12,22,34,0,12,887,250,0,12
"3315","060375350012","Block Group 2, Census Tract 5350.01, Los Angeles County, California",415,218,0,12,0,12,0,12,0,12,0,12,0,12,0,12,0,12,37,35,45,70,0,12,0,12,0,12,0,12,0,12,0,12,12,19,22,34,0,12,0,12,0,12,0,12,0,12,0,12,470,244,93,76,470,244,0,12,0,12,13,20,0,12,470,244,0,12,0,12,29,27,0,12,441,249,0,12
"3316","060375350011","Block Group 1, Census Tract 5350.01, Los Angeles County, California",2295,434,34,37,50,45,0,12,0,12,0,12,0,12,0,12,0,12,273,101,256,117,0,12,0,12,0,12,0,12,0,12,0,12,78,53,42,34,0,12,0,12,0,12,0,12,0,12,0,12,2573,577,732,510,2573,577,14,23,153,69,208,108,24,26,2573,577,0,12,0,12,141,59,0,12,2424,567,0,12
"3317","060375338061","Block Group 1, Census Tract 5338.06, Los Angeles County, California",2398,488,15,25,0,12,0,12,0,12,0,12,0,12,0,12,0,12,286,141,165,82,0,12,0,12,0,12,24,38,0,12,0,12,37,31,139,104,0,12,0,12,0,12,0,12,0,12,0,12,2572,496,898,540,2572,496,0,12,226,133,176,84,0,12,2572,496,24,38,0,12,134,212,9,14,2405,530,0,12
"3318","060376006021","Block Group 1, Census Tract 6006.02, Los Angeles County, California",2265,215,5,8,0,12,0,12,0,12,0,12,0,12,0,12,0,12,101,48,107,60,0,12,0,12,22,36,22,37,11,14,0,12,9,13,52,34,0,12,0,12,0,12,0,12,0,12,0,12,2542,251,546,220,2542,251,121,95,253,91,202,87,0,12,2542,251,44,73,0,12,839,193,62,67,1586,243,0,12
"3319","060375028015","Block Group 5, Census Tract 5028.01, Los Angeles County, California",838,210,8,12,0,12,0,12,0,12,0,12,0,12,0,12,0,12,15,18,0,12,0,12,0,12,0,12,0,12,0,12,0,12,29,34,21,31,0,12,0,12,0,12,0,12,0,12,0,12,876,216,35,39,876,216,8,12,31,36,37,36,0,12,876,216,10,16,0,12,0,12,132,73,734,212,0,12
"3320","060375028013","Block Group 3, Census Tract 5028.01, Los Angeles County, California",1314,370,16,23,0,12,0,12,0,12,0,12,0,12,0,12,0,12,64,58,0,12,0,12,0,12,0,12,0,12,0,12,0,12,29,44,0,12,0,12,0,12,0,12,0,12,0,12,0,12,1417,401,204,178,1429,404,0,12,92,97,0,12,0,12,1429,404,12,19,0,12,14,23,90,52,1313,416,0,12
"3321","060375028014","Block Group 4, Census Tract 5028.01, Los Angeles County, California",1050,303,0,12,0,12,0,12,0,12,0,12,0,12,0,12,0,12,49,54,0,12,0,12,0,12,0,12,0,12,0,12,0,12,0,12,0,12,0,12,0,12,0,12,0,12,0,12,0,12,1093,326,109,106,1093,326,17,28,121,102,77,54,0,12,1093,326,92,130,0,12,0,12,140,100,861,352,0,12
"3322","060375550014","Block Group 4, Census Tract 5550.01, Los Angeles County, California",2307,383,9,16,0,12,0,12,0,12,7,11,0,12,0,12,0,12,93,60,49,47,0,12,0,12,52,40,7,13,0,12,0,12,75,69,29,48,0,12,0,12,10,15,51,78,0,12,0,12,2402,383,294,180,2402,383,41,41,81,53,117,52,43,52,2402,383,646,279,0,12,197,145,176,120,1328,362,0,12
"3323","060374010012","Block Group 2, Census Tract 4010.01, Los Angeles County, California",439,113,0,12,0,12,0,12,0,12,0,12,0,12,0,12,0,12,0,12,0,12,0,12,0,12,0,12,0,12,0,12,0,12,0,12,0,12,0,12,0,12,0,12,0,12,0,12,0,12,450,121,17,19,450,121,0,12,0,12,0,12,0,12,450,121,15,25,0,12,0,12,320,87,106,78,0,12
"3324","060374010011","Block Group 1, Census Tract 4010.01, Los Angeles County, California",1480,260,0,12,0,12,0,12,0,12,0,12,0,12,0,12,0,12,0,12,0,12,0,12,0,12,0,12,0,12,0,12,0,12,9,13,0,12,0,12,0,12,8,15,0,12,0,12,0,12,1535,267,51,37,1535,267,10,20,3,8,5,8,0,12,1535,267,149,83,0,12,0,12,1127,241,216,82,0,12
"3325","060372920004","Block Group 4, Census Tract 2920, Los Angeles County, California",529,206,0,12,0,12,0,12,0,12,0,12,0,12,0,12,0,12,6,10,0,12,0,12,0,12,10,16,0,12,0,12,0,12,0,12,0,12,0,12,0,12,0,12,0,12,0,12,0,12,547,214,57,92,547,214,0,12,0,12,0,12,0,12,552,214,198,160,0,12,3,6,180,95,171,148,0,12
"3326","060372920001","Block Group 1, Census Tract 2920, Los Angeles County, California",1097,373,0,12,0,12,0,12,0,12,0,12,0,12,0,12,0,12,27,43,0,12,0,12,0,12,9,14,0,12,0,12,0,12,0,12,0,12,5,10,0,12,27,31,0,12,0,12,0,12,1212,399,329,314,1212,399,0,12,55,63,0,12,0,12,1212,399,143,108,12,20,59,69,111,67,776,392,0,12
"3327","060372920003","Block Group 3, Census Tract 2920, Los Angeles County, California",2685,492,0,12,0,12,0,12,0,12,0,12,0,12,0,12,0,12,327,156,82,82,0,12,0,12,60,55,0,12,22,34,0,12,26,29,72,102,0,12,0,12,3,9,0,12,0,12,0,12,2843,481,1024,383,2887,488,24,37,203,110,207,114,0,12,2887,488,509,211,0,12,509,176,126,105,1634,496,0,12
"3328","060373103003","Block Group 3, Census Tract 3103, Los Angeles County, California",445,109,0,12,0,12,0,12,0,12,0,12,0,12,0,12,0,12,0,12,0,12,11,18,0,12,0,12,0,12,0,12,0,12,0,12,0,12,13,20,0,12,0,12,0,12,0,12,0,12,457,113,0,12,457,113,0,12,0,12,23,33,0,12,457,113,104,76,0,12,0,12,330,100,23,33,0,12
"3329","060373103004","Block Group 4, Census Tract 3103, Los Angeles County, California",736,185,0,12,0,12,0,12,0,12,0,12,0,12,0,12,0,12,0,12,0,12,47,50,0,12,0,12,0,12,0,12,0,12,0,12,0,12,0,12,0,12,0,12,0,12,0,12,0,12,799,188,32,48,799,188,12,18,13,19,0,12,0,12,799,188,73,76,0,12,0,12,666,178,51,49,0,12
"3330","060373103001","Block Group 1, Census Tract 3103, Los Angeles County, California",809,203,0,12,0,12,0,12,0,12,0,12,0,12,0,12,0,12,0,12,0,12,0,12,0,12,9,11,0,12,0,12,0,12,0,12,0,12,0,12,0,12,0,12,0,12,0,12,0,12,888,217,56,66,918,218,0,12,14,22,0,12,0,12,918,218,184,88,0,12,0,12,481,147,242,147,0,12
"3331","060374002061","Block Group 1, Census Tract 4002.06, Los Angeles County, California",2911,274,0,12,0,12,0,12,0,12,0,12,0,12,0,12,0,12,28,57,0,12,0,12,0,12,33,31,0,12,0,12,0,12,0,12,0,12,0,12,0,12,44,38,12,19,0,12,0,12,3048,283,86,84,3035,284,0,12,12,19,0,12,0,12,3048,283,588,150,0,12,49,49,1492,255,740,220,0,12
"3332","060374019022","Block Group 2, Census Tract 4019.02, Los Angeles County, California",2689,457,0,12,0,12,0,12,0,12,0,12,0,12,0,12,0,12,0,12,0,12,0,12,0,12,29,34,0,12,0,12,0,12,0,12,19,43,0,12,0,12,0,12,0,12,0,12,0,12,2722,490,221,144,2741,489,106,122,113,167,87,94,0,12,2820,498,292,149,0,12,251,278,1388,355,807,387,39,64
"3333","060374019024","Block Group 4, Census Tract 4019.02, Los Angeles County, California",1543,431,25,34,0,12,0,12,0,12,0,12,0,12,0,12,0,12,15,25,0,12,0,12,0,12,0,12,0,12,0,12,0,12,0,12,0,12,0,12,0,12,0,12,0,12,0,12,0,12,1621,445,32,53,1621,445,0,12,0,12,40,38,0,12,1621,445,92,79,0,12,0,12,988,306,429,357,17,27
"3334","060374019021","Block Group 1, Census Tract 4019.02, Los Angeles County, California",802,255,0,12,0,12,0,12,0,12,0,12,0,12,0,12,0,12,0,12,2,5,0,12,0,12,0,12,0,12,0,12,0,12,0,12,0,12,0,12,0,12,0,12,0,12,0,12,0,12,865,262,33,27,867,263,0,12,0,12,0,12,0,12,867,263,13,22,0,12,10,9,698,227,131,140,0,12
"3335","060374035001","Block Group 1, Census Tract 4035, Los Angeles County, California",1776,197,0,12,0,12,0,12,0,12,2,6,0,12,0,12,0,12,5,8,0,12,0,12,0,12,125,92,6,9,0,12,0,12,0,12,9,12,0,12,0,12,61,57,7,11,0,12,0,12,1835,214,83,55,1835,214,0,12,0,12,27,28,0,12,1835,214,699,166,0,12,52,54,363,92,661,115,0,12
"3336","060372411201","Block Group 1, Census Tract 2411.20, Los Angeles County, California",1347,507,0,12,0,12,0,12,0,12,0,12,0,12,0,12,0,12,205,189,65,55,0,12,0,12,0,12,0,12,0,12,0,12,52,50,20,33,0,12,0,12,0,12,0,12,0,12,0,12,1392,507,330,157,1415,511,0,12,218,167,73,61,0,12,1415,511,7,10,0,12,251,167,12,20,1109,478,0,12
"3337","060373017021","Block Group 1, Census Tract 3017.02, Los Angeles County, California",1598,372,0,12,0,12,0,12,0,12,7,12,0,12,0,12,0,12,8,13,3,7,90,77,28,46,54,44,0,12,30,36,0,12,8,14,0,12,21,36,11,17,0,12,0,12,0,12,0,12,1752,435,206,135,1752,435,9,14,41,42,120,96,0,12,1752,435,368,171,0,12,3,7,1247,398,92,79,0,12
"3338","060375539023","Block Group 3, Census Tract 5539.02, Los Angeles County, California",1766,384,0,12,0,12,0,12,0,12,0,12,0,12,0,12,0,12,62,48,6,10,0,12,0,12,0,12,0,12,0,12,0,12,20,23,6,10,0,12,0,12,13,20,0,12,0,12,12,18,1836,401,433,225,1836,401,76,79,125,126,112,75,12,18,1836,401,98,104,102,157,333,194,204,124,1078,352,0,12
"3339","060372220012","Block Group 2, Census Tract 2220.01, Los Angeles County, California",1523,263,9,15,0,12,0,12,0,12,0,12,0,12,0,12,0,12,155,78,16,18,0,12,0,12,0,12,0,12,0,12,0,12,47,48,52,70,0,12,0,12,0,12,0,12,0,12,0,12,1618,286,118,86,1618,286,0,12,83,50,102,52,0,12,1618,286,10,14,0,12,353,118,213,101,1000,250,0,12
"3340","060372216022","Block Group 2, Census Tract 2216.02, Los Angeles County, California",615,139,0,12,0,12,0,12,0,12,0,12,0,12,0,12,0,12,127,55,29,26,0,12,0,12,0,12,0,12,0,12,0,12,29,25,4,8,0,12,0,12,0,12,14,17,0,12,0,12,633,143,213,92,633,143,21,23,77,41,58,38,0,12,633,143,53,52,0,12,54,28,16,18,510,138,0,12
"3341","060372216023","Block Group 3, Census Tract 2216.02, Los Angeles County, California",902,263,0,12,0,12,0,12,0,12,0,12,0,12,0,12,0,12,165,83,37,38,0,12,0,12,0,12,0,12,0,12,0,12,8,12,35,28,30,37,0,12,0,12,0,12,0,12,0,12,936,273,115,68,936,273,0,12,75,48,60,39,14,15,936,273,160,163,0,12,23,37,8,12,745,235,0,12
"3342","060372216011","Block Group 1, Census Tract 2216.01, Los Angeles County, California",1641,259,0,12,0,12,0,12,0,12,0,12,0,12,0,12,0,12,173,73,133,79,0,12,0,12,0,12,0,12,0,12,0,12,74,61,42,39,0,12,0,12,0,12,0,12,0,12,0,12,1739,261,497,185,1739,261,6,9,115,77,230,103,10,16,1739,261,36,36,0,12,256,127,142,90,1280,271,0,12
"3343","060372216012","Block Group 2, Census Tract 2216.01, Los Angeles County, California",1373,291,10,16,0,12,0,12,0,12,0,12,0,12,0,12,0,12,127,55,13,20,0,12,0,12,12,27,12,27,0,12,0,12,42,40,0,12,0,12,0,12,0,12,6,13,0,12,0,12,1402,291,216,91,1402,291,0,12,37,35,98,70,0,12,1402,291,142,156,0,12,198,99,151,86,857,239,0,12
"3344","060372214022","Block Group 2, Census Tract 2214.02, Los Angeles County, California",1064,206,0,12,0,12,0,12,0,12,0,12,0,12,0,12,0,12,63,48,0,12,0,12,0,12,23,37,0,12,0,12,0,12,0,12,15,22,0,12,0,12,10,15,9,14,0,12,0,12,983,222,93,65,1050,216,45,48,63,40,48,40,0,12,1100,217,114,107,0,12,375,161,251,90,312,175,0,12
"3345","060374011014","Block Group 4, Census Tract 4011.01, Los Angeles County, California",1333,323,0,12,0,12,0,12,0,12,0,12,0,12,0,12,0,12,15,25,0,12,0,12,0,12,0,12,0,12,0,12,0,12,0,12,0,12,0,12,0,12,17,27,0,12,0,12,0,12,1429,374,190,200,1429,374,0,12,31,35,36,60,0,12,1429,374,92,93,0,12,100,162,731,217,411,235,0,12
"3346","060375421063","Block Group 3, Census Tract 5421.06, Los Angeles County, California",490,173,0,12,0,12,0,12,0,12,0,12,0,12,0,12,0,12,65,53,20,21,0,12,0,12,0,12,0,12,0,12,0,12,0,12,19,22,0,12,0,12,0,12,0,12,0,12,0,12,510,179,96,95,510,179,0,12,12,12,19,22,0,12,510,179,0,12,0,12,0,12,12,21,498,173,0,12
"3347","060375421061","Block Group 1, Census Tract 5421.06, Los Angeles County, California",1166,328,0,12,0,12,0,12,0,12,0,12,0,12,0,12,0,12,148,66,54,66,0,12,0,12,10,16,0,12,0,12,0,12,56,38,23,22,0,12,0,12,0,12,0,12,0,12,0,12,1189,347,226,160,1189,347,14,21,57,46,85,54,0,12,1200,346,10,16,0,12,186,122,0,12,989,341,0,12
"3348","060375421053","Block Group 3, Census Tract 5421.05, Los Angeles County, California",1813,379,0,12,0,12,0,12,0,12,0,12,0,12,0,12,0,12,192,102,0,12,0,12,0,12,0,12,0,12,0,12,0,12,0,12,23,37,0,12,0,12,0,12,0,12,0,12,0,12,1914,412,604,377,1914,412,0,12,101,75,140,73,0,12,1914,412,0,12,0,12,322,178,18,28,1574,394,0,12
"3349","060375421051","Block Group 1, Census Tract 5421.05, Los Angeles County, California",1705,351,0,12,0,12,0,12,0,12,0,12,0,12,0,12,0,12,98,62,168,104,0,12,0,12,0,12,0,12,0,12,0,12,40,36,48,54,0,12,0,12,0,12,0,12,0,12,0,12,1810,386,201,156,1820,388,31,36,105,65,134,78,0,12,1820,388,0,12,0,12,144,126,23,37,1653,415,0,12
"3350","060379001032","Block Group 2, Census Tract 9001.03, Los Angeles County, California",1533,488,0,12,0,12,0,12,0,12,0,12,0,12,0,12,0,12,148,110,24,34,0,12,0,12,0,12,0,12,0,12,0,12,26,43,20,40,0,12,0,12,6,14,0,12,0,12,0,12,1584,514,379,327,1584,514,61,90,50,45,104,94,0,12,1584,514,6,14,0,12,222,251,338,166,1000,456,0,12
"3351","060379001033","Block Group 3, Census Tract 9001.03, Los Angeles County, California",1851,437,7,13,0,12,0,12,0,12,0,12,0,12,0,12,0,12,20,30,0,12,0,12,0,12,0,12,0,12,0,12,0,12,0,12,12,19,0,12,0,12,0,12,0,12,0,12,0,12,1990,484,708,279,1990,484,30,46,65,57,19,29,0,12,1990,484,0,12,0,12,168,162,923,352,873,370,0,12
"3352","060378005063","Block Group 3, Census Tract 8005.06, Los Angeles County, California",1455,331,0,12,0,12,0,12,0,12,0,12,0,12,0,12,0,12,0,12,0,12,0,12,0,12,0,12,0,12,0,12,0,12,0,12,0,12,0,12,0,12,0,12,0,12,0,12,0,12,1526,373,54,45,1526,373,0,12,0,12,13,20,0,12,1526,373,174,176,0,12,0,12,1189,349,79,84,0,12
"3353","060378005061","Block Group 1, Census Tract 8005.06, Los Angeles County, California",1263,244,0,12,0,12,0,12,0,12,0,12,0,12,0,12,0,12,0,12,0,12,0,12,0,12,0,12,0,12,0,12,0,12,0,12,0,12,0,12,0,12,0,12,0,12,0,12,0,12,1277,248,143,106,1277,248,0,12,0,12,16,27,0,12,1277,248,69,73,0,12,47,63,1064,231,84,88,0,12
"3354","060378003291","Block Group 1, Census Tract 8003.29, Los Angeles County, California",1030,321,0,12,0,12,0,12,0,12,0,12,0,12,0,12,0,12,0,12,0,12,0,12,0,12,0,12,0,12,0,12,0,12,0,12,0,12,0,12,0,12,0,12,0,12,0,12,0,12,1154,403,0,12,1154,403,0,12,0,12,0,12,0,12,1154,403,0,12,0,12,0,12,1131,423,23,36,0,12
"3355","060378003292","Block Group 2, Census Tract 8003.29, Los Angeles County, California",2579,467,0,12,0,12,0,12,0,12,0,12,0,12,0,12,0,12,0,12,0,12,0,12,0,12,0,12,0,12,0,12,0,12,0,12,0,12,144,230,15,25,0,12,0,12,0,12,0,12,2712,496,245,197,2712,496,0,12,178,189,69,75,0,12,2712,496,157,115,0,12,93,126,2053,540,210,149,0,12
"3356","060378003293","Block Group 3, Census Tract 8003.29, Los Angeles County, California",3040,543,0,12,0,12,0,12,0,12,0,12,0,12,0,12,0,12,0,12,0,12,0,12,0,12,0,12,0,12,0,12,0,12,0,12,0,12,0,12,0,12,0,12,0,12,0,12,0,12,3073,535,247,159,3087,538,0,12,23,29,20,34,0,12,3087,538,323,228,0,12,81,82,2174,461,421,337,0,12
"3357","060375736011","Block Group 1, Census Tract 5736.01, Los Angeles County, California",1609,467,0,12,0,12,0,12,0,12,0,12,0,12,0,12,0,12,22,29,0,12,0,12,0,12,22,41,0,12,0,12,0,12,0,12,9,22,0,12,0,12,0,12,0,12,0,12,0,12,1649,466,61,58,1649,466,0,12,21,33,62,71,0,12,1649,466,97,156,21,34,314,473,802,223,345,208,0,12
"3358","060375736012","Block Group 2, Census Tract 5736.01, Los Angeles County, California",856,238,0,12,0,12,0,12,0,12,0,12,0,12,0,12,0,12,0,12,0,12,0,12,0,12,0,12,0,12,0,12,0,12,0,12,0,12,0,12,0,12,0,12,0,12,0,12,0,12,957,286,136,154,978,296,0,12,0,12,28,45,0,12,978,296,17,28,0,12,58,73,475,225,359,286,0,12
"3359","060375736013","Block Group 3, Census Tract 5736.01, Los Angeles County, California",788,299,0,12,0,12,0,12,0,12,0,12,0,12,0,12,0,12,0,12,0,12,0,12,0,12,0,12,0,12,0,12,0,12,0,12,0,12,0,12,0,12,0,12,0,12,0,12,0,12,874,311,7,8,874,311,0,12,0,12,0,12,0,12,874,311,77,123,0,12,53,82,399,147,345,284,0,12
"3360","060375736014","Block Group 4, Census Tract 5736.01, Los Angeles County, California",0,12,0,12,0,12,0,12,0,12,0,12,0,12,0,12,0,12,0,12,0,12,0,12,0,12,0,12,0,12,0,12,0,12,0,12,0,12,0,12,0,12,0,12,0,12,0,12,0,12,0,12,0,12,0,12,0,12,0,12,0,12,0,12,0,12,0,12,0,12,0,12,0,12,0,12,0,12
"3361","060375736015","Block Group 5, Census Tract 5736.01, Los Angeles County, California",0,12,0,12,0,12,0,12,0,12,0,12,0,12,0,12,0,12,0,12,0,12,0,12,0,12,0,12,0,12,0,12,0,12,0,12,0,12,0,12,0,12,0,12,0,12,0,12,0,12,0,12,0,12,0,12,0,12,0,12,0,12,0,12,0,12,0,12,0,12,0,12,0,12,0,12,0,12
"3362","060375736016","Block Group 6, Census Tract 5736.01, Los Angeles County, California",846,362,0,12,0,12,0,12,0,12,0,12,0,12,0,12,0,12,12,19,0,12,0,12,0,12,0,12,0,12,0,12,0,12,0,12,0,12,0,12,0,12,0,12,0,12,0,12,0,12,921,403,301,343,921,403,0,12,0,12,43,65,0,12,921,403,229,328,0,12,0,12,595,307,97,91,0,12
"3363","060375736017","Block Group 7, Census Tract 5736.01, Los Angeles County, California",514,146,0,12,0,12,0,12,0,12,0,12,0,12,0,12,0,12,0,12,0,12,0,12,0,12,0,12,0,12,0,12,0,12,0,12,0,12,0,12,0,12,0,12,0,12,0,12,0,12,559,173,0,12,559,173,0,12,29,45,0,12,0,12,559,173,34,39,0,12,0,12,379,137,77,98,0,12
"3364","060374080041","Block Group 1, Census Tract 4080.04, Los Angeles County, California",2335,246,0,12,6,9,0,12,0,12,0,12,0,12,0,12,0,12,56,36,23,26,0,12,0,12,62,40,16,18,0,12,0,12,5,10,21,24,0,12,0,12,0,12,0,12,0,12,0,12,2488,258,154,135,2493,258,85,75,85,46,103,70,0,12,2493,258,910,184,0,12,267,121,165,71,1110,299,0,12
"3365","060374045031","Block Group 1, Census Tract 4045.03, Los Angeles County, California",2504,283,7,9,0,12,0,12,0,12,0,12,0,12,0,12,0,12,138,51,122,59,0,12,0,12,5,7,0,12,0,12,0,12,104,45,33,27,5,8,0,12,7,11,7,9,0,12,0,12,2615,297,253,158,2615,297,12,13,19,21,41,31,0,12,2638,299,311,138,11,19,77,76,221,94,1962,268,0,12
"3366","060371220003","Block Group 3, Census Tract 1220, Los Angeles County, California",1042,428,107,146,0,12,0,12,0,12,0,12,0,12,0,12,0,12,0,12,11,16,26,24,11,17,0,12,0,12,0,12,0,12,0,12,17,25,8,15,0,12,21,30,0,12,0,12,0,12,1058,428,119,95,1058,428,0,12,23,28,9,16,0,12,1058,428,120,108,0,12,20,33,221,120,690,431,0,12
"3367","060371114003","Block Group 3, Census Tract 1114, Los Angeles County, California",3961,624,0,12,0,12,0,12,0,12,0,12,0,12,0,12,0,12,158,155,50,79,0,12,0,12,22,34,0,12,0,12,119,161,20,32,74,109,0,12,5,11,14,18,0,12,0,12,0,12,4040,637,1057,477,4040,637,42,68,317,217,253,184,0,12,4117,644,343,214,0,12,365,298,1412,489,1997,675,0,12
"3368","060374634004","Block Group 4, Census Tract 4634, Los Angeles County, California",2019,507,0,12,0,12,0,12,0,12,0,12,0,12,0,12,0,12,8,15,0,12,0,12,0,12,109,120,0,12,0,12,0,12,0,12,0,12,0,12,53,66,0,12,0,12,0,12,0,12,2073,513,113,102,2073,513,0,12,13,23,97,117,0,12,2095,514,677,244,0,12,294,175,777,278,223,134,0,12
"3369","060371902021","Block Group 1, Census Tract 1902.02, Los Angeles County, California",1212,311,0,12,0,12,0,12,0,12,0,12,0,12,0,12,0,12,38,43,0,12,0,12,0,12,0,12,0,12,0,12,0,12,0,12,24,28,56,67,90,95,0,12,0,12,0,12,0,12,1271,321,257,142,1271,321,0,12,9,21,27,44,0,12,1271,321,41,65,0,12,275,216,447,133,339,140,0,12
"3370","060371899031","Block Group 1, Census Tract 1899.03, Los Angeles County, California",2089,193,0,12,0,12,0,12,0,12,0,12,0,12,0,12,0,12,0,12,0,12,32,34,0,12,0,12,0,12,0,12,0,12,0,12,0,12,20,21,10,15,0,12,0,12,0,12,0,12,2089,193,317,140,2089,193,0,12,150,92,109,78,0,12,2089,193,167,79,0,12,95,55,1479,216,312,142,0,12
"3371","060371436042","Block Group 2, Census Tract 1436.04, Los Angeles County, California",2278,374,0,12,0,12,0,12,0,12,0,12,0,12,0,12,0,12,0,12,0,12,0,12,0,12,0,12,0,12,0,12,0,12,0,12,0,12,0,12,0,12,0,12,0,12,0,12,0,12,2374,381,247,103,2374,381,0,12,211,153,69,55,0,12,2374,381,478,250,0,12,303,143,1316,277,136,71,37,61
"3372","060371436041","Block Group 1, Census Tract 1436.04, Los Angeles County, California",1250,229,0,12,0,12,0,12,0,12,0,12,0,12,0,12,0,12,0,12,0,12,0,12,0,12,0,12,0,12,0,12,0,12,0,12,0,12,0,12,0,12,0,12,0,12,0,12,0,12,1346,291,99,68,1346,291,0,12,54,53,90,74,0,12,1346,291,233,180,0,12,40,36,808,262,110,74,15,25
"3373","060371411012","Block Group 2, Census Tract 1411.01, Los Angeles County, California",2676,553,0,12,0,12,0,12,0,12,0,12,0,12,0,12,0,12,0,12,0,12,0,12,0,12,33,52,0,12,0,12,0,12,0,12,0,12,0,12,0,12,0,12,0,12,0,12,0,12,3030,675,207,119,3030,675,41,65,212,182,121,111,0,12,3030,675,207,162,0,12,654,523,1663,432,388,374,0,12
"3374","060371411011","Block Group 1, Census Tract 1411.01, Los Angeles County, California",1460,396,0,12,0,12,0,12,0,12,0,12,0,12,0,12,0,12,0,12,0,12,0,12,0,12,0,12,0,12,0,12,0,12,0,12,0,12,0,12,0,12,0,12,0,12,0,12,0,12,1644,435,131,128,1644,435,0,12,11,18,0,12,0,12,1644,435,54,52,0,12,41,49,1199,367,302,282,0,12
"3375","060373101004","Block Group 4, Census Tract 3101, Los Angeles County, California",1251,399,0,12,0,12,0,12,0,12,0,12,0,12,0,12,0,12,0,12,0,12,23,38,0,12,0,12,0,12,0,12,0,12,0,12,0,12,0,12,0,12,0,12,0,12,0,12,0,12,1251,399,10,16,1251,399,0,12,0,12,0,12,0,12,1251,399,135,147,0,12,152,222,721,280,206,161,0,12
"3376","060376508003","Block Group 3, Census Tract 6508, Los Angeles County, California",2705,384,0,12,0,12,0,12,0,12,57,55,0,12,0,12,0,12,0,12,0,12,0,12,0,12,326,167,28,32,0,12,0,12,0,12,0,12,9,15,0,12,106,90,0,12,0,12,0,12,2997,424,178,123,2985,427,0,12,54,68,33,46,0,12,2997,424,2279,387,0,12,40,65,498,206,18,26,0,12
"3377","060372943012","Block Group 2, Census Tract 2943.01, Los Angeles County, California",1034,226,0,12,0,12,0,12,0,12,0,12,0,12,0,12,0,12,75,42,29,29,0,12,0,12,6,9,0,12,0,12,0,12,35,33,35,34,0,12,0,12,0,12,0,12,0,12,0,12,1040,226,55,61,1040,226,7,10,19,16,45,35,0,12,1040,226,143,77,0,12,34,43,29,30,834,218,0,12
"3378","060372933071","Block Group 1, Census Tract 2933.07, Los Angeles County, California",1372,263,0,12,0,12,0,12,0,12,0,12,0,12,0,12,0,12,94,41,0,12,0,12,0,12,74,69,0,12,0,12,0,12,14,22,14,22,0,12,0,12,14,17,0,12,0,12,0,12,1409,273,248,150,1409,273,0,12,25,27,33,26,0,12,1409,273,303,134,0,12,129,65,161,62,770,265,0,12
"3379","060371241042","Block Group 2, Census Tract 1241.04, Los Angeles County, California",578,171,14,21,0,12,0,12,0,12,0,12,0,12,0,12,0,12,22,21,12,19,0,12,6,11,0,12,0,12,0,12,0,12,0,12,14,26,6,10,0,12,0,12,0,12,0,12,0,12,605,177,12,19,605,177,0,12,63,50,109,84,0,12,605,177,4,6,0,12,11,12,197,88,393,164,0,12
"3380","060371241041","Block Group 1, Census Tract 1241.04, Los Angeles County, California",1774,257,0,12,0,12,0,12,0,12,0,12,0,12,0,12,0,12,74,53,101,66,5,8,0,12,0,12,0,12,0,12,0,12,22,25,35,40,11,18,0,12,0,12,0,12,0,12,0,12,1871,261,448,186,1887,261,16,25,92,53,166,80,0,12,1887,261,24,23,10,15,158,88,507,127,1080,247,0,12
"3381","060371239022","Block Group 2, Census Tract 1239.02, Los Angeles County, California",2122,297,0,12,0,12,30,38,0,12,9,15,0,12,0,12,0,12,81,62,0,12,72,78,0,12,11,16,0,12,0,12,0,12,16,22,16,22,0,12,0,12,0,12,0,12,10,17,0,12,2261,329,426,228,2261,329,0,12,114,66,46,37,15,18,2261,329,358,113,0,12,68,72,1049,239,730,197,0,12
"3382","060371239021","Block Group 1, Census Tract 1239.02, Los Angeles County, California",380,134,0,12,0,12,0,12,0,12,0,12,0,12,0,12,0,12,0,12,0,12,0,12,0,12,0,12,0,12,0,12,0,12,0,12,0,12,0,12,0,12,0,12,0,12,0,12,0,12,407,159,29,35,407,159,0,12,0,12,38,39,0,12,407,159,13,23,0,12,18,30,343,140,33,46,0,12
"3383","060371211023","Block Group 3, Census Tract 1211.02, Los Angeles County, California",942,281,0,12,0,12,0,12,0,12,0,12,0,12,0,12,0,12,16,24,14,23,48,71,0,12,0,12,20,31,0,12,0,12,11,13,0,12,0,12,7,9,0,12,10,16,0,12,0,12,923,277,180,121,964,299,0,12,36,33,75,64,0,12,977,300,56,71,0,12,0,12,288,157,613,258,0,12
"3384","060371211021","Block Group 1, Census Tract 1211.02, Los Angeles County, California",819,236,0,12,0,12,0,12,0,12,0,12,0,12,0,12,0,12,89,54,0,12,9,14,0,12,0,12,0,12,0,12,0,12,5,12,20,31,0,12,0,12,0,12,0,12,0,12,0,12,825,236,38,31,825,236,16,26,69,55,8,13,0,12,825,236,21,35,0,12,0,12,275,96,529,242,0,12
"3385","060371211022","Block Group 2, Census Tract 1211.02, Los Angeles County, California",655,178,0,12,0,12,0,12,0,12,0,12,0,12,0,12,0,12,0,12,0,12,17,25,0,12,0,12,0,12,0,12,0,12,0,12,0,12,0,12,43,65,0,12,0,12,0,12,0,12,677,180,161,120,677,180,5,9,38,39,23,26,0,12,677,180,24,28,0,12,0,12,576,175,60,44,0,12
"3386","060371066452","Block Group 2, Census Tract 1066.45, Los Angeles County, California",1907,335,0,12,0,12,0,12,0,12,0,12,0,12,0,12,0,12,6,17,0,12,0,12,17,26,9,13,22,29,0,12,0,12,0,12,0,12,4,7,0,12,21,27,25,40,0,12,0,12,1981,365,52,50,1981,365,44,65,49,72,44,65,0,12,1981,365,544,234,0,12,45,67,1078,323,289,139,14,22
"3387","060374603021","Block Group 1, Census Tract 4603.02, Los Angeles County, California",1031,249,0,12,0,12,0,12,0,12,0,12,0,12,0,12,0,12,0,12,0,12,0,12,0,12,0,12,0,12,0,12,0,12,0,12,0,12,21,33,0,12,0,12,0,12,0,12,0,12,1015,253,100,81,1015,253,50,67,6,13,59,74,0,12,1056,254,53,56,0,12,437,247,303,130,239,119,0,12
"3388","060374603022","Block Group 2, Census Tract 4603.02, Los Angeles County, California",481,156,0,12,0,12,0,12,0,12,0,12,0,12,0,12,0,12,40,45,0,12,0,12,0,12,0,12,0,12,0,12,0,12,0,12,0,12,0,12,0,12,0,12,0,12,0,12,0,12,519,166,150,147,519,166,0,12,0,12,14,21,0,12,519,166,34,31,0,12,118,74,125,68,208,158,0,12
"3389","060376511022","Block Group 2, Census Tract 6511.02, Los Angeles County, California",1460,254,0,12,0,12,0,12,0,12,0,12,0,12,0,12,0,12,0,12,0,12,0,12,0,12,9,14,0,12,0,12,0,12,0,12,0,12,10,16,0,12,21,25,23,25,0,12,0,12,1523,256,150,80,1523,256,10,15,0,12,22,26,0,12,1523,256,413,162,0,12,60,48,778,187,202,121,0,12
"3390","060374087221","Block Group 1, Census Tract 4087.22, Los Angeles County, California",2150,425,0,12,0,12,0,12,0,12,0,12,0,12,0,12,0,12,13,19,0,12,0,12,0,12,138,85,111,71,0,12,0,12,2,4,0,12,0,12,0,12,76,49,11,18,0,12,0,12,2212,453,320,217,2227,457,15,23,104,81,91,91,0,12,2236,457,1332,373,0,12,8,17,309,150,570,232,0,12
"3391","060372031003","Block Group 3, Census Tract 2031, Los Angeles County, California",1442,348,0,12,0,12,0,12,0,12,0,12,0,12,0,12,0,12,232,97,98,67,0,12,0,12,0,12,0,12,0,12,0,12,32,37,88,63,0,12,0,12,0,12,0,12,0,12,0,12,1541,353,839,372,1541,353,0,12,57,66,111,90,0,12,1541,353,0,12,0,12,57,65,0,12,1484,363,0,12
"3392","060374340032","Block Group 2, Census Tract 4340.03, Los Angeles County, California",1596,431,0,12,0,12,0,12,0,12,0,12,0,12,0,12,0,12,140,75,81,51,0,12,0,12,43,51,6,9,0,12,0,12,46,52,51,49,0,12,0,12,23,27,6,9,0,12,0,12,1647,437,502,347,1657,440,9,13,106,55,68,51,0,12,1657,440,236,167,0,12,5,8,42,32,1368,406,0,12
"3393","060374340031","Block Group 1, Census Tract 4340.03, Los Angeles County, California",1432,494,0,12,0,12,0,12,0,12,0,12,0,12,0,12,0,12,246,207,106,66,0,12,0,12,17,17,3,6,0,12,0,12,12,14,0,12,0,12,0,12,12,18,6,10,0,12,0,12,1485,509,369,165,1485,509,0,12,29,44,150,101,0,12,1485,509,92,76,0,12,0,12,71,73,1322,519,0,12
"3394","060374340033","Block Group 3, Census Tract 4340.03, Los Angeles County, California",1541,473,21,34,3,5,0,12,0,12,0,12,0,12,0,12,0,12,162,125,146,128,0,12,0,12,56,53,32,37,0,12,0,12,75,56,30,35,0,12,0,12,41,30,19,17,0,12,0,12,1575,485,206,110,1575,485,25,33,170,176,153,77,12,19,1575,485,338,133,0,12,0,12,30,24,1176,481,0,12
"3395","060374335043","Block Group 3, Census Tract 4335.04, Los Angeles County, California",1570,334,29,45,0,12,0,12,0,12,0,12,0,12,0,12,0,12,310,169,122,83,0,12,0,12,63,55,22,34,0,12,0,12,13,20,64,41,0,12,0,12,27,36,39,60,0,12,0,12,1745,351,377,241,1745,351,0,12,188,107,157,104,14,22,1745,351,307,193,162,230,0,12,0,12,1252,328,0,12
"3396","060374335041","Block Group 1, Census Tract 4335.04, Los Angeles County, California",1797,425,0,12,0,12,0,12,0,12,0,12,0,12,0,12,0,12,131,106,78,50,0,12,0,12,84,88,92,96,0,12,0,12,55,42,13,20,0,12,0,12,0,12,0,12,0,12,0,12,1994,463,870,414,2066,495,42,56,82,48,281,123,0,12,2066,495,473,232,0,12,0,12,0,12,1593,496,0,12
"3397","060379200381","Block Group 1, Census Tract 9200.38, Los Angeles County, California",786,267,0,12,0,12,0,12,0,12,0,12,0,12,0,12,0,12,0,12,28,43,9,15,0,12,0,12,0,12,0,12,0,12,41,51,0,12,0,12,0,12,0,12,0,12,0,12,0,12,883,329,70,64,883,329,31,47,65,100,0,12,0,12,883,329,0,12,0,12,67,64,380,221,397,235,0,12
"3398","060379200382","Block Group 2, Census Tract 9200.38, Los Angeles County, California",794,339,0,12,0,12,0,12,0,12,0,12,0,12,0,12,0,12,105,108,19,53,0,12,0,12,0,12,0,12,0,12,0,12,0,12,0,12,0,12,0,12,0,12,0,12,0,12,0,12,827,366,129,267,827,366,0,12,82,35,43,31,0,12,827,366,0,12,0,12,25,42,173,97,543,389,11,19
"3399","060374800022","Block Group 2, Census Tract 4800.02, Los Angeles County, California",1410,255,0,12,0,12,0,12,0,12,0,12,0,12,0,12,0,12,0,12,0,12,0,12,0,12,106,84,16,18,0,12,0,12,0,12,0,12,0,12,0,12,74,45,20,25,0,12,0,12,1459,251,53,40,1474,258,0,12,27,25,66,57,0,12,1474,258,913,248,0,12,0,12,310,99,239,192,0,12
"3400","060374800023","Block Group 3, Census Tract 4800.02, Los Angeles County, California",1232,288,0,12,0,12,0,12,0,12,0,12,0,12,0,12,0,12,0,12,15,19,0,12,0,12,0,12,11,16,0,12,0,12,0,12,0,12,0,12,0,12,90,67,0,12,0,12,0,12,1331,304,54,48,1331,304,0,12,19,23,29,30,0,12,1331,304,532,212,0,12,38,69,372,250,341,133,0,12
"3401","060374800021","Block Group 1, Census Tract 4800.02, Los Angeles County, California",786,187,0,12,0,12,0,12,0,12,0,12,0,12,0,12,0,12,0,12,0,12,0,12,0,12,43,41,0,12,0,12,0,12,0,12,9,19,0,12,0,12,47,63,4,8,0,12,0,12,732,187,69,81,746,196,14,29,16,24,22,28,0,12,818,197,378,179,0,12,31,49,247,125,153,99,0,12
"3402","060375007002","Block Group 2, Census Tract 5007, Los Angeles County, California",1511,351,0,12,0,12,0,12,0,12,0,12,0,12,0,12,0,12,38,34,0,12,0,12,0,12,0,12,0,12,0,12,0,12,41,37,54,59,0,12,0,12,0,12,0,12,0,12,0,12,1490,367,156,113,1490,367,7,10,0,12,66,63,9,13,1572,367,51,69,0,12,5,10,94,71,1417,360,0,12
"3403","060375007005","Block Group 5, Census Tract 5007, Los Angeles County, California",1276,329,12,20,0,12,0,12,0,12,0,12,0,12,0,12,0,12,6,10,20,31,0,12,0,12,0,12,0,12,0,12,0,12,80,85,19,28,0,12,0,12,0,12,0,12,0,12,0,12,1340,358,148,147,1340,358,0,12,24,37,21,23,0,12,1340,358,0,12,0,12,0,12,20,23,1320,352,0,12
"3404","060375007006","Block Group 6, Census Tract 5007, Los Angeles County, California",415,179,0,12,0,12,0,12,0,12,0,12,0,12,0,12,0,12,34,40,0,12,0,12,0,12,0,12,0,12,0,12,0,12,0,12,0,12,0,12,0,12,0,12,0,12,0,12,0,12,439,185,9,14,439,185,0,12,34,32,10,15,0,12,439,185,0,12,0,12,0,12,8,14,412,185,0,12
"3405","060375007001","Block Group 1, Census Tract 5007, Los Angeles County, California",652,268,0,12,0,12,0,12,0,12,0,12,0,12,0,12,0,12,51,48,0,12,0,12,0,12,0,12,0,12,0,12,0,12,0,12,0,12,0,12,0,12,0,12,0,12,0,12,0,12,724,306,74,59,724,306,0,12,23,25,61,43,0,12,724,306,27,41,0,12,12,20,76,52,609,289,0,12
"3406","060375007004","Block Group 4, Census Tract 5007, Los Angeles County, California",1383,490,13,20,0,12,0,12,0,12,0,12,0,12,0,12,0,12,135,71,0,12,0,12,0,12,0,12,0,12,0,12,0,12,28,44,75,95,0,12,0,12,0,12,0,12,0,12,0,12,1392,471,269,225,1432,484,0,12,21,26,65,67,0,12,1432,484,0,12,0,12,10,14,88,91,1334,475,0,12
"3407","060375007003","Block Group 3, Census Tract 5007, Los Angeles County, California",1552,494,61,66,0,12,0,12,0,12,0,12,0,12,0,12,0,12,9,15,14,24,0,12,0,12,0,12,0,12,0,12,0,12,45,54,0,12,0,12,0,12,0,12,0,12,0,12,0,12,1643,512,95,159,1643,512,0,12,24,28,10,16,0,12,1643,512,0,12,0,12,0,12,29,35,1575,515,0,12
"3408","060376704051","Block Group 1, Census Tract 6704.05, Los Angeles County, California",2814,195,0,12,0,12,0,12,0,12,0,12,0,12,0,12,0,12,0,12,0,12,0,12,0,12,64,53,0,12,0,12,0,12,0,12,0,12,30,38,0,12,35,32,0,12,0,12,0,12,2842,199,79,56,2842,199,6,11,9,16,80,61,9,15,2864,200,999,168,0,12,60,52,1627,177,52,39,0,12
"3409","060376013024","Block Group 4, Census Tract 6013.02, Los Angeles County, California",2112,448,0,12,0,12,0,12,0,12,0,12,0,12,0,12,0,12,96,98,12,21,0,12,0,12,0,12,0,12,0,12,0,12,0,12,87,119,0,12,0,12,0,12,0,12,0,12,0,12,2230,448,705,367,2230,448,0,12,122,93,123,95,0,12,2230,448,25,29,0,12,810,325,116,98,1258,382,0,12
"3410","060376024042","Block Group 2, Census Tract 6024.04, Los Angeles County, California",1714,353,0,12,0,12,0,12,0,12,0,12,0,12,0,12,0,12,133,79,25,39,0,12,0,12,0,12,0,12,0,12,0,12,64,74,0,12,0,12,0,12,0,12,0,12,0,12,0,12,1837,389,306,186,1822,394,118,111,114,87,135,96,0,12,1837,389,197,201,0,12,242,163,205,91,1162,338,0,12
"3411","060376024043","Block Group 3, Census Tract 6024.04, Los Angeles County, California",2181,358,10,16,0,12,0,12,0,12,0,12,0,12,0,12,0,12,228,123,73,72,0,12,0,12,25,29,20,33,0,12,0,12,29,38,0,12,0,12,0,12,0,12,4,23,0,12,0,12,2506,411,653,330,2506,411,31,38,226,150,190,113,0,12,2506,411,205,116,0,12,318,139,136,94,1755,380,0,12
"3412","060374823032","Block Group 2, Census Tract 4823.03, Los Angeles County, California",2051,399,0,12,0,12,0,12,0,12,58,62,20,34,0,12,0,12,15,24,0,12,0,12,0,12,580,219,151,98,0,12,0,12,24,37,30,44,0,12,0,12,64,58,101,99,0,12,0,12,2263,472,532,287,2263,472,0,12,112,68,63,48,0,12,2263,472,1848,434,0,12,0,12,20,20,395,262,0,12
"3413","060374823041","Block Group 1, Census Tract 4823.04, Los Angeles County, California",1329,253,12,17,0,12,0,12,0,12,0,12,11,17,0,12,0,12,67,48,0,12,0,12,0,12,135,54,63,45,0,12,0,12,0,12,0,12,0,12,0,12,9,10,51,46,0,12,0,12,1445,280,764,236,1445,280,0,12,35,31,31,29,3,5,1445,280,695,159,0,12,41,49,25,21,675,243,0,12
"3414","060375008004","Block Group 4, Census Tract 5008, Los Angeles County, California",1967,494,0,12,0,12,0,12,0,12,0,12,0,12,0,12,0,12,95,61,2,5,0,12,0,12,0,12,0,12,0,12,0,12,10,16,0,12,0,12,0,12,0,12,0,12,0,12,0,12,2044,520,57,48,2061,526,0,12,107,109,75,64,0,12,2061,526,62,46,0,12,55,49,220,111,1679,485,30,32
"3415","060375008003","Block Group 3, Census Tract 5008, Los Angeles County, California",1046,470,0,12,0,12,0,12,0,12,0,12,0,12,0,12,0,12,55,47,15,23,0,12,0,12,0,12,0,12,0,12,0,12,9,14,23,24,0,12,0,12,0,12,0,12,0,12,0,12,1102,533,15,21,1129,545,0,12,33,51,14,21,0,12,1139,546,0,12,0,12,0,12,14,18,1125,544,0,12
"3416","060375036013","Block Group 3, Census Tract 5036.01, Los Angeles County, California",929,284,0,12,0,12,0,12,0,12,0,12,0,12,0,12,0,12,10,17,63,96,12,18,0,12,24,24,0,12,0,12,0,12,0,12,27,41,0,12,0,12,28,44,0,12,0,12,0,12,1009,301,4,3,1009,301,0,12,12,19,41,46,0,12,1009,301,248,92,0,12,226,218,227,122,197,167,55,80
"3417","060375036012","Block Group 2, Census Tract 5036.01, Los Angeles County, California",845,271,0,12,0,12,0,12,0,12,0,12,0,12,0,12,0,12,0,12,0,12,0,12,0,12,0,12,0,12,0,12,0,12,20,31,0,12,0,12,0,12,0,12,16,28,0,12,0,12,853,275,48,42,853,275,0,12,10,15,30,35,0,12,853,275,82,78,9,15,9,13,317,145,389,186,0,12
"3418","060375036022","Block Group 2, Census Tract 5036.02, Los Angeles County, California",2587,332,0,12,0,12,0,12,0,12,3,9,0,12,0,12,0,12,77,70,0,12,5,11,0,12,15,16,0,12,0,12,0,12,26,32,0,12,0,12,0,12,21,31,8,12,0,12,0,12,2745,397,204,137,2752,399,13,19,12,16,18,26,0,12,2752,399,322,121,0,12,5,5,1064,229,1329,358,0,12
"3419","060375037021","Block Group 1, Census Tract 5037.02, Los Angeles County, California",1928,381,0,12,0,12,0,12,0,12,0,12,0,12,0,12,0,12,14,21,0,12,0,12,0,12,0,12,0,12,0,12,0,12,0,12,0,12,0,12,0,12,0,12,0,12,0,12,0,12,2031,426,109,75,2031,426,0,12,41,47,60,85,0,12,2031,426,243,86,0,12,7,9,745,158,968,408,0,12
"3420","060375040023","Block Group 3, Census Tract 5040.02, Los Angeles County, California",475,232,0,12,0,12,0,12,0,12,0,12,0,12,0,12,0,12,0,12,0,12,0,12,0,12,0,12,0,12,0,12,0,12,0,12,0,12,0,12,0,12,0,12,0,12,0,12,0,12,499,245,12,17,499,245,0,12,0,12,0,12,0,12,499,245,0,12,0,12,0,12,195,136,304,209,0,12
"3421","060375040024","Block Group 4, Census Tract 5040.02, Los Angeles County, California",870,204,0,12,0,12,0,12,0,12,0,12,0,12,0,12,0,12,0,12,0,12,0,12,0,12,9,14,0,12,0,12,0,12,25,40,0,12,0,12,0,12,0,12,0,12,0,12,0,12,945,225,37,41,945,225,0,12,0,12,0,12,0,12,945,225,79,77,0,12,0,12,391,149,475,213,0,12
"3422","060375040022","Block Group 2, Census Tract 5040.02, Los Angeles County, California",1054,265,0,12,0,12,0,12,0,12,0,12,0,12,0,12,0,12,54,49,0,12,0,12,0,12,0,12,0,12,0,12,0,12,0,12,13,20,0,12,0,12,0,12,0,12,0,12,0,12,787,254,206,200,1091,266,10,17,14,22,52,50,0,12,1091,266,206,101,0,12,139,200,393,158,302,114,16,24
"3423","060375040021","Block Group 1, Census Tract 5040.02, Los Angeles County, California",1407,262,0,12,0,12,0,12,0,12,0,12,0,12,0,12,0,12,9,15,0,12,0,12,0,12,9,15,0,12,0,12,0,12,0,12,0,12,0,12,0,12,7,12,0,12,0,12,0,12,1461,284,76,94,1461,284,0,12,49,44,3,7,0,12,1461,284,127,112,0,12,54,109,551,186,698,214,0,12
"3424","060371244003","Block Group 3, Census Tract 1244, Los Angeles County, California",2181,319,0,12,0,12,0,12,0,12,0,12,0,12,0,12,0,12,0,12,0,12,0,12,0,12,0,12,0,12,0,12,0,12,23,38,24,39,25,40,0,12,0,12,0,12,0,12,0,12,2303,351,188,117,2390,352,26,41,94,87,102,86,0,12,2390,352,148,95,0,12,124,94,1546,378,443,196,0,12
"3425","060371244002","Block Group 2, Census Tract 1244, Los Angeles County, California",1313,310,0,12,0,12,0,12,0,12,0,12,0,12,0,12,0,12,10,24,0,12,26,40,0,12,13,19,0,12,38,54,0,12,0,12,1,2,0,12,1,2,0,12,0,12,0,12,0,12,1379,310,94,68,1379,310,12,18,12,18,75,53,0,12,1390,312,32,37,2,5,5,7,1132,279,186,113,0,12
"3426","060371274001","Block Group 1, Census Tract 1274, Los Angeles County, California",1087,397,0,12,0,12,0,12,0,12,0,12,0,12,0,12,0,12,163,103,59,70,0,12,0,12,0,12,0,12,0,12,0,12,0,12,22,34,0,12,0,12,0,12,0,12,0,12,0,12,1345,559,398,503,1337,557,56,82,115,61,129,110,0,12,1345,559,31,35,0,12,0,12,53,50,1261,562,0,12
"3427","060371285001","Block Group 1, Census Tract 1285, Los Angeles County, California",1323,207,0,12,0,12,0,12,0,12,0,12,0,12,0,12,0,12,0,12,0,12,0,12,0,12,0,12,0,12,0,12,0,12,0,12,0,12,0,12,0,12,0,12,0,12,6,9,0,12,1334,212,78,49,1341,212,10,14,10,14,28,29,0,12,1341,212,202,97,0,12,87,76,763,174,218,103,0,12
"3428","060371318002","Block Group 2, Census Tract 1318, Los Angeles County, California",3679,565,0,12,8,13,0,12,0,12,0,12,0,12,0,12,0,12,453,231,106,73,0,12,0,12,62,68,0,12,0,12,0,12,53,58,8,12,8,14,10,19,0,12,0,12,0,12,0,12,4040,639,597,262,4040,639,37,42,112,97,172,115,0,12,4040,639,426,165,0,12,66,54,695,381,2643,635,0,12
"3429","060371343041","Block Group 1, Census Tract 1343.04, Los Angeles County, California",1024,214,0,12,0,12,0,12,0,12,15,21,0,12,0,12,0,12,25,34,0,12,0,12,0,12,42,42,0,12,0,12,0,12,30,37,16,23,0,12,0,12,0,12,12,17,0,12,0,12,909,213,117,74,909,213,15,23,39,33,58,66,0,12,1051,224,346,164,0,12,0,12,315,104,390,168,0,12
"3430","060371343061","Block Group 1, Census Tract 1343.06, Los Angeles County, California",3894,365,0,12,0,12,0,12,0,12,0,12,0,12,0,12,0,12,217,117,59,61,22,22,8,15,12,22,16,28,0,12,0,12,13,15,31,33,66,57,14,21,9,13,3,9,0,12,0,12,4176,358,552,435,4176,358,0,12,271,183,308,158,0,12,4305,373,526,279,0,12,285,188,1109,339,2305,444,0,12
"3431","060373116003","Block Group 3, Census Tract 3116, Los Angeles County, California",570,255,0,12,0,12,0,12,0,12,0,12,0,12,0,12,0,12,0,12,0,12,0,12,0,12,0,12,0,12,0,12,0,12,0,12,0,12,0,12,0,12,0,12,0,12,0,12,0,12,607,263,91,81,607,263,0,12,0,12,0,12,0,12,607,263,98,123,0,12,55,52,380,160,22,31,0,12
"3432","060373116004","Block Group 4, Census Tract 3116, Los Angeles County, California",1064,351,0,12,0,12,0,12,0,12,0,12,0,12,0,12,0,12,14,24,0,12,0,12,0,12,0,12,0,12,0,12,0,12,0,12,0,12,0,12,0,12,0,12,1,4,40,61,0,12,1064,351,28,32,1051,339,0,12,0,12,0,12,0,12,1064,351,151,81,0,12,6,5,769,303,108,97,0,12
"3433","060379901000","Block Group 0, Census Tract 9901, Los Angeles County, California",0,12,0,12,0,12,0,12,0,12,0,12,0,12,0,12,0,12,0,12,0,12,0,12,0,12,0,12,0,12,0,12,0,12,0,12,0,12,0,12,0,12,0,12,0,12,0,12,0,12,0,12,0,12,0,12,0,12,0,12,0,12,0,12,0,12,0,12,0,12,0,12,0,12,0,12,0,12
"3434","060379800331","Block Group 1, Census Tract 9800.33, Los Angeles County, California",16,23,0,12,0,12,0,12,0,12,0,12,0,12,0,12,0,12,0,12,0,12,0,12,0,12,0,12,0,12,0,12,0,12,0,12,0,12,0,12,0,12,0,12,0,12,0,12,0,12,16,23,16,23,16,23,0,12,0,12,0,12,0,12,16,23,0,12,0,12,0,12,0,12,0,12,16,23
"3435","060379800301","Block Group 1, Census Tract 9800.30, Los Angeles County, California",0,12,0,12,0,12,0,12,0,12,0,12,0,12,0,12,0,12,0,12,0,12,0,12,0,12,0,12,0,12,0,12,0,12,0,12,0,12,0,12,0,12,0,12,0,12,0,12,0,12,0,12,0,12,0,12,0,12,0,12,0,12,0,12,0,12,0,12,0,12,0,12,0,12,0,12,0,12
"3436","060379800191","Block Group 1, Census Tract 9800.19, Los Angeles County, California",123,37,0,12,0,12,0,12,0,12,0,12,0,12,0,12,0,12,0,12,0,12,0,12,0,12,0,12,0,12,0,12,0,12,0,12,0,12,0,12,0,12,4,7,0,12,0,12,0,12,138,48,6,8,138,48,0,12,0,12,0,12,0,12,138,48,20,23,4,6,0,12,114,47,0,12,0,12
"3437","060372397011","Block Group 1, Census Tract 2397.01, Los Angeles County, California",2773,533,17,29,0,12,0,12,0,12,0,12,0,12,0,12,0,12,315,163,235,124,0,12,0,12,0,12,0,12,7,14,0,12,11,19,21,38,0,12,0,12,0,12,0,12,0,12,0,12,3138,616,1109,625,3175,632,104,108,164,96,358,124,0,12,3175,632,0,12,0,12,583,179,0,12,2592,624,0,12
"3438","060373003012","Block Group 2, Census Tract 3003.01, Los Angeles County, California",878,271,0,12,0,12,0,12,0,12,0,12,0,12,0,12,0,12,0,12,0,12,0,12,0,12,0,12,0,12,0,12,0,12,0,12,0,12,0,12,0,12,0,12,0,12,0,12,0,12,895,275,39,67,895,275,13,23,0,12,31,49,0,12,895,275,192,189,0,12,0,12,632,265,46,71,0,12
"3439","060373003013","Block Group 3, Census Tract 3003.01, Los Angeles County, California",763,298,0,12,0,12,0,12,0,12,0,12,0,12,0,12,0,12,0,12,24,41,0,12,0,12,55,89,30,50,0,12,0,12,0,12,0,12,0,12,0,12,29,48,0,12,0,12,0,12,799,309,20,35,799,309,0,12,0,12,60,66,0,12,799,309,270,266,0,12,0,12,353,161,176,144,0,12
"3440","060373003014","Block Group 4, Census Tract 3003.01, Los Angeles County, California",564,191,0,12,0,12,0,12,0,12,0,12,0,12,0,12,0,12,0,12,0,12,0,12,0,12,0,12,0,12,0,12,0,12,0,12,0,12,0,12,0,12,0,12,0,12,0,12,0,12,592,199,40,70,592,199,16,27,0,12,13,22,0,12,592,199,0,12,0,12,0,12,443,168,35,54,0,12
"3441","060373003015","Block Group 5, Census Tract 3003.01, Los Angeles County, California",1011,395,0,12,0,12,0,12,0,12,0,12,0,12,0,12,0,12,0,12,0,12,0,12,0,12,30,52,0,12,22,34,0,12,0,12,0,12,0,12,0,12,21,36,0,12,21,33,0,12,1011,395,0,12,1011,395,0,12,58,80,62,85,0,12,1011,395,139,103,0,12,0,12,756,284,0,12,0,12
"3442","060372972012","Block Group 2, Census Tract 2972.01, Los Angeles County, California",1327,445,0,12,0,12,0,12,0,12,0,12,0,12,0,12,0,12,11,17,11,18,0,12,0,12,0,12,0,12,0,12,0,12,0,12,0,12,34,52,0,12,3,11,0,12,0,12,0,12,1339,463,245,232,1413,487,0,12,4,9,65,59,0,12,1413,487,72,86,0,12,111,94,319,121,793,419,7,12
"3443","060372969021","Block Group 1, Census Tract 2969.02, Los Angeles County, California",1426,368,8,12,0,12,0,12,0,12,0,12,0,12,0,12,0,12,7,11,48,49,0,12,0,12,0,12,0,12,0,12,0,12,0,12,109,126,0,12,0,12,0,12,0,12,0,12,0,12,1501,384,254,161,1528,399,0,12,227,173,230,179,0,12,1528,399,40,38,0,12,113,82,337,203,900,361,0,12
"3444","060372969013","Block Group 3, Census Tract 2969.01, Los Angeles County, California",653,349,0,12,0,12,0,12,0,12,0,12,0,12,0,12,0,12,0,12,0,12,0,12,0,12,0,12,0,12,0,12,0,12,0,12,19,35,0,12,0,12,0,12,0,12,0,12,0,12,717,377,90,87,717,377,0,12,44,67,71,65,0,12,717,377,97,137,0,12,0,12,256,186,364,308,0,12
"3445","060372969011","Block Group 1, Census Tract 2969.01, Los Angeles County, California",2252,466,14,26,0,12,0,12,0,12,0,12,0,12,0,12,0,12,79,64,151,165,0,12,0,12,13,21,0,12,0,12,0,12,33,34,0,12,0,12,6,15,5,15,0,12,0,12,0,12,2616,565,999,428,2576,572,0,12,102,86,174,184,4,9,2616,565,60,52,0,12,373,228,265,111,1728,605,0,12
"3446","060372933072","Block Group 2, Census Tract 2933.07, Los Angeles County, California",803,248,0,12,0,12,0,12,0,12,0,12,0,12,0,12,0,12,120,70,45,42,0,12,0,12,0,12,0,12,0,12,0,12,23,31,9,13,0,12,0,12,0,12,0,12,0,12,0,12,875,258,340,226,875,258,12,16,51,56,194,92,0,12,875,258,93,123,0,12,54,64,98,51,614,259,0,12
"3447","060372781023","Block Group 3, Census Tract 2781.02, Los Angeles County, California",1126,239,0,12,0,12,0,12,0,12,0,12,0,12,0,12,0,12,0,12,0,12,0,12,0,12,0,12,0,12,0,12,0,12,0,12,0,12,0,12,0,12,0,12,0,12,0,12,0,12,1193,256,103,75,1193,256,0,12,32,28,22,26,0,12,1193,256,25,28,0,12,0,12,853,183,258,156,0,12
"3448","060379800081","Block Group 1, Census Tract 9800.08, Los Angeles County, California",68,112,0,12,0,12,0,12,0,12,0,12,0,12,0,12,0,12,0,12,0,12,0,12,0,12,0,12,0,12,0,12,0,12,0,12,0,12,0,12,0,12,0,12,0,12,0,12,0,12,68,112,0,12,68,112,0,12,0,12,0,12,0,12,68,112,0,12,0,12,0,12,0,12,68,112,0,12
"3449","060379800071","Block Group 1, Census Tract 9800.07, Los Angeles County, California",0,12,0,12,0,12,0,12,0,12,0,12,0,12,0,12,0,12,0,12,0,12,0,12,0,12,0,12,0,12,0,12,0,12,0,12,0,12,0,12,0,12,0,12,0,12,0,12,0,12,0,12,0,12,0,12,0,12,0,12,0,12,0,12,0,12,0,12,0,12,0,12,0,12,0,12,0,12
"3450","060379800061","Block Group 1, Census Tract 9800.06, Los Angeles County, California",0,12,0,12,0,12,0,12,0,12,0,12,0,12,0,12,0,12,0,12,0,12,0,12,0,12,0,12,0,12,0,12,0,12,0,12,0,12,0,12,0,12,0,12,0,12,0,12,0,12,0,12,0,12,0,12,0,12,0,12,0,12,0,12,0,12,0,12,0,12,0,12,0,12,0,12,0,12
"3451","060374027052","Block Group 2, Census Tract 4027.05, Los Angeles County, California",2202,270,0,12,0,12,0,12,0,12,4,7,0,12,0,12,0,12,130,87,79,53,0,12,0,12,27,24,0,12,0,12,0,12,38,39,42,35,0,12,0,12,0,12,9,14,0,12,0,12,2264,263,112,72,2292,275,0,12,65,62,140,87,0,12,2297,275,158,86,0,12,110,70,282,119,1663,289,0,12
"3452","060374024051","Block Group 1, Census Tract 4024.05, Los Angeles County, California",896,208,23,27,0,12,0,12,0,12,0,12,0,12,0,12,0,12,87,62,72,87,0,12,0,12,0,12,0,12,0,12,0,12,28,25,30,26,0,12,0,12,0,12,0,12,0,12,0,12,992,230,412,249,992,230,0,12,46,52,76,68,11,16,992,230,7,12,0,12,73,66,9,14,903,211,0,12
"3453","060374024052","Block Group 2, Census Tract 4024.05, Los Angeles County, California",588,168,0,12,0,12,0,12,0,12,0,12,0,12,0,12,0,12,94,54,40,46,0,12,0,12,4,6,0,12,0,12,0,12,8,12,47,50,0,12,0,12,0,12,0,12,0,12,0,12,651,197,152,127,651,197,0,12,4,8,33,27,0,12,651,197,15,22,0,12,36,61,0,12,575,202,0,12
"3454","060376040024","Block Group 4, Census Tract 6040.02, Los Angeles County, California",558,254,0,12,0,12,0,12,0,12,0,12,0,12,0,12,0,12,0,12,0,12,0,12,0,12,0,12,0,12,20,25,0,12,0,12,0,12,0,12,0,12,0,12,0,12,0,12,0,12,637,303,176,205,637,303,0,12,8,12,62,68,0,12,637,303,67,53,0,12,0,12,344,209,218,211,0,12
"3455","060376040021","Block Group 1, Census Tract 6040.02, Los Angeles County, California",885,336,0,12,0,12,0,12,0,12,16,21,0,12,0,12,0,12,71,104,0,12,0,12,0,12,0,12,0,12,0,12,0,12,0,12,0,12,0,12,0,12,0,12,0,12,0,12,0,12,885,336,55,56,885,336,0,12,21,24,37,54,0,12,885,336,106,136,0,12,131,148,145,88,491,268,0,12
"3456","060373025043","Block Group 3, Census Tract 3025.04, Los Angeles County, California",847,302,0,12,0,12,0,12,0,12,0,12,0,12,0,12,0,12,52,46,8,13,44,57,33,45,0,12,0,12,0,12,0,12,15,24,0,12,32,44,79,90,0,12,0,12,0,12,0,12,859,303,229,184,859,303,32,42,6,10,65,50,0,12,859,303,0,12,0,12,0,12,423,176,431,225,0,12
"3457","060373025041","Block Group 1, Census Tract 3025.04, Los Angeles County, California",2360,406,0,12,0,12,0,12,0,12,0,12,0,12,0,12,0,12,81,85,0,12,260,135,6,9,4,10,0,12,12,20,0,12,0,12,0,12,61,61,0,12,9,20,0,12,0,12,0,12,2435,422,402,251,2435,422,19,30,143,108,161,120,0,12,2435,422,468,167,0,12,20,30,1188,364,693,263,0,12
"3458","060373025031","Block Group 1, Census Tract 3025.03, Los Angeles County, California",1689,317,0,12,0,12,0,12,0,12,0,12,0,12,0,12,0,12,0,12,0,12,100,70,0,12,21,27,0,12,0,12,0,12,0,12,8,13,117,68,97,69,0,12,0,12,0,12,0,12,1731,326,306,204,1747,333,0,12,149,122,95,76,8,13,1747,333,201,179,0,12,0,12,1286,298,252,140,0,12
"3459","060373025032","Block Group 2, Census Tract 3025.03, Los Angeles County, California",1293,339,0,12,0,12,0,12,0,12,0,12,0,12,0,12,0,12,8,13,36,52,18,42,0,12,8,15,0,12,31,39,0,12,30,36,0,12,77,73,8,12,0,12,0,12,7,11,0,12,1423,397,279,200,1423,397,0,12,0,12,53,51,0,12,1423,397,142,120,0,12,0,12,694,275,566,329,0,12
"3460","060373025033","Block Group 3, Census Tract 3025.03, Los Angeles County, California",1052,352,0,12,0,12,0,12,0,12,0,12,0,12,0,12,0,12,9,15,10,17,151,126,0,12,22,33,0,12,0,12,0,12,10,21,11,18,19,21,38,43,0,12,0,12,0,12,19,33,1120,381,340,243,1120,381,0,12,0,12,25,29,0,12,1120,381,300,228,0,12,0,12,679,293,123,125,0,12
"3461","060373024013","Block Group 3, Census Tract 3024.01, Los Angeles County, California",934,307,0,12,0,12,0,12,0,12,0,12,0,12,0,12,0,12,26,41,0,12,58,69,0,12,0,12,0,12,0,12,0,12,0,12,0,12,24,40,42,74,0,12,0,12,0,12,0,12,934,307,198,154,934,307,0,12,53,62,0,12,0,12,934,307,58,67,0,12,91,76,635,263,150,174,0,12
"3462","060373024014","Block Group 4, Census Tract 3024.01, Los Angeles County, California",1293,414,0,12,0,12,0,12,0,12,0,12,0,12,0,12,0,12,96,77,0,12,72,114,43,67,0,12,0,12,0,12,0,12,10,16,0,12,148,112,0,12,0,12,0,12,0,12,0,12,1414,468,351,407,1414,468,0,12,40,47,273,179,0,12,1414,468,150,135,0,12,11,19,777,453,476,354,0,12
"3463","060373024015","Block Group 5, Census Tract 3024.01, Los Angeles County, California",1025,330,0,12,0,12,0,12,0,12,12,19,0,12,0,12,0,12,54,64,0,12,88,91,64,102,26,40,0,12,0,12,0,12,0,12,0,12,65,104,57,70,19,32,0,12,0,12,0,12,1033,360,479,333,1019,362,0,12,57,67,67,68,0,12,1074,361,117,107,0,12,0,12,555,246,402,305,0,12
"3464","060374335042","Block Group 2, Census Tract 4335.04, Los Angeles County, California",972,420,0,12,0,12,0,12,0,12,10,16,0,12,0,12,0,12,68,55,53,39,0,12,0,12,35,38,111,137,0,12,0,12,0,12,10,16,0,12,0,12,0,12,28,45,0,12,0,12,991,424,248,189,991,424,0,12,74,90,63,63,0,12,991,424,315,282,0,12,15,17,41,47,620,357,0,12
"3465","060374333072","Block Group 2, Census Tract 4333.07, Los Angeles County, California",642,196,0,12,0,12,0,12,0,12,0,12,0,12,0,12,0,12,95,53,84,53,0,12,0,12,4,8,0,12,0,12,0,12,0,12,10,16,0,12,0,12,0,12,0,12,0,12,0,12,721,203,241,111,736,203,22,25,34,37,130,70,0,12,736,203,26,36,0,12,0,12,10,20,700,200,0,12
"3466","060374333073","Block Group 3, Census Tract 4333.07, Los Angeles County, California",869,212,0,12,0,12,0,12,0,12,0,12,0,12,0,12,0,12,69,39,76,66,0,12,0,12,19,26,0,12,0,12,0,12,33,34,30,42,0,12,0,12,0,12,0,12,0,12,0,12,956,241,252,158,956,241,0,12,68,45,74,51,0,12,956,241,164,76,0,12,0,12,0,12,772,220,20,32
"3467","060374333071","Block Group 1, Census Tract 4333.07, Los Angeles County, California",1465,188,0,12,0,12,0,12,0,12,0,12,0,12,0,12,0,12,41,37,27,23,0,12,0,12,143,77,38,37,0,12,0,12,0,12,27,24,0,12,0,12,36,31,51,53,0,12,0,12,1501,205,182,133,1501,205,9,12,79,68,26,25,0,12,1501,205,812,143,0,12,6,8,26,21,524,155,109,156
"3468","060371041081","Block Group 1, Census Tract 1041.08, Los Angeles County, California",2112,633,0,12,0,12,0,12,0,12,0,12,0,12,0,12,0,12,227,126,64,64,0,12,0,12,0,12,0,12,0,12,0,12,38,32,0,12,0,12,0,12,0,12,0,12,0,12,0,12,2295,720,275,304,2295,720,44,70,111,92,21,26,9,14,2295,720,49,63,13,22,171,108,129,122,1909,727,0,12
"3469","060371041082","Block Group 2, Census Tract 1041.08, Los Angeles County, California",1966,440,0,12,0,12,0,12,0,12,0,12,0,12,0,12,0,12,134,121,46,62,0,12,0,12,0,12,0,12,0,12,0,12,80,49,47,49,0,12,0,12,10,14,8,13,8,13,0,12,2168,495,369,188,2168,495,0,12,47,74,40,48,0,12,2168,495,120,139,0,12,126,80,105,68,1817,481,0,12
"3470","060371041083","Block Group 3, Census Tract 1041.08, Los Angeles County, California",1518,678,27,36,0,12,0,12,0,12,0,12,0,12,0,12,0,12,87,80,46,57,0,12,0,12,0,12,0,12,0,12,0,12,6,11,69,48,0,12,0,12,0,12,0,12,0,12,0,12,1538,682,299,383,1538,682,0,12,142,110,40,59,0,12,1538,682,34,29,0,12,133,92,93,109,1256,621,0,12
"3471","060374029041","Block Group 1, Census Tract 4029.04, Los Angeles County, California",1578,387,14,17,0,12,0,12,0,12,0,12,0,12,0,12,0,12,190,96,48,34,0,12,0,12,0,12,0,12,0,12,0,12,22,17,17,25,0,12,0,12,0,12,0,12,0,12,0,12,1750,422,37,44,1745,422,55,74,65,71,70,48,9,14,1750,422,9,10,0,12,22,20,42,43,1620,371,18,28
"3472","060374029042","Block Group 2, Census Tract 4029.04, Los Angeles County, California",1819,324,5,9,0,12,0,12,0,12,0,12,0,12,0,12,0,12,208,82,58,53,0,12,0,12,14,13,14,13,0,12,0,12,21,17,17,16,0,12,0,12,0,12,0,12,0,12,0,12,1938,342,131,123,1955,338,37,26,103,59,93,48,0,12,1955,338,99,54,0,12,19,26,154,100,1683,358,0,12
"3473","060374029031","Block Group 1, Census Tract 4029.03, Los Angeles County, California",3955,290,44,51,0,12,0,12,0,12,0,12,0,12,0,12,0,12,293,103,113,74,0,12,0,12,125,92,1,6,0,12,0,12,55,46,155,89,0,12,0,12,72,52,24,28,0,12,0,12,4319,335,976,310,4363,339,26,43,175,104,379,119,15,23,4363,339,483,102,0,12,158,95,189,100,3465,346,0,12
"3474","060374028041","Block Group 1, Census Tract 4028.04, Los Angeles County, California",1637,261,0,12,0,12,0,12,0,12,0,12,0,12,0,12,0,12,224,71,159,57,0,12,0,12,14,20,0,12,0,12,0,12,13,19,38,36,0,12,0,12,0,12,0,12,0,12,0,12,1732,281,478,190,1732,281,22,21,116,61,170,69,0,12,1737,281,35,38,0,12,122,102,30,44,1532,277,0,12
"3475","060374028031","Block Group 1, Census Tract 4028.03, Los Angeles County, California",1327,306,0,12,0,12,0,12,0,12,0,12,0,12,0,12,0,12,188,92,118,88,0,12,0,12,74,70,0,12,0,12,0,12,17,27,53,35,0,12,0,12,0,12,0,12,0,12,0,12,1374,327,128,97,1394,334,37,41,31,37,174,107,0,12,1394,334,109,75,0,12,5,9,12,17,1262,348,0,12
"3476","060374027061","Block Group 1, Census Tract 4027.06, Los Angeles County, California",1349,253,0,12,0,12,0,12,0,12,0,12,0,12,0,12,0,12,108,53,51,50,0,12,0,12,7,11,0,12,0,12,0,12,7,11,5,9,0,12,0,12,0,12,0,12,0,12,0,12,1440,273,231,182,1440,273,0,12,25,23,56,49,0,12,1440,273,131,90,0,12,7,12,139,53,1163,286,0,12
"3477","060374027062","Block Group 2, Census Tract 4027.06, Los Angeles County, California",892,310,9,16,0,12,0,12,0,12,0,12,0,12,0,12,0,12,25,35,10,17,0,12,0,12,0,12,0,12,0,12,0,12,0,12,0,12,0,12,0,12,0,12,0,12,0,12,0,12,872,295,122,83,908,313,121,113,18,22,68,54,0,12,908,313,103,89,0,12,43,59,172,103,444,233,0,12
"3478","060371233043","Block Group 3, Census Tract 1233.04, Los Angeles County, California",1106,228,0,12,0,12,0,12,0,12,0,12,0,12,0,12,0,12,0,12,9,15,47,48,0,12,0,12,0,12,0,12,0,12,12,19,0,12,170,104,65,78,0,12,0,12,0,12,0,12,1132,243,294,164,1132,243,0,12,0,12,63,43,0,12,1132,243,36,33,0,12,45,36,874,227,177,105,0,12
"3479","060371233013","Block Group 3, Census Tract 1233.01, Los Angeles County, California",563,220,0,12,0,12,0,12,0,12,0,12,0,12,0,12,0,12,86,83,11,19,8,13,0,12,0,12,0,12,0,12,0,12,10,15,24,21,0,12,0,12,0,12,0,12,0,12,0,12,579,220,100,134,579,220,0,12,0,12,13,20,0,12,579,220,10,15,0,12,11,17,167,117,367,221,0,12
"3480","060379012054","Block Group 4, Census Tract 9012.05, Los Angeles County, California",2164,511,0,12,0,12,0,12,0,12,0,12,0,12,0,12,0,12,0,12,23,32,0,12,0,12,0,12,0,12,0,12,0,12,0,12,22,31,0,12,0,12,0,12,0,12,0,12,0,12,2316,577,107,84,2316,577,0,12,22,35,51,44,0,12,2316,577,51,38,0,12,68,79,1600,442,548,284,0,12
"3481","060372410023","Block Group 3, Census Tract 2410.02, Los Angeles County, California",1663,470,19,30,0,12,0,12,0,12,0,12,0,12,0,12,0,12,47,36,22,27,0,12,0,12,0,12,0,12,0,12,0,12,22,27,20,25,0,12,0,12,0,12,0,12,0,12,0,12,1851,512,400,287,1851,512,0,12,66,59,52,47,0,12,1851,512,3,6,0,12,815,294,8,14,1013,429,0,12
"3482","060372410012","Block Group 2, Census Tract 2410.01, Los Angeles County, California",1182,441,13,21,0,12,0,12,0,12,0,12,0,12,0,12,0,12,196,116,43,49,0,12,0,12,0,12,0,12,0,12,0,12,22,29,31,34,0,12,0,12,0,12,0,12,0,12,0,12,1353,544,336,235,1353,544,27,61,166,110,114,96,0,12,1353,544,8,12,8,13,73,58,0,12,1264,546,0,12
"3483","060372410013","Block Group 3, Census Tract 2410.01, Los Angeles County, California",1511,447,28,36,0,12,0,12,0,12,0,12,0,12,0,12,0,12,108,70,66,58,0,12,0,12,0,12,0,12,0,12,0,12,0,12,0,12,0,12,0,12,0,12,0,12,0,12,0,12,1638,505,412,257,1658,508,49,75,109,74,118,75,0,12,1658,508,0,12,0,12,472,204,5,9,1070,470,0,12
"3484","060372404021","Block Group 1, Census Tract 2404.02, Los Angeles County, California",1041,393,0,12,0,12,0,12,0,12,0,12,0,12,0,12,0,12,126,141,34,54,0,12,0,12,24,43,0,12,0,12,0,12,0,12,0,12,0,12,0,12,0,12,0,12,0,12,0,12,1149,435,188,144,1149,435,0,12,10,19,87,103,0,12,1149,435,39,70,0,12,343,162,32,48,735,416,0,12
"3485","060372404022","Block Group 2, Census Tract 2404.02, Los Angeles County, California",1096,529,4,19,0,12,0,12,0,12,0,12,0,12,0,12,0,12,173,148,11,18,0,12,0,12,0,12,0,12,0,12,0,12,0,12,0,12,0,12,0,12,0,12,0,12,0,12,0,12,1113,549,171,159,1113,549,0,12,128,111,14,26,0,12,1113,549,0,12,0,12,364,230,0,12,747,526,0,12
"3486","060376025071","Block Group 1, Census Tract 6025.07, Los Angeles County, California",2864,409,0,12,0,12,0,12,0,12,0,12,0,12,0,12,0,12,144,103,14,22,0,12,0,12,0,12,1,3,11,17,0,12,23,34,34,37,9,21,0,12,0,12,30,21,0,12,0,12,3039,489,299,216,3039,489,50,82,153,99,84,95,0,12,3133,491,193,157,0,12,1580,468,126,75,1205,316,0,12
"3487","060376025061","Block Group 1, Census Tract 6025.06, Los Angeles County, California",1633,303,0,12,0,12,0,12,0,12,0,12,0,12,0,12,0,12,85,67,82,75,0,12,0,12,9,15,0,12,0,12,0,12,0,12,11,16,0,12,0,12,27,30,0,12,0,12,0,12,1721,313,367,170,1721,313,0,12,171,85,143,85,0,12,1721,313,81,71,9,14,653,185,48,38,829,268,0,12
"3488","060373116001","Block Group 1, Census Tract 3116, Los Angeles County, California",956,247,0,12,0,12,0,12,0,12,0,12,0,12,0,12,0,12,0,12,0,12,0,12,0,12,0,12,0,12,0,12,0,12,0,12,0,12,0,12,0,12,0,12,11,19,0,12,0,12,956,247,151,93,956,247,0,12,40,38,124,105,11,19,956,247,55,57,0,12,19,31,772,249,110,80,0,12
"3489","060374044023","Block Group 3, Census Tract 4044.02, Los Angeles County, California",1003,418,0,12,0,12,0,12,0,12,0,12,0,12,0,12,0,12,0,12,19,27,0,12,0,12,13,36,0,12,0,12,0,12,1,4,35,40,0,12,0,12,0,12,0,12,0,12,0,12,993,430,125,126,1023,436,17,29,21,34,19,23,0,12,1028,435,117,119,0,12,1,2,100,100,810,443,0,12
"3490","060375039023","Block Group 3, Census Tract 5039.02, Los Angeles County, California",1660,395,0,12,0,12,0,12,0,12,0,12,0,12,0,12,0,12,18,23,8,13,0,12,0,12,33,37,0,12,0,12,0,12,0,12,16,25,0,12,0,12,11,15,0,12,0,12,0,12,1796,473,52,42,1796,473,0,12,21,25,0,12,0,12,1796,473,201,130,0,12,0,12,435,157,1125,455,10,17
"3491","060375039021","Block Group 1, Census Tract 5039.02, Los Angeles County, California",821,185,0,12,0,12,0,12,0,12,0,12,0,12,0,12,0,12,32,37,0,12,0,12,0,12,0,12,0,12,0,12,0,12,16,26,0,12,0,12,0,12,7,12,0,12,0,12,0,12,889,196,67,95,889,196,0,12,11,18,0,12,0,12,889,196,105,60,14,23,0,12,282,175,397,184,0,12
"3492","060375502011","Block Group 1, Census Tract 5502.01, Los Angeles County, California",1353,236,0,12,0,12,0,12,0,12,0,12,0,12,0,12,0,12,68,48,27,28,0,12,0,12,10,11,3,6,25,40,0,12,2,4,8,12,0,12,0,12,0,12,0,12,0,12,0,12,1485,287,160,100,1500,282,57,55,102,66,68,51,4,9,1500,282,122,62,7,10,4,6,179,122,1178,294,0,12
"3493","060375502012","Block Group 2, Census Tract 5502.01, Los Angeles County, California",1285,244,21,21,0,12,0,12,0,12,0,12,0,12,0,12,0,12,110,57,35,34,0,12,0,12,0,12,0,12,0,12,0,12,16,13,4,7,0,12,0,12,0,12,0,12,0,12,0,12,1411,281,169,136,1411,281,0,12,13,17,52,60,13,19,1411,281,52,45,0,12,101,107,64,38,1163,329,0,12
"3494","060375440021","Block Group 1, Census Tract 5440.02, Los Angeles County, California",538,150,0,12,0,12,0,12,0,12,0,12,0,12,0,12,0,12,6,8,0,12,0,12,0,12,0,12,0,12,0,12,0,12,5,8,0,12,0,12,0,12,0,12,0,12,0,12,0,12,608,173,68,64,608,173,0,12,0,12,13,16,0,12,608,173,83,64,7,12,31,33,142,69,288,143,0,12
"3495","060375440022","Block Group 2, Census Tract 5440.02, Los Angeles County, California",1396,347,16,24,0,12,6,8,0,12,0,12,0,12,0,12,0,12,122,73,62,61,0,12,0,12,3,6,0,12,0,12,0,12,0,12,17,17,0,12,0,12,0,12,0,12,0,12,0,12,1476,369,459,328,1476,369,19,30,69,59,138,77,0,12,1476,369,159,111,0,12,88,59,79,39,1088,370,11,19
"3496","060375440023","Block Group 3, Census Tract 5440.02, Los Angeles County, California",1075,225,0,12,0,12,0,12,0,12,0,12,0,12,0,12,0,12,50,37,23,20,0,12,0,12,0,12,7,10,0,12,0,12,0,12,7,12,0,12,0,12,21,31,0,12,0,12,0,12,1103,230,15,14,1103,230,0,12,6,12,23,18,11,15,1103,230,214,108,13,18,106,81,150,65,555,171,0,12
"3497","060375440011","Block Group 1, Census Tract 5440.01, Los Angeles County, California",514,200,0,12,0,12,0,12,0,12,0,12,0,12,0,12,0,12,93,82,0,12,0,12,0,12,0,12,0,12,0,12,0,12,0,12,12,20,0,12,0,12,0,12,0,12,0,12,0,12,570,220,16,25,570,220,0,12,44,64,36,52,0,12,570,220,51,56,0,12,24,28,66,79,429,217,0,12
"3498","060375440012","Block Group 2, Census Tract 5440.01, Los Angeles County, California",1097,351,0,12,0,12,0,12,0,12,10,19,0,12,0,12,0,12,8,12,57,61,0,12,0,12,0,12,0,12,0,12,0,12,0,12,16,25,0,12,0,12,0,12,0,12,0,12,0,12,1118,356,114,136,1118,356,0,12,18,24,0,12,0,12,1118,356,304,187,14,23,7,12,133,129,650,316,0,12
"3499","060375440013","Block Group 3, Census Tract 5440.01, Los Angeles County, California",1059,405,0,12,0,12,0,12,0,12,0,12,0,12,0,12,0,12,11,17,0,12,0,12,0,12,0,12,0,12,0,12,0,12,0,12,0,12,0,12,0,12,0,12,0,12,0,12,0,12,1148,471,29,26,1148,471,0,12,44,43,28,44,0,12,1148,471,154,107,153,224,92,86,104,117,645,375,0,12
"3500","060375440014","Block Group 4, Census Tract 5440.01, Los Angeles County, California",1630,472,0,12,0,12,0,12,0,12,0,12,0,12,0,12,0,12,112,80,35,44,0,12,0,12,0,12,0,12,0,12,0,12,31,35,50,55,0,12,0,12,0,12,0,12,0,12,0,12,1738,506,135,114,1738,506,24,39,129,92,119,100,29,44,1738,506,9,15,61,97,165,141,18,21,1452,502,0,12
"3501","060375439051","Block Group 1, Census Tract 5439.05, Los Angeles County, California",612,226,0,12,0,12,0,12,0,12,0,12,0,12,0,12,0,12,45,53,22,27,0,12,0,12,6,10,0,12,0,12,0,12,24,28,6,10,0,12,0,12,0,12,37,43,0,12,0,12,625,235,184,176,632,236,0,12,20,24,70,65,0,12,632,236,165,104,0,12,18,27,5,8,444,229,0,12
"3502","060371065102","Block Group 2, Census Tract 1065.10, Los Angeles County, California",2203,518,0,12,0,12,0,12,0,12,0,12,0,12,0,12,0,12,200,161,54,52,0,12,0,12,0,12,0,12,0,12,0,12,0,12,43,46,25,38,0,12,0,12,0,12,0,12,0,12,2352,544,156,92,2397,531,0,12,49,53,170,118,0,12,2397,531,87,80,0,12,62,58,120,78,2097,545,0,12
"3503","060371065103","Block Group 3, Census Tract 1065.10, Los Angeles County, California",1273,258,0,12,0,12,0,12,0,12,0,12,0,12,0,12,0,12,5,10,0,12,0,12,0,12,0,12,0,12,0,12,0,12,0,12,7,11,0,12,14,22,36,40,0,12,0,12,0,12,1345,292,110,152,1345,292,9,14,0,12,45,41,7,11,1345,292,236,104,0,12,81,75,462,159,557,287,0,12
"3504","060375749023","Block Group 3, Census Tract 5749.02, Los Angeles County, California",2803,402,0,12,0,12,0,12,0,12,0,12,0,12,0,12,0,12,0,12,0,12,0,12,0,12,0,12,0,12,0,12,0,12,0,12,0,12,0,12,0,12,0,12,0,12,0,12,0,12,2382,389,1083,352,2983,435,0,12,77,61,22,35,0,12,2983,435,771,329,0,12,322,177,1134,236,628,214,19,31
"3505","060374002071","Block Group 1, Census Tract 4002.07, Los Angeles County, California",1211,254,0,12,0,12,0,12,0,12,0,12,0,12,0,12,0,12,0,12,0,12,0,12,0,12,0,12,0,12,0,12,0,12,0,12,0,12,22,33,0,12,0,12,0,12,0,12,0,12,1222,257,21,35,1222,257,0,12,0,12,19,24,0,12,1222,257,230,152,0,12,9,16,857,212,92,57,0,12
"3506","060374002074","Block Group 4, Census Tract 4002.07, Los Angeles County, California",0,12,0,12,0,12,0,12,0,12,0,12,0,12,0,12,0,12,0,12,0,12,0,12,0,12,0,12,0,12,0,12,0,12,0,12,0,12,0,12,0,12,0,12,0,12,0,12,0,12,0,12,0,12,0,12,0,12,0,12,0,12,0,12,0,12,0,12,0,12,0,12,0,12,0,12,0,12
"3507","060374002072","Block Group 2, Census Tract 4002.07, Los Angeles County, California",1765,314,0,12,0,12,0,12,0,12,0,12,0,12,0,12,0,12,0,12,0,12,0,12,0,12,0,12,0,12,0,12,0,12,0,12,0,12,0,12,0,12,0,12,0,12,0,12,0,12,1845,318,34,40,1845,318,0,12,12,20,24,28,0,12,1855,316,121,119,0,12,153,212,1105,200,476,215,0,12
"3508","060375315042","Block Group 2, Census Tract 5315.04, Los Angeles County, California",1545,474,14,24,0,12,0,12,0,12,0,12,0,12,0,12,0,12,115,94,105,72,0,12,0,12,0,12,0,12,0,12,0,12,14,24,15,22,0,12,0,12,0,12,0,12,0,12,0,12,1677,534,279,239,1677,534,0,12,197,136,139,88,0,12,1677,534,0,12,0,12,0,12,0,12,1671,534,0,12
"3509","060375315031","Block Group 1, Census Tract 5315.03, Los Angeles County, California",1105,215,0,12,0,12,0,12,0,12,0,12,0,12,0,12,0,12,137,94,59,46,0,12,0,12,0,12,0,12,0,12,0,12,8,12,21,26,0,12,0,12,0,12,0,12,0,12,0,12,1261,251,259,148,1271,255,60,67,65,58,88,53,0,12,1271,255,0,12,0,12,0,12,9,7,1262,255,0,12
"3510","060372060311","Block Group 1, Census Tract 2060.31, Los Angeles County, California",3129,494,0,12,0,12,0,12,0,12,0,12,0,12,0,12,0,12,0,12,0,12,17,22,0,12,90,65,0,12,0,12,0,12,0,12,0,12,0,12,0,12,0,12,0,12,0,12,0,12,3271,489,464,245,3271,489,0,12,108,81,84,58,0,12,3271,489,1214,272,88,110,193,143,1123,282,445,199,12,23
"3511","060371863013","Block Group 3, Census Tract 1863.01, Los Angeles County, California",921,199,6,8,0,12,0,12,0,12,0,12,0,12,0,12,0,12,193,95,31,23,0,12,0,12,14,22,0,12,0,12,0,12,24,22,31,33,0,12,0,12,0,12,0,12,0,12,0,12,1019,209,281,137,1034,208,0,12,42,33,130,65,5,8,1034,208,66,75,0,12,79,58,83,51,782,195,0,12
"3512","060371863011","Block Group 1, Census Tract 1863.01, Los Angeles County, California",876,172,0,12,0,12,0,12,0,12,0,12,0,12,0,12,0,12,33,28,0,12,0,12,0,12,0,12,0,12,0,12,0,12,0,12,0,12,6,8,0,12,5,8,0,12,0,12,0,12,924,174,49,36,924,174,0,12,39,43,49,32,0,12,924,174,64,32,0,12,89,104,324,94,409,106,0,12
"3513","060373118011","Block Group 1, Census Tract 3118.01, Los Angeles County, California",1322,247,0,12,0,12,0,12,0,12,0,12,0,12,0,12,0,12,42,45,0,12,14,16,0,12,9,14,0,12,0,12,0,12,0,12,0,12,43,57,0,12,0,12,0,12,0,12,10,16,1468,273,106,72,1455,269,13,19,35,33,35,44,0,12,1468,273,171,107,0,12,82,82,498,157,690,217,0,12
"3514","060373118012","Block Group 2, Census Tract 3118.01, Los Angeles County, California",1363,290,0,12,0,12,0,12,0,12,0,12,0,12,0,12,0,12,5,8,26,42,7,10,0,12,0,12,0,12,0,12,0,12,6,9,0,12,0,12,0,12,14,23,0,12,0,12,0,12,1405,300,128,73,1405,300,7,11,63,53,39,32,0,12,1405,300,157,74,0,12,10,16,583,131,612,264,20,31
"3515","060379800281","Block Group 1, Census Tract 9800.28, Los Angeles County, California",0,12,0,12,0,12,0,12,0,12,0,12,0,12,0,12,0,12,0,12,0,12,0,12,0,12,0,12,0,12,0,12,0,12,0,12,0,12,0,12,0,12,0,12,0,12,0,12,0,12,0,12,0,12,0,12,0,12,0,12,0,12,0,12,0,12,0,12,0,12,0,12,0,12,0,12,0,12
"3516","060376506041","Block Group 1, Census Tract 6506.04, Los Angeles County, California",2438,367,0,12,0,12,0,12,0,12,13,22,0,12,0,12,0,12,0,12,7,15,0,12,12,18,0,12,20,33,0,12,0,12,7,15,6,15,0,12,7,15,0,12,0,12,0,12,90,143,2530,406,282,185,2530,406,0,12,60,75,77,78,16,24,2599,409,651,324,13,23,75,71,1231,325,599,190,17,29
"3517","060372112012","Block Group 2, Census Tract 2112.01, Los Angeles County, California",1651,250,13,21,0,12,0,12,0,12,4,7,1,4,0,12,0,12,243,97,87,71,19,20,0,12,0,12,0,12,0,12,0,12,5,8,34,21,0,12,0,12,5,8,7,11,0,12,0,12,1750,261,507,184,1750,261,26,31,191,109,204,87,0,12,1750,261,358,130,40,63,39,31,112,49,1188,269,0,12
"3518","060372091031","Block Group 1, Census Tract 2091.03, Los Angeles County, California",3301,280,45,36,13,20,0,12,0,12,0,12,0,12,0,12,0,12,508,110,558,136,0,12,0,12,6,10,0,12,0,12,25,39,35,27,127,66,0,12,0,12,0,12,0,12,0,12,0,12,3651,333,1795,447,3679,331,122,81,463,160,655,152,22,33,3679,331,37,28,0,12,188,142,64,36,3378,404,0,12
"3519","060372088022","Block Group 2, Census Tract 2088.02, Los Angeles County, California",1085,309,0,12,0,12,0,12,0,12,0,12,0,12,0,12,0,12,39,40,203,142,0,12,0,12,0,12,0,12,0,12,17,27,0,12,0,12,0,12,0,12,54,58,8,12,0,12,0,12,1204,346,223,134,1196,346,34,55,161,89,128,95,0,12,1204,346,143,78,0,12,43,37,151,56,789,354,0,12
"3520","060372088021","Block Group 1, Census Tract 2088.02, Los Angeles County, California",1679,292,0,12,0,12,0,12,0,12,0,12,0,12,0,12,0,12,172,111,53,62,0,12,0,12,136,83,0,12,0,12,0,12,39,44,22,32,0,12,0,12,40,33,53,38,0,12,0,12,1865,345,478,170,1865,345,0,12,122,75,119,73,8,12,1865,345,557,181,0,12,56,43,257,116,983,308,0,12
"3521","060372088012","Block Group 2, Census Tract 2088.01, Los Angeles County, California",1013,305,0,12,0,12,0,12,0,12,0,12,0,12,0,12,0,12,126,103,93,82,0,12,0,12,8,13,0,12,0,12,13,21,0,12,90,73,0,12,0,12,0,12,0,12,0,12,0,12,1055,337,286,174,1055,337,39,62,258,154,74,75,46,50,1067,336,16,18,0,12,185,158,81,60,766,328,0,12
"3522","060371254011","Block Group 1, Census Tract 1254.01, Los Angeles County, California",1816,378,0,12,0,12,0,12,0,12,0,12,0,12,0,12,0,12,0,12,0,12,0,12,0,12,0,12,0,12,0,12,0,12,0,12,0,12,73,71,38,60,0,12,0,12,0,12,0,12,1877,416,171,123,1877,416,0,12,102,106,59,56,0,12,1877,416,87,61,0,12,155,130,1039,253,596,288,0,12
"3523","060371254012","Block Group 2, Census Tract 1254.01, Los Angeles County, California",3034,612,0,12,0,12,0,12,0,12,16,28,0,12,0,12,0,12,0,12,43,71,62,79,0,12,0,12,0,12,0,12,0,12,0,12,0,12,9,20,0,12,0,12,0,12,0,12,0,12,3089,637,697,353,3089,637,0,12,94,82,18,31,0,12,3089,637,516,557,8,19,568,249,1572,506,332,257,0,12
"3524","060371221221","Block Group 1, Census Tract 1221.22, Los Angeles County, California",361,165,0,12,0,12,0,12,0,12,0,12,0,12,0,12,0,12,99,68,8,13,0,12,0,12,0,12,0,12,0,12,0,12,12,17,12,17,0,12,0,12,0,12,0,12,0,12,0,12,377,174,60,54,377,174,0,12,31,31,46,35,0,12,377,174,0,12,0,12,0,12,9,14,368,177,0,12
"3525","060371221222","Block Group 2, Census Tract 1221.22, Los Angeles County, California",884,266,0,12,0,12,0,12,0,12,0,12,0,12,0,12,0,12,120,47,15,19,38,29,0,12,0,12,0,12,0,12,0,12,14,15,81,53,0,12,0,12,0,12,0,12,0,12,0,12,946,279,167,82,946,279,27,41,49,38,30,28,0,12,946,279,0,12,0,12,0,12,65,35,881,280,0,12
"3526","060371221223","Block Group 3, Census Tract 1221.22, Los Angeles County, California",1218,274,7,9,0,12,0,12,0,12,0,12,0,12,0,12,0,12,211,65,116,66,0,12,0,12,0,12,0,12,0,12,0,12,19,19,20,18,0,12,0,12,0,12,0,12,0,12,0,12,1402,308,294,207,1405,308,7,11,77,54,64,50,0,12,1405,308,21,30,0,12,0,12,35,24,1349,311,0,12
"3527","060371201052","Block Group 2, Census Tract 1201.05, Los Angeles County, California",848,174,0,12,0,12,0,12,0,12,0,12,0,12,0,12,0,12,44,35,10,15,0,12,0,12,0,12,0,12,0,12,0,12,55,27,43,27,0,12,0,12,53,40,0,12,0,12,0,12,875,189,148,65,879,189,10,15,10,15,55,39,0,12,879,189,370,99,0,12,0,12,63,34,446,182,0,12
"3528","060371201051","Block Group 1, Census Tract 1201.05, Los Angeles County, California",1846,250,0,12,0,12,0,12,0,12,0,12,0,12,0,12,0,12,211,67,154,60,0,12,0,12,6,10,0,12,0,12,0,12,15,16,15,20,0,12,0,12,8,12,0,12,0,12,0,12,1953,279,631,223,1953,279,8,12,86,54,174,86,0,12,1953,279,113,98,0,12,35,32,98,49,1707,284,0,12
"3529","060372701003","Block Group 3, Census Tract 2701, Los Angeles County, California",1736,394,0,12,0,12,0,12,0,12,0,12,0,12,0,12,0,12,15,24,0,12,0,12,0,12,0,12,0,12,0,12,0,12,0,12,0,12,0,12,0,12,0,12,0,12,0,12,0,12,1761,394,103,93,1761,394,0,12,15,23,90,72,0,12,1761,394,521,305,0,12,228,149,680,185,150,97,66,93
"3530","060375313022","Block Group 2, Census Tract 5313.02, Los Angeles County, California",912,377,0,12,0,12,0,12,0,12,0,12,0,12,0,12,0,12,150,67,48,58,0,12,0,12,0,12,0,12,0,12,0,12,0,12,24,27,0,12,0,12,0,12,0,12,0,12,0,12,965,374,0,12,965,374,20,31,192,161,0,12,0,12,1001,376,0,12,0,12,0,12,13,19,988,374,0,12
"3531","060374062003","Block Group 3, Census Tract 4062, Los Angeles County, California",2404,450,9,15,0,12,0,12,0,12,0,12,0,12,0,12,0,12,24,30,18,15,0,12,0,12,35,45,0,12,0,12,0,12,30,26,57,60,8,13,0,12,18,29,72,95,0,12,0,12,2537,485,273,120,2537,485,30,32,27,25,56,42,0,12,2545,485,697,260,0,12,178,157,224,72,1410,334,0,12
"3532","060372260011","Block Group 1, Census Tract 2260.01, Los Angeles County, California",1449,310,7,12,22,25,0,12,0,12,0,12,0,12,0,12,0,12,292,144,132,71,0,12,0,12,0,12,0,12,0,12,0,12,28,37,26,31,0,12,0,12,0,12,0,12,0,12,0,12,1512,323,514,265,1512,323,7,12,148,88,160,96,0,12,1512,323,0,12,0,12,183,127,5,8,1315,341,9,13
"3533","060375769031","Block Group 1, Census Tract 5769.03, Los Angeles County, California",1693,297,0,12,0,12,0,12,0,12,0,12,0,12,0,12,0,12,88,71,0,12,0,12,0,12,0,12,0,12,0,12,0,12,0,12,23,39,0,12,0,12,0,12,0,12,0,12,0,12,1795,312,599,261,1795,312,0,12,131,87,86,64,10,15,1795,312,221,174,0,12,35,31,380,139,1149,305,0,12
"3534","060375763023","Block Group 3, Census Tract 5763.02, Los Angeles County, California",2011,369,0,12,0,12,0,12,0,12,0,12,0,12,0,12,0,12,209,121,13,21,0,12,0,12,41,52,106,126,0,12,0,12,0,12,0,12,6,10,0,12,35,54,13,21,0,12,0,12,2138,365,419,282,2138,365,60,40,167,78,246,103,0,12,2138,365,709,186,0,12,284,233,163,118,982,273,0,12
"3535","060375763021","Block Group 1, Census Tract 5763.02, Los Angeles County, California",954,339,0,12,0,12,0,12,0,12,0,12,0,12,0,12,0,12,94,68,39,55,9,15,0,12,0,12,0,12,0,12,0,12,0,12,0,12,8,14,0,12,0,12,0,12,0,12,0,12,954,339,276,221,954,339,0,12,106,84,46,56,0,12,954,339,89,75,0,12,130,171,103,71,612,228,0,12
"3536","060375763013","Block Group 3, Census Tract 5763.01, Los Angeles County, California",1406,275,0,12,0,12,0,12,0,12,0,12,0,12,0,12,0,12,69,49,41,48,0,12,0,12,0,12,0,12,0,12,0,12,0,12,29,45,0,12,0,12,0,12,0,12,0,12,0,12,1493,302,384,193,1484,304,0,12,79,83,58,49,29,45,1493,302,107,75,0,12,388,195,152,70,728,225,0,12
"3537","060375763011","Block Group 1, Census Tract 5763.01, Los Angeles County, California",907,256,0,12,0,12,0,12,0,12,0,12,0,12,0,12,0,12,39,61,45,48,0,12,0,12,9,14,0,12,0,12,0,12,21,32,0,12,0,12,0,12,17,27,0,12,0,12,0,12,994,292,353,238,994,292,40,61,43,48,10,15,0,12,994,292,71,53,0,12,256,205,148,66,465,238,44,71
"3538","060375763014","Block Group 4, Census Tract 5763.01, Los Angeles County, California",656,242,0,12,0,12,0,12,0,12,0,12,0,12,0,12,0,12,48,45,0,12,0,12,0,12,0,12,0,12,0,12,0,12,0,12,0,12,0,12,0,12,21,48,0,12,0,12,0,12,665,242,189,173,665,242,0,12,64,63,0,12,0,12,665,242,154,139,45,37,102,61,61,46,303,189,0,12
"3539","060375760012","Block Group 2, Census Tract 5760.01, Los Angeles County, California",2753,617,0,12,0,12,0,12,0,12,0,12,0,12,0,12,0,12,0,12,3,6,0,12,0,12,0,12,0,12,0,12,0,12,0,12,0,12,0,12,28,45,0,12,0,12,0,12,0,12,2750,622,217,128,2750,622,20,31,121,146,42,49,28,45,2823,629,349,197,13,21,489,492,1543,385,341,133,0,12
"3540","060374080031","Block Group 1, Census Tract 4080.03, Los Angeles County, California",1934,626,0,12,0,12,0,12,0,12,0,12,0,12,0,12,0,12,29,40,31,38,0,12,0,12,27,34,11,17,0,12,0,12,9,15,63,65,0,12,0,12,0,12,0,12,0,12,0,12,2039,637,119,78,2041,640,19,31,121,84,125,101,0,12,2041,640,185,162,0,12,72,80,79,113,1705,570,0,12
"3541","060374013043","Block Group 3, Census Tract 4013.04, Los Angeles County, California",1518,499,0,12,0,12,0,12,0,12,0,12,0,12,0,12,0,12,0,12,0,12,0,12,0,12,9,18,0,12,0,12,0,12,11,19,0,12,0,12,0,12,0,12,0,12,0,12,0,12,1518,499,48,40,1518,499,0,12,41,48,0,12,0,12,1518,499,352,209,0,12,6,6,625,348,309,183,0,12
"3542","060374013044","Block Group 4, Census Tract 4013.04, Los Angeles County, California",731,295,0,12,0,12,0,12,0,12,0,12,0,12,0,12,0,12,0,12,0,12,0,12,0,12,0,12,0,12,9,14,0,12,0,12,6,13,0,12,0,12,0,12,7,13,0,12,0,12,734,317,16,28,734,317,0,12,0,12,0,12,0,12,764,318,199,215,0,12,22,33,497,274,12,18,0,12
"3543","060374817122","Block Group 2, Census Tract 4817.12, Los Angeles County, California",2400,538,0,12,0,12,0,12,0,12,0,12,0,12,0,12,0,12,0,12,0,12,0,12,0,12,440,142,81,134,0,12,0,12,9,15,0,12,0,12,0,12,99,69,239,128,0,12,0,12,2531,566,528,253,2531,566,0,12,19,32,77,56,0,12,2531,566,1967,514,83,132,0,12,0,12,481,256,0,12
"3544","060372080002","Block Group 2, Census Tract 2080, Los Angeles County, California",3162,777,0,12,0,12,0,12,0,12,0,12,0,12,0,12,0,12,307,179,166,106,0,12,0,12,0,12,0,12,0,12,0,12,0,12,65,84,0,12,0,12,39,60,0,12,0,12,0,12,3428,843,1228,687,3428,843,0,12,218,140,236,164,0,12,3428,843,136,140,0,12,453,315,222,180,2542,818,0,12
"3545","060372080003","Block Group 3, Census Tract 2080, Los Angeles County, California",757,632,0,12,49,75,0,12,0,12,0,12,0,12,0,12,0,12,49,76,217,334,0,12,0,12,0,12,0,12,0,12,0,12,19,22,45,76,0,12,0,12,14,22,0,12,0,12,0,12,757,632,214,148,757,632,49,75,105,161,65,100,22,38,757,632,34,54,0,12,0,12,42,65,673,662,0,12
"3546","060372089021","Block Group 1, Census Tract 2089.02, Los Angeles County, California",1561,265,9,15,0,12,0,12,0,12,0,12,0,12,0,12,0,12,300,91,536,186,12,16,0,12,35,38,5,8,0,12,0,12,7,16,22,27,0,12,0,12,8,18,38,73,0,12,0,12,1603,259,612,199,1603,259,0,12,325,120,456,131,2,6,1676,276,125,117,0,12,36,51,43,37,1472,269,0,12
"3547","060377025023","Block Group 3, Census Tract 7025.02, Los Angeles County, California",1480,297,0,12,0,12,0,12,0,12,0,12,0,12,0,12,0,12,0,12,0,12,0,12,0,12,0,12,0,12,0,12,0,12,0,12,0,12,0,12,0,12,0,12,0,12,0,12,0,12,1592,354,64,55,1592,354,0,12,0,12,0,12,0,12,1592,354,176,132,0,12,309,177,850,231,240,163,0,12
"3548","060378004083","Block Group 3, Census Tract 8004.08, Los Angeles County, California",1365,507,0,12,0,12,0,12,0,12,0,12,0,12,0,12,0,12,29,46,0,12,0,12,0,12,0,12,0,12,0,12,0,12,0,12,0,12,0,12,0,12,0,12,0,12,0,12,0,12,1389,517,57,63,1389,517,112,125,22,35,137,151,0,12,1389,517,26,46,0,12,0,12,1155,469,87,107,0,12
"3549","060378004081","Block Group 1, Census Tract 8004.08, Los Angeles County, California",885,332,0,12,0,12,0,12,0,12,0,12,0,12,0,12,0,12,0,12,0,12,0,12,0,12,0,12,0,12,0,12,0,12,0,12,0,12,0,12,0,12,0,12,0,12,0,12,0,12,918,361,60,41,918,361,0,12,9,22,0,12,0,12,928,361,0,12,0,12,21,35,676,309,231,194,0,12
"3550","060378004062","Block Group 2, Census Tract 8004.06, Los Angeles County, California",531,133,0,12,0,12,0,12,0,12,0,12,0,12,0,12,0,12,0,12,0,12,0,12,0,12,0,12,0,12,0,12,0,12,0,12,0,12,0,12,0,12,0,12,0,12,0,12,0,12,531,133,60,49,531,133,0,12,0,12,20,32,0,12,531,133,0,12,0,12,0,12,522,131,9,14,0,12
"3551","060378004063","Block Group 3, Census Tract 8004.06, Los Angeles County, California",574,162,0,12,0,12,0,12,0,12,0,12,0,12,0,12,0,12,0,12,0,12,0,12,0,12,0,12,0,12,0,12,0,12,0,12,0,12,0,12,0,12,0,12,0,12,0,12,0,12,574,162,110,77,574,162,0,12,0,12,0,12,4,8,574,162,7,10,0,12,10,15,473,148,35,49,0,12
"3552","060378003322","Block Group 2, Census Tract 8003.32, Los Angeles County, California",1029,388,0,12,0,12,0,12,0,12,0,12,0,12,0,12,0,12,0,12,0,12,0,12,0,12,0,12,0,12,0,12,0,12,0,12,0,12,29,47,0,12,0,12,0,12,0,12,0,12,1029,388,41,66,1029,388,0,12,32,51,0,12,0,12,1029,388,183,213,0,12,0,12,683,208,163,235,0,12
"3553","060378003324","Block Group 4, Census Tract 8003.32, Los Angeles County, California",1066,217,0,12,0,12,13,22,0,12,0,12,0,12,0,12,0,12,0,12,0,12,0,12,0,12,0,12,0,12,0,12,0,12,0,12,0,12,0,12,0,12,0,12,0,12,0,12,0,12,1066,217,47,75,1066,217,0,12,0,12,0,12,0,12,1066,217,23,57,0,12,0,12,975,241,46,68,0,12
"3554","060372410021","Block Group 1, Census Tract 2410.02, Los Angeles County, California",1188,348,0,12,0,12,0,12,0,12,0,12,0,12,0,12,0,12,180,143,89,87,0,12,0,12,0,12,0,12,0,12,0,12,11,13,18,29,0,12,0,12,0,12,0,12,0,12,0,12,1288,383,206,133,1288,383,20,29,40,49,81,59,18,29,1288,383,0,12,0,12,260,135,0,12,968,375,0,12
"3555","060375338053","Block Group 3, Census Tract 5338.05, Los Angeles County, California",542,189,6,10,0,12,0,12,0,12,0,12,0,12,0,12,0,12,68,39,67,94,0,12,0,12,0,12,0,12,0,12,0,12,46,28,30,31,0,12,0,12,0,12,0,12,0,12,0,12,582,219,35,36,582,219,41,65,40,66,24,30,0,12,582,219,0,12,0,12,0,12,9,12,573,218,0,12
"3556","060375330012","Block Group 2, Census Tract 5330.01, Los Angeles County, California",569,302,22,35,0,12,0,12,0,12,0,12,0,12,0,12,0,12,92,88,59,70,0,12,0,12,0,12,0,12,0,12,0,12,32,52,0,12,0,12,0,12,0,12,0,12,0,12,0,12,674,362,245,266,691,371,33,53,22,35,29,32,0,12,691,371,0,12,0,12,0,12,0,12,691,371,0,12
"3557","060375330013","Block Group 3, Census Tract 5330.01, Los Angeles County, California",2059,480,0,12,0,12,0,12,0,12,0,12,0,12,0,12,0,12,221,126,181,186,0,12,0,12,0,12,0,12,0,12,0,12,67,65,62,46,0,12,0,12,0,12,0,12,0,12,0,12,2149,485,586,362,2149,485,23,37,99,67,76,60,0,12,2149,485,0,12,0,12,182,207,34,50,1933,471,0,12
"3558","060371021031","Block Group 1, Census Tract 1021.03, Los Angeles County, California",1666,203,0,12,0,12,0,12,0,12,0,12,0,12,0,12,0,12,0,12,0,12,14,20,0,12,28,38,0,12,0,12,0,12,0,12,0,12,0,12,0,12,12,17,0,12,6,8,0,12,1763,204,85,60,1763,204,3,5,18,18,62,47,0,12,1763,204,224,143,0,12,25,42,1106,153,355,71,0,12
"3559","060372951032","Block Group 2, Census Tract 2951.03, Los Angeles County, California",1465,438,0,12,0,12,0,12,0,12,0,12,0,12,0,12,0,12,0,12,0,12,0,12,0,12,0,12,0,12,0,12,0,12,0,12,0,12,0,12,0,12,0,12,0,12,0,12,0,12,1523,429,39,64,1523,429,0,12,48,57,0,12,0,12,1523,429,68,59,0,12,0,12,886,317,486,243,15,23
"3560","060372756021","Block Group 1, Census Tract 2756.02, Los Angeles County, California",10941,722,0,19,0,19,0,19,0,19,0,19,0,19,0,19,0,19,0,19,0,19,15,25,0,19,0,19,0,19,0,19,0,19,0,19,0,19,0,19,0,19,0,19,48,79,0,19,0,19,12017,840,1252,566,12060,872,18,32,176,147,298,182,55,67,12100,860,2802,657,0,19,795,337,6371,684,1651,527,0,19
"3561","060375542041","Block Group 1, Census Tract 5542.04, Los Angeles County, California",467,161,0,12,0,12,0,12,0,12,0,12,0,12,0,12,0,12,29,42,0,12,0,12,0,12,0,12,0,12,0,12,0,12,5,9,0,12,0,12,0,12,0,12,0,12,0,12,0,12,505,176,17,28,505,176,0,12,0,12,47,47,0,12,505,176,68,47,0,12,111,95,66,41,260,157,0,12
"3562","060375542042","Block Group 2, Census Tract 5542.04, Los Angeles County, California",1212,286,0,12,0,12,0,12,0,12,0,12,0,12,0,12,0,12,28,34,0,12,5,11,6,11,0,12,0,12,0,12,0,12,8,12,0,12,21,31,0,12,57,80,0,12,0,12,0,12,1288,297,208,115,1288,297,0,12,51,44,25,38,0,12,1288,297,272,191,0,12,211,104,225,95,445,182,0,12
"3563","060375542043","Block Group 3, Census Tract 5542.04, Los Angeles County, California",2313,374,11,17,0,12,0,12,0,12,0,12,0,12,0,12,0,12,156,98,68,57,0,12,0,12,12,19,0,12,0,12,0,12,30,46,14,20,0,12,0,12,0,12,0,12,0,12,0,12,2511,396,346,215,2520,400,26,28,117,75,344,145,0,12,2520,400,58,70,0,12,295,218,271,129,1851,428,0,12
"3564","060375542033","Block Group 3, Census Tract 5542.03, Los Angeles County, California",807,297,12,23,0,12,0,12,0,12,0,12,0,12,0,12,0,12,23,25,8,16,10,16,0,12,0,12,0,12,0,12,0,12,5,11,27,34,0,12,0,12,0,12,0,12,0,12,0,12,853,324,241,206,853,324,0,12,0,12,48,40,0,12,853,324,36,38,0,12,0,12,86,44,678,309,0,12
"3565","060375541052","Block Group 2, Census Tract 5541.05, Los Angeles County, California",1931,394,0,12,0,12,0,12,0,12,0,12,0,12,0,12,0,12,199,124,0,12,0,12,0,12,13,20,0,12,46,45,0,12,31,34,5,14,0,12,0,12,0,12,0,12,0,12,0,12,2024,410,784,344,2024,410,20,33,30,35,233,116,0,12,2024,410,162,130,31,48,275,167,513,189,1028,335,0,12
"3566","060375541041","Block Group 1, Census Tract 5541.04, Los Angeles County, California",924,153,0,12,0,12,0,12,0,12,0,12,0,12,0,12,0,12,74,32,16,16,0,12,0,12,0,12,0,12,0,12,0,12,0,12,6,11,0,12,0,12,0,12,0,12,0,12,0,12,1018,172,159,84,1036,178,24,22,5,9,42,29,0,12,1036,178,249,78,0,12,95,75,105,59,577,144,10,14
"3567","060374024024","Block Group 4, Census Tract 4024.02, Los Angeles County, California",2114,520,0,12,0,12,0,12,0,12,0,12,0,12,0,12,0,12,0,12,0,12,0,12,0,12,63,73,0,12,0,12,0,12,0,12,0,12,0,12,0,12,0,12,0,12,0,12,0,12,2148,525,601,321,2104,509,10,17,161,221,30,68,0,12,2148,525,547,295,0,12,131,119,414,226,976,477,0,12
"3568","060375313021","Block Group 1, Census Tract 5313.02, Los Angeles County, California",640,334,0,12,0,12,0,12,0,12,0,12,0,12,0,12,0,12,152,92,18,30,0,12,0,12,0,12,0,12,0,12,0,12,47,46,21,35,0,12,0,12,0,12,0,12,0,12,0,12,750,405,177,158,750,405,0,12,0,12,0,12,22,34,750,405,0,12,0,12,0,12,0,12,750,405,0,12
"3569","060371132351","Block Group 1, Census Tract 1132.35, Los Angeles County, California",1732,203,0,12,0,12,0,12,0,12,0,12,0,12,0,12,0,12,16,25,5,7,0,12,0,12,7,12,0,12,0,12,0,12,0,12,0,12,0,12,0,12,0,12,0,12,0,12,0,12,1824,223,105,98,1824,223,22,29,13,12,50,31,0,12,1824,223,63,45,0,12,116,59,982,144,391,191,39,41
"3570","060373202022","Block Group 2, Census Tract 3202.02, Los Angeles County, California",1316,467,0,12,9,15,0,12,0,12,0,12,0,12,0,12,0,12,81,66,136,128,0,12,0,12,0,12,0,12,0,12,0,12,33,37,68,67,0,12,0,12,0,12,0,12,0,12,0,12,1487,497,129,129,1487,497,38,47,34,30,45,52,0,12,1487,497,0,12,0,12,0,12,87,70,1400,506,0,12
"3571","060373202023","Block Group 3, Census Tract 3202.02, Los Angeles County, California",1142,431,10,15,0,12,0,12,0,12,0,12,0,12,0,12,0,12,119,94,77,71,0,12,0,12,0,12,0,12,0,12,0,12,49,49,35,55,0,12,0,12,0,12,0,12,0,12,0,12,1192,453,155,143,1240,478,0,12,113,98,56,58,0,12,1240,478,0,12,0,12,0,12,147,93,1093,464,0,12
"3572","060379800251","Block Group 1, Census Tract 9800.25, Los Angeles County, California",0,12,0,12,0,12,0,12,0,12,0,12,0,12,0,12,0,12,0,12,0,12,0,12,0,12,0,12,0,12,0,12,0,12,0,12,0,12,0,12,0,12,0,12,0,12,0,12,0,12,0,12,0,12,0,12,0,12,0,12,0,12,0,12,0,12,0,12,0,12,0,12,0,12,0,12,0,12
"3573","060379800221","Block Group 1, Census Tract 9800.22, Los Angeles County, California",0,12,0,12,0,12,0,12,0,12,0,12,0,12,0,12,0,12,0,12,0,12,0,12,0,12,0,12,0,12,0,12,0,12,0,12,0,12,0,12,0,12,0,12,0,12,0,12,0,12,0,12,0,12,0,12,0,12,0,12,0,12,0,12,0,12,0,12,0,12,0,12,0,12,0,12,0,12
"3574","060379800211","Block Group 1, Census Tract 9800.21, Los Angeles County, California",33,28,0,12,0,12,0,12,0,12,0,12,0,12,0,12,0,12,0,12,0,12,0,12,0,12,0,12,0,12,0,12,0,12,0,12,0,12,0,12,0,12,0,12,0,12,0,12,0,12,33,28,0,12,33,28,0,12,10,12,0,12,0,12,33,28,14,17,0,12,0,12,4,5,15,13,0,12
"3575","060371974103","Block Group 3, Census Tract 1974.10, Los Angeles County, California",1110,269,0,12,0,12,0,12,0,12,0,12,0,12,0,12,0,12,0,12,0,12,0,12,0,12,0,12,0,12,0,12,0,12,0,12,0,12,0,12,0,12,0,12,0,12,0,12,0,12,1187,304,94,71,1187,304,41,48,150,115,102,117,0,12,1187,304,93,75,10,15,28,33,660,217,339,150,0,12
"3576","060371958021","Block Group 1, Census Tract 1958.02, Los Angeles County, California",1278,248,0,12,2,5,0,12,0,12,0,12,0,12,0,12,0,12,65,51,10,11,0,12,0,12,17,18,0,12,0,12,0,12,41,41,3,5,0,12,0,12,12,18,0,12,0,12,0,12,1352,274,119,85,1358,275,18,26,90,52,144,75,3,5,1358,275,269,125,0,12,43,41,253,79,767,206,11,16
"3577","060375730041","Block Group 1, Census Tract 5730.04, Los Angeles County, California",1039,349,0,12,0,12,0,12,0,12,0,12,0,12,0,12,0,12,78,91,21,33,0,12,0,12,0,12,0,12,0,12,0,12,115,106,0,12,0,12,0,12,11,19,0,12,0,12,0,12,1165,377,179,108,1165,377,0,12,164,104,22,34,0,12,1165,377,37,40,9,16,495,217,78,65,529,285,0,12
"3578","060375730042","Block Group 2, Census Tract 5730.04, Los Angeles County, California",1018,357,0,12,0,12,0,12,0,12,0,12,0,12,0,12,0,12,32,38,32,37,0,12,0,12,0,12,0,12,0,12,0,12,25,40,12,19,0,12,0,12,0,12,0,12,0,12,0,12,1144,412,371,283,1144,412,0,12,63,56,41,38,12,19,1144,412,240,296,0,12,336,238,48,41,520,278,0,12
"3579","060375730044","Block Group 4, Census Tract 5730.04, Los Angeles County, California",1022,283,0,12,0,12,0,12,0,12,0,12,0,12,0,12,0,12,25,42,8,13,0,12,0,12,0,12,0,12,0,12,0,12,0,12,0,12,0,12,0,12,9,19,0,12,0,12,0,12,1226,353,336,281,1226,353,0,12,9,15,0,12,0,12,1226,353,52,106,0,12,241,158,43,32,860,333,0,12
"3580","060375717031","Block Group 1, Census Tract 5717.03, Los Angeles County, California",626,292,0,12,0,12,0,12,0,12,0,12,0,12,0,12,0,12,37,39,19,28,0,12,0,12,0,12,0,12,0,12,0,12,5,9,0,12,0,12,0,12,0,12,0,12,0,12,0,12,714,342,0,12,714,342,0,12,57,62,0,12,0,12,714,342,0,12,0,12,27,33,56,37,620,336,0,12
"3581","060375717033","Block Group 3, Census Tract 5717.03, Los Angeles County, California",531,187,0,12,0,12,0,12,0,12,0,12,0,12,0,12,0,12,25,29,0,12,0,12,0,12,30,47,0,12,0,12,0,12,22,32,22,32,0,12,0,12,0,12,0,12,0,12,0,12,531,187,48,58,531,187,0,12,13,19,7,12,0,12,531,187,193,128,0,12,78,69,10,18,201,167,0,12
"3582","060375717034","Block Group 4, Census Tract 5717.03, Los Angeles County, California",423,241,0,12,0,12,0,12,0,12,0,12,0,12,0,12,0,12,31,36,0,12,0,12,0,12,0,12,0,12,0,12,0,12,0,12,11,18,0,12,5,10,4,10,0,12,0,12,0,12,326,234,30,34,326,234,19,30,19,30,38,59,0,12,438,251,9,20,0,12,191,178,46,38,192,171,0,12
"3583","060376013032","Block Group 2, Census Tract 6013.03, Los Angeles County, California",1011,259,0,12,0,12,0,12,0,12,0,12,0,12,0,12,0,12,95,97,0,12,0,12,0,12,0,12,0,12,0,12,0,12,43,37,0,12,0,12,0,12,0,12,0,12,0,12,0,12,1074,282,72,64,1074,282,8,13,87,72,100,83,0,12,1074,282,5,8,0,12,475,230,58,79,489,198,0,12
"3584","060374045042","Block Group 2, Census Tract 4045.04, Los Angeles County, California",2310,395,0,12,0,12,0,12,0,12,0,12,0,12,0,12,0,12,199,108,87,96,0,12,0,12,0,12,0,12,0,12,0,12,38,34,39,37,0,12,0,12,22,21,0,12,0,12,0,12,2527,428,456,288,2527,428,29,46,146,121,244,158,0,12,2527,428,116,65,0,12,108,107,191,107,2112,442,0,12
"3585","060374042022","Block Group 2, Census Tract 4042.02, Los Angeles County, California",1763,261,25,25,0,12,0,12,0,12,0,12,0,12,0,12,0,12,80,43,73,50,0,12,0,12,0,12,0,12,0,12,0,12,6,9,14,18,0,12,0,12,6,9,0,12,0,12,0,12,1816,259,247,194,1827,259,25,25,60,43,103,65,11,18,1827,259,135,77,0,12,6,9,191,98,1485,250,0,12
"3586","060374042012","Block Group 2, Census Tract 4042.01, Los Angeles County, California",1772,317,0,12,0,12,0,12,0,12,0,12,0,12,0,12,0,12,100,68,50,52,0,12,0,12,0,12,31,35,0,12,0,12,33,40,0,12,0,12,0,12,0,12,0,12,0,12,0,12,1938,359,128,98,1938,359,0,12,45,52,151,75,0,12,1938,359,258,171,0,12,1,2,328,145,1199,314,37,57
"3587","060374042011","Block Group 1, Census Tract 4042.01, Los Angeles County, California",1446,355,14,18,0,12,0,12,0,12,0,12,0,12,0,12,0,12,83,63,47,51,0,12,0,12,9,16,0,12,0,12,0,12,0,12,35,51,0,12,0,12,0,12,0,12,0,12,0,12,1570,374,864,371,1570,374,0,12,112,104,35,26,35,51,1581,373,130,108,0,12,24,28,208,100,1219,372,0,12
"3588","060376504012","Block Group 2, Census Tract 6504.01, Los Angeles County, California",691,194,0,12,0,12,0,12,0,12,0,12,0,12,0,12,0,12,0,12,0,12,0,12,0,12,3,8,0,12,0,12,0,12,0,12,0,12,0,12,0,12,34,41,7,22,0,12,0,12,701,193,66,53,701,193,0,12,35,48,10,18,12,20,701,193,275,125,0,12,0,12,289,148,77,62,0,12
"3589","060376504013","Block Group 3, Census Tract 6504.01, Los Angeles County, California",1029,242,0,12,0,12,0,12,0,12,12,18,0,12,0,12,0,12,10,16,0,12,0,12,0,12,8,16,0,12,0,12,0,12,0,12,0,12,0,12,0,12,0,12,13,21,0,12,0,12,1090,259,46,42,1090,259,0,12,33,39,0,12,0,12,1090,259,347,170,0,12,40,47,404,150,258,133,0,12
"3590","060373017024","Block Group 4, Census Tract 3017.02, Los Angeles County, California",781,308,0,12,0,12,0,12,0,12,0,12,0,12,0,12,0,12,0,12,0,12,14,22,0,12,14,21,0,12,0,12,0,12,0,12,0,12,0,12,14,22,0,12,0,12,0,12,0,12,835,331,130,116,835,331,0,12,26,29,88,72,0,12,835,331,193,176,0,12,36,55,372,124,112,108,77,119
"3591","060373017022","Block Group 2, Census Tract 3017.02, Los Angeles County, California",2068,370,0,12,0,12,0,12,0,12,0,12,0,12,0,12,0,12,0,12,0,12,196,90,76,73,6,10,16,26,6,12,0,12,0,12,0,12,63,43,141,86,0,12,0,12,0,12,0,12,2118,370,261,144,2118,370,86,132,106,80,99,91,0,12,2118,370,215,139,0,12,48,48,1794,395,37,46,0,12
"3592","060373114002","Block Group 2, Census Tract 3114, Los Angeles County, California",1279,138,0,12,0,12,0,12,0,12,0,12,0,12,0,12,0,12,6,8,0,12,0,12,0,12,0,12,0,12,0,12,0,12,4,8,6,9,16,17,0,12,0,12,0,12,0,12,0,12,1303,144,38,23,1314,144,0,12,37,27,5,8,0,12,1314,144,110,75,0,12,0,12,908,120,254,86,0,12
"3593","060373114001","Block Group 1, Census Tract 3114, Los Angeles County, California",920,139,0,12,0,12,0,12,0,12,0,12,0,12,0,12,0,12,0,12,0,12,0,12,0,12,0,12,0,12,0,12,0,12,7,13,0,12,0,12,0,12,9,9,0,12,0,12,0,12,986,149,58,40,986,149,0,12,52,54,0,12,0,12,986,149,123,85,0,12,29,31,666,124,133,64,0,12
"3594","060375540023","Block Group 3, Census Tract 5540.02, Los Angeles County, California",1051,334,0,12,0,12,0,12,0,12,0,12,0,12,0,12,0,12,24,27,19,29,0,12,0,12,7,17,0,12,0,12,0,12,0,12,34,48,0,12,0,12,0,12,0,12,0,12,0,12,1107,360,0,12,1107,360,11,29,26,25,0,12,0,12,1107,360,22,59,0,12,12,22,354,226,649,272,0,12
"3595","060375540021","Block Group 1, Census Tract 5540.02, Los Angeles County, California",1879,401,0,12,0,12,0,12,0,12,0,12,0,12,0,12,0,12,60,46,18,29,8,15,0,12,39,29,0,12,0,12,0,12,27,33,0,12,19,28,0,12,12,19,0,12,0,12,22,35,2015,429,352,243,2015,429,23,26,121,98,99,67,22,24,2015,429,393,227,0,12,163,88,183,106,1251,417,0,12
"3596","060375540022","Block Group 2, Census Tract 5540.02, Los Angeles County, California",2519,446,10,14,0,12,0,12,0,12,0,12,0,12,0,12,0,12,149,91,6,11,0,12,0,12,19,19,7,10,42,40,0,12,8,13,34,53,0,12,0,12,8,11,0,12,0,12,0,12,2723,528,336,168,2734,529,14,23,119,82,183,100,0,12,2734,529,340,177,0,12,427,222,359,173,1608,549,0,12
"3597","060375508003","Block Group 3, Census Tract 5508, Los Angeles County, California",1025,458,0,12,0,12,0,12,0,12,0,12,0,12,0,12,0,12,63,104,0,12,0,12,0,12,0,12,0,12,0,12,0,12,48,68,61,84,0,12,0,12,0,12,0,12,0,12,0,12,1082,472,0,12,1082,472,0,12,48,79,70,64,61,84,1082,472,43,66,0,12,0,12,84,75,938,459,0,12
"3598","060375508006","Block Group 6, Census Tract 5508, Los Angeles County, California",1502,517,0,12,0,12,0,12,0,12,0,12,0,12,0,12,0,12,169,188,16,26,0,12,0,12,49,72,0,12,0,12,0,12,0,12,11,19,0,12,0,12,0,12,40,59,0,12,0,12,1559,526,64,79,1559,526,0,12,0,12,98,105,0,12,1559,526,89,131,0,12,0,12,210,134,1207,483,0,12
"3599","060375508004","Block Group 4, Census Tract 5508, Los Angeles County, California",1217,630,0,12,0,12,0,12,0,12,0,12,0,12,0,12,0,12,0,12,0,12,0,12,0,12,0,12,0,12,0,12,0,12,0,12,0,12,0,12,0,12,0,12,0,12,0,12,0,12,1229,633,66,88,1229,633,0,12,0,12,0,12,0,12,1229,633,2,4,0,12,1,7,114,95,1112,624,0,12
"3600","060375541031","Block Group 1, Census Tract 5541.03, Los Angeles County, California",1292,157,0,12,0,12,0,12,0,12,0,12,0,12,0,12,0,12,36,33,14,18,0,12,0,12,0,12,5,10,0,12,0,12,31,31,9,14,0,12,0,12,0,12,0,12,0,12,7,11,1396,135,144,123,1396,135,9,10,47,37,32,28,13,18,1396,135,102,73,0,12,165,119,167,57,945,181,0,12
"3601","060378004082","Block Group 2, Census Tract 8004.08, Los Angeles County, California",3406,551,0,12,0,12,0,12,0,12,0,12,0,12,0,12,0,12,24,40,0,12,0,12,0,12,0,12,0,12,0,12,0,12,0,12,0,12,0,12,0,12,0,12,0,12,0,12,0,12,3489,568,188,160,3489,568,0,12,0,12,59,90,36,56,3489,568,52,62,0,12,0,12,2974,553,333,248,0,12
"3602","060372094011","Block Group 1, Census Tract 2094.01, Los Angeles County, California",2632,505,0,12,4,8,0,12,0,12,15,17,0,12,0,12,0,12,486,262,363,178,0,12,0,12,14,17,6,12,0,12,0,12,10,17,5,12,0,12,0,12,28,57,100,79,0,12,0,12,2491,525,609,285,2491,525,0,12,403,196,480,141,0,12,2744,551,354,132,6,12,59,59,267,110,2036,534,0,12
"3603","060374078012","Block Group 2, Census Tract 4078.01, Los Angeles County, California",1551,349,0,12,0,12,0,12,0,12,0,12,0,12,0,12,0,12,83,52,27,29,0,12,0,12,31,30,8,13,0,12,0,12,41,43,0,12,0,12,0,12,0,12,11,17,0,12,0,12,1655,379,188,154,1655,379,0,12,53,53,43,41,11,17,1655,379,144,112,0,12,26,33,92,97,1365,401,8,13
"3604","060374078013","Block Group 3, Census Tract 4078.01, Los Angeles County, California",1913,535,34,39,0,12,0,12,0,12,0,12,0,12,0,12,0,12,61,45,102,79,0,12,0,12,112,115,16,24,0,12,0,12,63,46,23,37,0,12,0,12,29,43,0,12,0,12,0,12,2017,553,260,239,2017,553,21,32,77,59,72,58,23,37,2017,553,1049,432,0,12,34,51,86,67,848,303,0,12
"3605","060374076022","Block Group 2, Census Tract 4076.02, Los Angeles County, California",1014,297,0,12,0,12,0,12,0,12,0,12,0,12,0,12,0,12,56,50,20,20,0,12,0,12,15,13,4,7,0,12,0,12,27,28,0,12,0,12,0,12,0,12,0,12,0,12,0,12,1047,311,60,59,1042,311,0,12,80,75,66,59,0,12,1047,311,124,72,0,12,5,8,24,17,867,311,0,12
"3606","060374076023","Block Group 3, Census Tract 4076.02, Los Angeles County, California",966,270,0,12,0,12,0,12,0,12,0,12,0,12,0,12,0,12,15,23,15,24,0,12,0,12,16,20,18,23,0,12,0,12,32,26,0,12,0,12,0,12,0,12,0,12,0,12,0,12,966,270,8,11,966,270,0,12,58,41,36,35,0,12,966,270,70,89,0,12,91,100,15,16,777,235,0,12
"3607","060374076024","Block Group 4, Census Tract 4076.02, Los Angeles County, California",730,194,0,12,0,12,0,12,0,12,0,12,0,12,0,12,0,12,59,38,8,13,0,12,0,12,25,27,20,21,0,12,0,12,15,14,5,9,0,12,0,12,0,12,0,12,0,12,0,12,777,207,61,71,777,207,19,31,46,44,34,31,0,12,777,207,63,72,48,82,0,12,50,31,610,213,6,9
"3608","060374076011","Block Group 1, Census Tract 4076.01, Los Angeles County, California",1411,477,29,47,0,12,0,12,0,12,0,12,0,12,0,12,0,12,185,174,138,141,0,12,0,12,11,19,0,12,0,12,0,12,11,17,7,12,0,12,0,12,0,12,0,12,0,12,0,12,1497,506,468,397,1497,506,8,14,55,61,242,169,0,12,1497,506,96,91,26,42,0,12,44,42,1331,505,0,12
"3609","060372751022","Block Group 2, Census Tract 2751.02, Los Angeles County, California",850,221,12,18,0,12,0,12,0,12,0,12,0,12,0,12,0,12,63,53,10,16,0,12,0,12,0,12,0,12,0,12,0,12,0,12,5,9,0,12,0,12,0,12,0,12,0,12,0,12,922,260,146,100,922,260,0,12,84,79,13,20,0,12,922,260,76,46,0,12,24,28,358,134,393,183,0,12
"3610","060372742022","Block Group 2, Census Tract 2742.02, Los Angeles County, California",821,364,0,12,0,12,0,12,0,12,0,12,0,12,0,12,0,12,0,12,0,12,0,12,0,12,0,12,0,12,0,12,0,12,20,34,0,12,0,12,0,12,0,12,0,12,0,12,0,12,927,412,7,13,927,412,0,12,21,35,7,13,0,12,927,412,182,212,0,12,0,12,594,326,90,74,0,12
"3611","060372742024","Block Group 4, Census Tract 2742.02, Los Angeles County, California",682,232,0,12,0,12,0,12,0,12,0,12,0,12,0,12,0,12,0,12,0,12,0,12,0,12,0,12,0,12,0,12,0,12,0,12,0,12,0,12,0,12,0,12,0,12,0,12,0,12,700,245,0,12,700,245,0,12,0,12,49,78,0,12,700,245,14,27,0,12,0,12,559,212,50,80,0,12
"3612","060372739022","Block Group 2, Census Tract 2739.02, Los Angeles County, California",969,224,0,12,0,12,0,12,0,12,0,12,0,12,0,12,0,12,0,12,0,12,0,12,0,12,0,12,0,12,0,12,0,12,0,12,0,12,0,12,0,12,0,12,0,12,0,12,0,12,1030,256,47,56,1030,256,0,12,0,12,0,12,0,12,1030,256,0,12,0,12,0,12,913,249,44,53,0,12
"3613","060372739023","Block Group 3, Census Tract 2739.02, Los Angeles County, California",727,276,0,12,0,12,0,12,0,12,0,12,0,12,0,12,0,12,0,12,0,12,0,12,0,12,0,12,0,12,0,12,0,12,0,12,0,12,0,12,0,12,0,12,0,12,0,12,0,12,848,361,46,55,848,361,0,12,15,25,19,31,0,12,848,361,92,115,0,12,0,12,645,224,26,43,0,12
"3614","060372739025","Block Group 5, Census Tract 2739.02, Los Angeles County, California",428,177,0,12,0,12,0,12,0,12,0,12,0,12,0,12,0,12,0,12,0,12,0,12,0,12,0,12,0,12,0,12,0,12,0,12,0,12,0,12,0,12,0,12,0,12,0,12,0,12,450,189,14,21,450,189,0,12,0,12,0,12,0,12,450,189,35,43,0,12,34,43,339,141,20,36,0,12
"3615","060372735021","Block Group 1, Census Tract 2735.02, Los Angeles County, California",530,183,0,12,0,12,0,12,0,12,0,12,0,12,0,12,0,12,0,12,0,12,0,12,0,12,0,12,0,12,0,12,0,12,0,12,0,12,0,12,0,12,0,12,0,12,0,12,0,12,530,183,46,38,530,183,0,12,23,38,48,67,0,12,530,183,10,15,0,12,48,67,328,94,116,89,0,12
"3616","060372735023","Block Group 3, Census Tract 2735.02, Los Angeles County, California",1071,239,0,12,0,12,0,12,0,12,0,12,0,12,0,12,0,12,0,12,0,12,0,12,0,12,0,12,0,12,0,12,0,12,0,12,0,12,0,12,0,12,0,12,0,12,0,12,0,12,1095,247,168,112,1097,248,0,12,7,10,0,12,0,12,1097,248,41,44,0,12,93,115,770,202,143,120,18,31
"3617","060372735024","Block Group 4, Census Tract 2735.02, Los Angeles County, California",794,181,0,12,0,12,0,12,0,12,0,12,0,12,0,12,0,12,0,12,0,12,0,12,0,12,0,12,0,12,0,12,0,12,0,12,0,12,0,12,0,12,0,12,0,12,0,12,0,12,848,193,51,41,848,193,0,12,10,16,0,12,0,12,848,193,7,11,0,12,0,12,820,188,21,24,0,12
"3618","060377011001","Block Group 1, Census Tract 7011, Los Angeles County, California",1086,361,0,12,0,12,0,12,0,12,0,12,0,12,0,12,0,12,10,17,0,12,0,12,0,12,0,12,0,12,0,12,0,12,0,12,7,18,0,12,0,12,12,23,0,12,0,12,0,12,928,352,596,236,928,352,0,12,6,12,10,17,10,22,1101,361,106,60,0,12,247,138,405,161,292,169,0,12
"3619","060379010102","Block Group 2, Census Tract 9010.10, Los Angeles County, California",1751,380,0,12,0,12,0,12,0,12,0,12,0,12,0,12,0,12,0,12,0,12,0,12,0,12,0,12,0,12,0,12,0,12,0,12,0,12,0,12,0,12,0,12,0,12,0,12,0,12,1772,386,344,201,1743,377,0,12,17,25,0,12,0,12,1772,386,25,34,0,12,358,217,956,266,386,306,0,12
"3620","060379010092","Block Group 2, Census Tract 9010.09, Los Angeles County, California",1259,402,0,12,0,12,0,12,0,12,0,12,0,12,8,13,0,12,37,46,0,12,0,12,0,12,0,12,0,12,7,12,0,12,0,12,0,12,0,12,0,12,0,12,0,12,13,16,0,12,1483,520,472,256,1483,520,0,12,97,92,30,48,0,12,1483,520,14,23,0,12,635,387,414,244,420,287,0,12
"3621","060378005041","Block Group 1, Census Tract 8005.04, Los Angeles County, California",2285,328,0,12,0,12,0,12,0,12,0,12,0,12,0,12,0,12,12,20,13,21,0,12,0,12,0,12,0,12,0,12,0,12,0,12,0,12,0,12,0,12,0,12,0,12,0,12,0,12,2334,356,257,135,2334,356,27,42,24,28,77,60,0,12,2334,356,106,59,27,41,60,71,2004,378,94,74,0,12
"3622","060374311005","Block Group 5, Census Tract 4311, Los Angeles County, California",580,311,0,12,0,12,0,12,0,12,0,12,0,12,0,12,0,12,10,18,0,12,0,12,0,12,0,12,0,12,0,12,0,12,0,12,0,12,0,12,0,12,0,12,0,12,0,12,0,12,590,309,65,100,590,309,0,12,0,12,0,12,0,12,590,309,12,20,0,12,100,152,286,293,192,133,0,12
"3623","060372372021","Block Group 1, Census Tract 2372.02, Los Angeles County, California",1293,389,0,12,0,12,0,12,0,12,0,12,0,12,0,12,0,12,208,96,94,102,0,12,0,12,0,12,0,12,0,12,0,12,0,12,25,43,0,12,0,12,0,12,25,42,0,12,0,12,1471,461,87,71,1471,461,0,12,42,50,56,52,0,12,1477,460,41,50,8,14,174,122,20,33,1233,484,0,12
"3624","060372372022","Block Group 2, Census Tract 2372.02, Los Angeles County, California",560,234,0,12,0,12,0,12,0,12,0,12,0,12,0,12,0,12,70,58,20,33,0,12,0,12,0,12,0,12,0,12,0,12,15,24,0,12,0,12,0,12,0,12,0,12,0,12,0,12,600,248,212,182,600,248,74,105,52,51,123,82,0,12,600,248,0,12,13,21,174,107,45,66,368,221,0,12
"3625","060372372013","Block Group 3, Census Tract 2372.01, Los Angeles County, California",888,258,0,12,0,12,0,12,0,12,0,12,0,12,0,12,0,12,63,49,43,38,0,12,0,12,0,12,0,12,0,12,0,12,0,12,4,7,0,12,0,12,0,12,0,12,0,12,0,12,934,277,355,216,934,277,12,18,60,37,24,31,0,12,934,277,0,12,0,12,379,198,13,18,542,227,0,12
"3626","060372372011","Block Group 1, Census Tract 2372.01, Los Angeles County, California",988,336,5,7,0,12,0,12,0,12,0,12,0,12,0,12,0,12,60,41,112,86,0,12,0,12,7,11,0,12,0,12,0,12,43,45,0,12,0,12,0,12,9,14,0,12,0,12,0,12,1070,362,172,145,1070,362,0,12,81,55,51,44,9,14,1070,362,66,79,0,12,40,39,0,12,964,349,0,12
"3627","060372371012","Block Group 2, Census Tract 2371.01, Los Angeles County, California",819,253,0,12,0,12,0,12,0,12,0,12,0,12,0,12,0,12,36,29,19,17,0,12,0,12,0,12,0,12,0,12,0,12,0,12,18,24,0,12,0,12,0,12,0,12,0,12,0,12,910,293,216,136,910,293,5,8,35,32,38,32,0,12,910,293,0,12,0,12,276,219,0,12,605,228,0,12
"3628","060372371013","Block Group 3, Census Tract 2371.01, Los Angeles County, California",270,180,0,12,0,12,0,12,0,12,0,12,0,12,0,12,0,12,87,66,19,29,0,12,0,12,0,12,0,12,0,12,0,12,18,20,7,11,0,12,0,12,0,12,0,12,0,12,0,12,288,206,35,35,288,206,0,12,20,31,20,24,0,12,288,206,0,12,0,12,21,17,0,12,267,215,0,12
"3629","060374629002","Block Group 2, Census Tract 4629, Los Angeles County, California",784,177,0,12,0,12,0,12,0,12,0,12,0,12,0,12,0,12,0,12,0,12,0,12,0,12,0,12,0,12,0,12,0,12,0,12,0,12,0,12,0,12,0,12,0,12,0,12,0,12,828,189,0,12,828,189,0,12,0,12,7,11,0,12,828,189,154,82,0,12,75,78,467,125,132,130,0,12
"3630","060374629003","Block Group 3, Census Tract 4629, Los Angeles County, California",1080,184,0,12,0,12,0,12,0,12,0,12,0,12,0,12,0,12,31,43,0,12,0,12,0,12,0,12,0,12,0,12,0,12,18,25,0,12,0,12,0,12,0,12,0,12,0,12,0,12,1195,208,121,94,1195,208,0,12,62,86,26,41,0,12,1195,208,144,79,0,12,3,7,469,130,503,215,0,12
"3631","060374043022","Block Group 2, Census Tract 4043.02, Los Angeles County, California",780,224,0,12,0,12,0,12,0,12,0,12,0,12,0,12,0,12,18,18,52,77,0,12,0,12,2,17,0,12,0,12,0,12,24,21,22,18,0,12,0,12,0,12,0,12,0,12,0,12,859,256,105,129,865,256,4,8,15,23,48,34,0,12,865,256,34,40,0,12,14,21,163,131,645,243,0,12
"3632","060374043021","Block Group 1, Census Tract 4043.02, Los Angeles County, California",1195,275,0,12,0,12,0,12,0,12,0,12,0,12,0,12,0,12,17,22,14,20,0,12,0,12,0,12,0,12,0,12,0,12,28,26,4,7,0,12,0,12,0,12,0,12,0,12,0,12,1311,316,40,37,1311,316,0,12,55,52,31,36,0,12,1311,316,219,130,0,12,6,9,123,63,963,300,0,12
"3633","060374334021","Block Group 1, Census Tract 4334.02, Los Angeles County, California",1876,463,38,59,0,12,0,12,0,12,0,12,0,12,0,12,0,12,329,191,162,107,0,12,0,12,45,34,39,49,0,12,0,12,48,46,0,12,0,12,0,12,36,59,50,50,0,12,0,12,1951,485,459,280,1951,485,6,10,186,157,221,119,0,12,1951,485,275,121,21,37,12,20,49,50,1514,456,0,12
"3634","060374334022","Block Group 2, Census Tract 4334.02, Los Angeles County, California",2518,552,0,12,0,12,0,12,0,12,0,12,0,12,0,12,0,12,268,144,251,150,0,12,0,12,36,32,66,60,0,12,0,12,67,66,108,98,0,12,7,15,33,35,15,22,0,12,0,12,2687,653,490,296,2694,654,17,26,150,111,287,114,0,12,2762,653,468,220,15,23,0,12,113,55,2081,682,37,60
"3635","060374610004","Block Group 4, Census Tract 4610, Los Angeles County, California",1648,431,21,25,0,12,0,12,0,12,0,12,0,12,0,12,0,12,46,42,23,27,0,12,0,12,0,12,0,12,0,12,0,12,0,12,0,12,0,12,0,12,0,12,0,12,0,12,0,12,1623,443,257,228,1623,443,18,25,50,60,130,88,7,12,1691,450,73,64,0,12,794,342,175,111,542,221,0,12
"3636","060374610003","Block Group 3, Census Tract 4610, Los Angeles County, California",1202,471,0,12,0,12,0,12,0,12,0,12,0,12,0,12,0,12,0,12,0,12,0,12,0,12,0,12,0,12,0,12,0,12,0,12,0,12,0,12,0,12,0,12,0,12,0,12,0,12,1254,473,74,64,1254,473,0,12,175,225,38,48,0,12,1254,473,22,34,0,12,733,521,124,71,340,196,0,12
"3637","060374610001","Block Group 1, Census Tract 4610, Los Angeles County, California",1278,442,0,12,0,12,0,12,0,12,0,12,0,12,0,12,0,12,33,48,0,12,0,12,0,12,12,20,0,12,0,12,0,12,45,48,0,12,0,12,0,12,21,35,0,12,0,12,0,12,1331,457,49,66,1331,457,0,12,76,66,20,31,0,12,1331,457,33,55,0,12,382,292,61,56,837,383,18,28
"3638","060374610002","Block Group 2, Census Tract 4610, Los Angeles County, California",1873,440,82,128,0,12,0,12,0,12,0,12,0,12,0,12,0,12,156,138,15,24,0,12,0,12,0,12,0,12,0,12,0,12,124,81,41,47,0,12,0,12,0,12,0,12,0,12,0,12,1973,481,144,120,1973,481,0,12,65,84,37,55,0,12,1973,481,105,81,0,12,280,184,201,93,1387,481,0,12
"3639","060374807022","Block Group 2, Census Tract 4807.02, Los Angeles County, California",2656,297,0,12,0,12,0,12,0,12,6,9,0,12,0,12,0,12,6,10,8,13,0,12,0,12,27,30,24,36,0,12,0,12,0,12,0,12,0,12,0,12,29,27,32,37,0,12,0,12,2857,302,81,62,2857,302,0,12,48,51,59,72,0,12,2857,302,1021,270,0,12,166,157,921,231,672,160,0,12
"3640","060374807021","Block Group 1, Census Tract 4807.02, Los Angeles County, California",1374,182,0,12,0,12,0,12,0,12,0,12,0,12,0,12,0,12,0,12,0,12,0,12,0,12,14,17,0,12,0,12,0,12,0,12,0,12,0,12,0,12,53,44,10,15,0,12,0,12,1427,198,26,23,1427,198,0,12,0,12,45,38,0,12,1427,198,802,183,0,12,48,34,511,141,43,37,0,12
"3641","060375303023","Block Group 3, Census Tract 5303.02, Los Angeles County, California",1775,552,0,12,0,12,0,12,0,12,0,12,0,12,0,12,0,12,256,136,174,137,0,12,0,12,0,12,0,12,0,12,0,12,19,21,31,38,0,12,0,12,0,12,0,12,0,12,0,12,1946,658,492,382,1946,658,34,55,89,96,291,203,0,12,1946,658,0,12,0,12,0,12,7,11,1939,658,0,12
"3642","060375303022","Block Group 2, Census Tract 5303.02, Los Angeles County, California",2590,525,94,106,0,12,0,12,0,12,0,12,0,12,0,12,0,12,344,147,8,13,0,12,0,12,8,12,0,12,0,12,0,12,60,64,38,30,0,12,0,12,0,12,8,12,0,12,0,12,2806,597,514,407,2806,597,0,12,108,77,148,129,0,12,2806,597,42,54,0,12,0,12,150,239,2614,590,0,12
"3643","060375303024","Block Group 4, Census Tract 5303.02, Los Angeles County, California",985,328,0,12,0,12,0,12,0,12,0,12,0,12,0,12,0,12,142,128,0,12,0,12,0,12,55,89,4,9,0,12,0,12,0,12,22,25,0,12,0,12,0,12,0,12,0,12,0,12,1015,333,143,106,1015,333,0,12,23,35,165,107,0,12,1015,333,118,176,0,12,4,8,89,63,804,299,0,12
"3644","060375321022","Block Group 2, Census Tract 5321.02, Los Angeles County, California",1531,341,0,12,0,12,0,12,0,12,0,12,0,12,0,12,0,12,86,52,36,35,0,12,0,12,15,21,0,12,0,12,0,12,29,35,0,12,0,12,0,12,17,22,0,12,0,12,0,12,1569,341,95,79,1631,358,0,12,0,12,162,88,7,16,1631,358,323,163,0,12,0,12,81,79,1227,336,0,12
"3645","060375339011","Block Group 1, Census Tract 5339.01, Los Angeles County, California",1212,300,0,12,0,12,0,12,0,12,0,12,0,12,0,12,0,12,206,103,29,33,0,12,0,12,0,12,0,12,0,12,0,12,100,70,34,36,0,12,0,12,0,12,0,12,0,12,0,12,1255,311,367,235,1255,311,0,12,23,35,53,47,0,12,1255,311,0,12,0,12,57,90,27,36,1171,308,0,12
"3646","060375339013","Block Group 3, Census Tract 5339.01, Los Angeles County, California",1206,364,0,12,0,12,0,12,0,12,0,12,0,12,0,12,0,12,69,50,101,79,0,12,0,12,0,12,0,12,0,12,0,12,32,29,26,29,0,12,0,12,0,12,0,12,0,12,0,12,1279,386,167,178,1279,386,26,30,137,73,138,94,0,12,1279,386,0,12,0,12,13,19,19,23,1225,395,0,12
"3647","060375339014","Block Group 4, Census Tract 5339.01, Los Angeles County, California",1581,349,0,12,0,12,0,12,0,12,0,12,0,12,0,12,0,12,231,122,47,47,0,12,0,12,0,12,0,12,0,12,0,12,68,63,46,47,0,12,0,12,0,12,0,12,0,12,0,12,1667,378,296,231,1667,378,9,15,30,28,171,105,11,18,1667,378,0,12,0,12,50,79,83,85,1513,384,0,12
"3648","060375340012","Block Group 2, Census Tract 5340.01, Los Angeles County, California",2819,451,7,12,0,12,0,12,0,12,0,12,0,12,0,12,0,12,457,162,178,122,0,12,0,12,0,12,0,12,0,12,0,12,93,57,139,84,0,12,0,12,0,12,0,12,0,12,0,12,2970,458,488,251,2970,458,23,35,300,137,242,125,13,21,2970,458,0,12,0,12,0,12,37,43,2927,451,6,11
"3649","060375344031","Block Group 1, Census Tract 5344.03, Los Angeles County, California",2596,221,14,15,4,7,0,12,0,12,0,12,0,12,0,12,0,12,511,153,161,56,0,12,0,12,0,12,0,12,0,12,0,12,72,51,109,64,0,12,0,12,0,12,0,12,0,12,0,12,2792,249,589,257,2795,249,42,34,207,108,378,125,14,21,2795,249,0,12,0,12,0,12,163,129,2632,248,0,12
"3650","060375344061","Block Group 1, Census Tract 5344.06, Los Angeles County, California",2508,441,0,12,0,12,0,12,0,12,0,12,0,12,0,12,0,12,386,161,129,69,0,12,0,12,0,12,0,12,0,12,0,12,20,30,115,104,0,12,0,12,0,12,0,12,0,12,0,12,2705,478,750,286,2705,478,43,68,143,85,108,92,0,12,2705,478,0,12,0,12,0,12,0,12,2705,478,0,12
"3651","060375345021","Block Group 1, Census Tract 5345.02, Los Angeles County, California",1696,384,81,77,0,12,0,12,0,12,0,12,0,12,0,12,0,12,228,99,131,94,0,12,0,12,0,12,0,12,0,12,0,12,81,60,70,68,0,12,0,12,0,12,0,12,0,12,0,12,1840,445,319,299,1840,445,0,12,204,127,85,76,20,31,1840,445,16,23,0,12,0,12,0,12,1817,448,0,12
"3652","060375345022","Block Group 2, Census Tract 5345.02, Los Angeles County, California",820,248,7,12,0,12,0,12,0,12,0,12,0,12,0,12,0,12,119,64,56,53,0,12,0,12,0,12,0,12,0,12,0,12,22,34,23,35,0,12,0,12,0,12,0,12,0,12,0,12,986,321,400,234,986,321,0,12,49,47,94,61,23,35,986,321,0,12,0,12,18,20,90,138,878,304,0,12
"3653","060375351015","Block Group 5, Census Tract 5351.01, Los Angeles County, California",1512,466,19,29,0,12,0,12,0,12,0,12,0,12,0,12,0,12,236,130,152,86,0,12,0,12,0,12,0,12,0,12,0,12,0,12,0,12,0,12,0,12,0,12,0,12,0,12,0,12,1774,555,626,357,1774,555,41,65,123,150,170,102,0,12,1774,555,0,12,0,12,180,156,25,22,1564,529,0,12
"3654","060375351012","Block Group 2, Census Tract 5351.01, Los Angeles County, California",1023,336,18,31,13,20,0,12,0,12,0,12,0,12,0,12,0,12,93,65,117,63,0,12,0,12,0,12,0,12,0,12,16,26,16,24,0,12,0,12,0,12,0,12,0,12,0,12,0,12,1134,353,312,214,1147,365,51,36,113,78,122,81,0,12,1147,365,0,12,0,12,31,39,0,12,1102,371,0,12
"3655","060375351014","Block Group 4, Census Tract 5351.01, Los Angeles County, California",1691,412,20,33,0,12,0,12,0,12,0,12,0,12,0,12,0,12,172,105,192,105,0,12,0,12,0,12,0,12,0,12,0,12,9,13,83,66,0,12,0,12,0,12,0,12,0,12,0,12,1815,460,377,223,1815,460,0,12,75,74,152,89,0,12,1815,460,0,12,0,12,256,138,0,12,1542,461,0,12
"3656","060375355031","Block Group 1, Census Tract 5355.03, Los Angeles County, California",2126,164,0,12,0,12,0,12,0,12,0,12,0,12,0,12,0,12,245,87,139,67,0,12,0,12,0,12,0,12,0,12,0,12,79,36,97,54,0,12,0,12,0,12,0,12,0,12,0,12,2225,176,315,138,2240,180,0,12,55,37,110,54,9,14,2240,180,0,12,0,12,0,12,8,14,2207,181,25,26
"3657","060375356042","Block Group 2, Census Tract 5356.04, Los Angeles County, California",2578,350,11,16,0,12,0,12,0,12,0,12,0,12,0,12,0,12,386,104,111,72,0,12,0,12,0,12,0,12,0,12,0,12,81,42,116,64,0,12,0,12,0,12,0,12,0,12,0,12,2803,383,473,198,2826,385,34,41,248,93,229,88,11,17,2826,385,0,12,0,12,0,12,16,16,2810,384,0,12
"3658","060372713003","Block Group 3, Census Tract 2713, Los Angeles County, California",1257,273,0,12,0,12,0,12,0,12,0,12,0,12,0,12,0,12,0,12,0,12,0,12,0,12,0,12,0,12,0,12,0,12,0,12,0,12,0,12,0,12,0,12,0,12,0,12,0,12,1314,280,89,87,1314,280,0,12,23,36,38,65,0,12,1314,280,289,142,0,12,0,12,824,269,183,163,0,12
"3659","060372713002","Block Group 2, Census Tract 2713, Los Angeles County, California",1137,277,0,12,0,12,0,12,0,12,0,12,0,12,0,12,0,12,0,12,0,12,0,12,0,12,0,12,0,12,0,12,0,12,0,12,0,12,0,12,0,12,0,12,0,12,0,12,0,12,1230,309,42,39,1231,309,0,12,47,75,0,12,0,12,1231,309,145,145,0,12,25,37,710,266,249,141,0,12
"3660","060372966002","Block Group 2, Census Tract 2966, Los Angeles County, California",584,187,0,12,0,12,0,12,0,12,0,12,0,12,0,12,0,12,20,23,19,30,0,12,0,12,0,12,0,12,0,12,0,12,0,12,0,12,0,12,0,12,0,12,0,12,0,12,0,12,608,203,141,94,595,197,0,12,58,59,32,28,0,12,608,203,37,40,0,12,92,70,178,97,282,161,0,12
"3661","060372966003","Block Group 3, Census Tract 2966, Los Angeles County, California",948,329,21,31,0,12,0,12,0,12,11,17,0,12,0,12,0,12,19,29,0,12,0,12,0,12,0,12,0,12,0,12,0,12,0,12,0,12,0,12,0,12,0,12,0,12,0,12,0,12,1058,417,33,31,1069,419,11,17,30,37,125,109,0,12,1069,419,17,18,0,12,61,101,248,118,729,445,5,13
"3662","060372966004","Block Group 4, Census Tract 2966, Los Angeles County, California",1894,418,0,12,0,12,0,12,0,12,0,12,0,12,0,12,0,12,264,173,10,17,0,12,0,12,0,12,0,12,0,12,0,12,25,40,26,38,0,12,0,12,0,12,0,12,0,12,0,12,2085,528,258,124,2085,528,20,34,109,86,88,62,0,12,2085,528,4,8,0,12,158,99,225,103,1641,549,0,12
"3663","060372975002","Block Group 2, Census Tract 2975, Los Angeles County, California",664,398,0,12,0,12,0,12,0,12,0,12,0,12,0,12,0,12,0,12,0,12,0,12,0,12,0,12,0,12,0,12,0,12,0,12,0,12,0,12,0,12,0,12,0,12,0,12,0,12,664,398,0,12,664,398,0,12,17,28,0,12,0,12,664,398,0,12,0,12,0,12,418,162,246,293,0,12
"3664","060372975003","Block Group 3, Census Tract 2975, Los Angeles County, California",591,184,0,12,0,12,0,12,0,12,0,12,0,12,0,12,0,12,0,12,0,12,0,12,0,12,0,12,0,12,0,12,0,12,0,12,0,12,0,12,0,12,0,12,0,12,0,12,0,12,615,194,0,12,608,193,0,12,0,12,0,12,0,12,615,194,78,110,0,12,67,103,254,106,216,152,0,12
"3665","060376025062","Block Group 2, Census Tract 6025.06, Los Angeles County, California",2236,353,11,17,11,16,0,12,0,12,0,12,0,12,0,12,0,12,114,79,9,15,14,20,9,13,32,36,0,12,0,12,0,12,0,12,0,12,0,12,0,12,0,12,0,12,0,12,0,12,2576,406,519,317,2576,406,38,43,145,111,147,81,0,12,2576,406,97,78,0,12,940,269,131,71,1215,388,0,12
"3666","060376025041","Block Group 1, Census Tract 6025.04, Los Angeles County, California",2858,406,21,33,0,12,0,12,0,12,0,12,0,12,0,12,0,12,147,92,35,36,0,12,0,12,32,25,0,12,0,12,47,72,0,12,18,28,0,12,0,12,0,12,0,12,0,12,0,12,3173,456,369,240,3173,456,69,57,312,146,245,135,18,28,3173,456,334,162,0,12,1163,308,369,253,1269,441,0,12
"3667","060376025042","Block Group 2, Census Tract 6025.04, Los Angeles County, California",1696,473,13,19,0,12,0,12,0,12,0,12,0,12,0,12,0,12,69,59,20,31,16,27,17,26,7,12,0,12,0,12,0,12,11,19,8,17,0,12,0,12,0,12,8,16,0,12,0,12,1740,476,584,441,1772,480,28,31,72,53,51,50,0,12,1788,484,74,60,0,12,607,212,98,93,976,473,0,12
"3668","060376003032","Block Group 2, Census Tract 6003.03, Los Angeles County, California",1343,414,0,12,0,12,0,12,0,12,0,12,0,12,0,12,0,12,90,70,68,111,0,12,0,12,0,12,0,12,0,12,0,12,0,12,0,12,0,12,0,12,0,12,0,12,0,12,0,12,1463,486,766,372,1463,486,53,63,115,135,179,127,0,12,1463,486,0,12,0,12,493,203,0,12,945,469,0,12
"3669","060376003033","Block Group 3, Census Tract 6003.03, Los Angeles County, California",1827,538,5,11,0,12,0,12,0,12,0,12,0,12,0,12,0,12,209,141,29,56,0,12,0,12,0,12,0,12,0,12,0,12,0,12,34,45,0,12,0,12,0,12,0,12,0,12,0,12,1982,586,371,251,1982,586,10,17,95,85,49,52,0,12,1982,586,2,4,0,12,642,345,43,57,1294,503,0,12
"3670","060371837011","Block Group 1, Census Tract 1837.01, Los Angeles County, California",1291,301,0,12,0,12,0,12,0,12,0,12,0,12,0,12,0,12,85,79,44,49,0,12,0,12,0,12,0,12,0,12,0,12,28,43,0,12,0,12,0,12,8,12,0,12,0,12,0,12,1330,305,42,47,1330,305,30,46,86,84,142,116,0,12,1330,305,277,207,0,12,0,12,256,128,721,282,0,12
"3671","060371837012","Block Group 2, Census Tract 1837.01, Los Angeles County, California",1341,363,0,12,0,12,0,12,0,12,0,12,0,12,0,12,0,12,12,26,0,12,0,12,0,12,0,12,0,12,0,12,0,12,25,26,17,22,0,12,0,12,0,12,0,12,0,12,0,12,1373,360,108,109,1373,360,0,12,25,24,65,56,0,12,1373,360,38,38,0,12,37,43,294,142,983,314,21,30
"3672","060371834022","Block Group 2, Census Tract 1834.02, Los Angeles County, California",1440,183,0,12,0,12,0,12,0,12,0,12,0,12,0,12,0,12,7,12,0,12,0,12,0,12,42,33,0,12,14,21,0,12,21,33,7,10,0,12,0,12,5,8,9,11,0,12,0,12,1389,176,125,56,1444,177,7,10,12,13,68,39,0,12,1481,176,590,138,0,12,79,57,373,74,362,135,0,12
"3673","060371834021","Block Group 1, Census Tract 1834.02, Los Angeles County, California",1444,362,0,12,0,12,0,12,0,12,0,12,0,12,0,12,0,12,107,54,0,12,0,12,0,12,41,53,0,12,0,12,0,12,18,25,0,12,0,12,0,12,36,28,50,45,0,12,0,12,1504,373,306,173,1481,376,13,14,104,77,40,32,0,12,1525,378,345,163,0,12,3,6,317,217,790,208,6,10
"3674","060371834011","Block Group 1, Census Tract 1834.01, Los Angeles County, California",1457,294,0,12,0,12,0,12,0,12,0,12,11,16,0,12,0,12,57,48,22,24,0,12,0,12,4,7,0,12,0,12,0,12,0,12,19,21,0,12,0,12,0,12,0,12,0,12,0,12,1505,330,182,161,1543,331,24,33,31,39,48,46,0,12,1543,331,271,94,11,16,0,12,332,83,876,298,0,12
"3675","060371834012","Block Group 2, Census Tract 1834.01, Los Angeles County, California",952,246,72,86,0,12,0,12,0,12,0,12,0,12,0,12,0,12,54,64,0,12,0,12,0,12,13,17,0,12,0,12,0,12,6,9,6,8,0,12,0,12,0,12,54,52,0,12,0,12,988,256,209,111,988,256,0,12,7,11,40,33,0,12,988,256,161,81,0,12,6,8,251,130,558,198,0,12
"3676","060371832222","Block Group 2, Census Tract 1832.22, Los Angeles County, California",1392,355,0,12,0,12,0,12,0,12,0,12,0,12,0,12,0,12,12,20,0,12,9,13,0,12,0,12,0,12,0,12,0,12,64,41,37,34,11,17,0,12,0,12,0,12,0,12,0,12,1515,339,192,120,1515,339,39,61,23,30,56,58,22,28,1515,339,151,106,0,12,89,55,548,145,701,343,0,12
"3677","060371832221","Block Group 1, Census Tract 1832.22, Los Angeles County, California",789,234,0,12,0,12,0,12,0,12,0,12,0,12,0,12,0,12,16,26,15,24,0,12,0,12,0,12,0,12,0,12,0,12,20,33,0,12,0,12,0,12,23,31,0,12,0,12,0,12,809,245,62,62,809,245,0,12,40,43,22,25,0,12,809,245,223,166,0,12,0,12,286,136,300,196,0,12
"3678","060371832223","Block Group 3, Census Tract 1832.22, Los Angeles County, California",1105,235,13,20,0,12,0,12,0,12,0,12,0,12,0,12,0,12,53,48,0,12,0,12,0,12,0,12,11,23,0,12,0,12,9,15,18,22,0,12,0,12,10,15,0,12,0,12,0,12,1162,240,50,69,1148,232,0,12,21,25,47,41,0,12,1169,240,214,160,0,12,22,24,403,128,393,176,0,12
"3679","060371832211","Block Group 1, Census Tract 1832.21, Los Angeles County, California",699,251,0,12,0,12,0,12,0,12,0,12,0,12,0,12,0,12,75,73,26,41,0,12,0,12,0,12,0,12,0,12,0,12,0,12,6,10,0,12,0,12,0,12,0,12,0,12,0,12,656,255,20,29,656,255,0,12,0,12,88,111,0,12,731,262,75,53,0,12,1,10,217,89,435,249,0,12
"3680","060371832212","Block Group 2, Census Tract 1832.21, Los Angeles County, California",2654,333,0,12,0,12,0,12,0,12,0,12,0,12,0,12,0,12,268,136,82,67,0,12,0,12,0,12,0,12,0,12,0,12,29,30,63,56,0,12,0,12,46,42,0,12,0,12,0,12,2791,353,586,322,2791,353,16,21,157,89,237,111,9,16,2791,353,269,121,0,12,0,12,386,116,2087,349,12,24
"3681","060371436031","Block Group 1, Census Tract 1436.03, Los Angeles County, California",2277,192,0,12,0,12,0,12,0,12,0,12,0,12,0,12,0,12,9,13,0,12,0,12,0,12,0,12,0,12,0,12,0,12,0,12,0,12,8,12,0,12,0,12,15,23,0,12,0,12,2392,203,166,72,2392,203,10,15,44,37,103,59,0,12,2392,203,230,119,0,12,60,68,1785,168,170,63,0,12
"3682","060371132342","Block Group 2, Census Tract 1132.34, Los Angeles County, California",3488,541,38,43,0,12,76,115,0,12,11,20,0,12,0,12,0,12,398,154,153,84,0,12,25,38,31,32,0,12,0,12,0,12,24,27,65,72,0,12,0,12,18,23,0,12,0,12,0,12,3861,588,637,405,3881,598,10,15,93,75,69,56,40,61,3881,598,830,242,0,12,182,169,872,320,1898,437,0,12
"3683","060371133211","Block Group 1, Census Tract 1133.21, Los Angeles County, California",3682,482,0,12,0,12,0,12,0,12,0,12,0,12,0,12,0,12,95,100,0,12,20,31,0,12,56,69,0,12,0,12,0,12,0,12,23,38,0,12,0,12,0,12,0,12,0,12,0,12,3873,504,523,313,3873,504,0,12,48,75,115,92,0,12,3873,504,692,324,16,30,352,261,1222,332,1516,499,0,12
"3684","060372397012","Block Group 2, Census Tract 2397.01, Los Angeles County, California",1735,444,0,12,0,12,0,12,0,12,0,12,0,12,0,12,0,12,374,188,57,42,0,12,0,12,0,12,0,12,0,12,0,12,41,36,36,33,0,12,0,12,0,12,0,12,0,12,0,12,1911,522,889,509,1959,544,0,12,95,58,157,97,21,32,1959,544,0,12,0,12,249,169,0,12,1710,596,0,12
"3685","060372396021","Block Group 1, Census Tract 2396.02, Los Angeles County, California",1883,358,12,20,0,12,0,12,0,12,0,12,0,12,0,12,0,12,248,86,96,50,0,12,0,12,0,12,0,12,0,12,0,12,13,17,39,30,0,12,0,12,0,12,0,12,0,12,0,12,2057,393,687,257,2061,394,11,18,47,45,155,93,11,13,2061,394,17,29,0,12,378,202,0,12,1666,344,0,12
"3686","060372396022","Block Group 2, Census Tract 2396.02, Los Angeles County, California",1782,275,11,18,12,19,0,12,0,12,0,12,0,12,0,12,0,12,273,78,99,49,0,12,0,12,0,12,0,12,0,12,0,12,23,21,9,15,0,12,0,12,0,12,0,12,0,12,0,12,1955,327,830,314,1955,327,53,73,24,22,133,60,9,15,1955,327,0,12,0,12,409,203,20,21,1526,312,0,12
"3687","060372396012","Block Group 2, Census Tract 2396.01, Los Angeles County, California",1661,323,6,10,0,12,0,12,0,12,0,12,0,12,0,12,0,12,219,93,106,73,0,12,0,12,0,12,0,12,0,12,0,12,11,17,11,20,0,12,0,12,0,12,0,12,0,12,0,12,1843,351,647,252,1843,351,32,34,121,62,168,104,3,7,1843,351,3,5,0,12,411,150,12,18,1340,336,6,9
"3688","060372396011","Block Group 1, Census Tract 2396.01, Los Angeles County, California",1691,332,14,20,0,12,0,12,0,12,0,12,0,12,0,12,0,12,223,73,164,85,0,12,0,12,0,12,0,12,0,12,0,12,0,12,42,39,0,12,0,12,0,12,0,12,0,12,0,12,1831,368,388,257,1839,370,103,88,150,94,299,131,34,38,1839,370,6,9,0,12,263,161,6,9,1564,337,0,12
"3689","060372395022","Block Group 2, Census Tract 2395.02, Los Angeles County, California",1216,381,0,12,0,12,0,12,0,12,0,12,0,12,0,12,0,12,146,72,216,125,0,12,0,12,0,12,0,12,0,12,0,12,0,12,23,19,0,12,0,12,0,12,0,12,0,12,0,12,1271,355,300,182,1326,397,23,25,86,58,165,87,8,14,1326,397,0,12,0,12,198,113,0,12,1128,390,0,12
"3690","060372395021","Block Group 1, Census Tract 2395.02, Los Angeles County, California",1285,302,0,12,0,12,0,12,0,12,0,12,0,12,0,12,0,12,154,81,102,56,0,12,0,12,0,12,0,12,0,12,0,12,0,12,20,22,0,12,0,12,0,12,0,12,0,12,0,12,1386,313,518,213,1386,313,65,79,89,52,94,64,0,12,1386,313,0,12,0,12,239,133,8,11,1126,304,0,12
"3691","060372395023","Block Group 3, Census Tract 2395.02, Los Angeles County, California",1251,285,0,12,0,12,0,12,0,12,0,12,0,12,0,12,0,12,45,38,32,37,0,12,0,12,0,12,0,12,0,12,0,12,18,25,0,12,0,12,0,12,0,12,0,12,0,12,0,12,1304,295,233,155,1304,295,0,12,87,56,60,38,0,12,1304,295,0,12,0,12,412,149,0,12,885,289,0,12
"3692","060372395012","Block Group 2, Census Tract 2395.01, Los Angeles County, California",1073,249,0,12,0,12,0,12,0,12,0,12,0,12,0,12,0,12,165,72,91,63,0,12,0,12,0,12,0,12,0,12,0,12,0,12,8,14,0,12,0,12,0,12,0,12,0,12,0,12,1191,269,407,197,1191,269,19,27,89,70,71,41,0,12,1191,269,0,12,0,12,242,136,5,8,944,236,0,12
"3693","060372395011","Block Group 1, Census Tract 2395.01, Los Angeles County, California",1093,263,20,26,0,12,0,12,0,12,0,12,0,12,0,12,0,12,80,40,147,83,0,12,0,12,0,12,0,12,0,12,0,12,0,12,18,21,0,12,0,12,0,12,0,12,0,12,0,12,1147,273,282,168,1147,273,10,20,98,67,126,72,9,14,1147,273,16,16,0,12,403,195,10,13,714,218,0,12
"3694","060372395013","Block Group 3, Census Tract 2395.01, Los Angeles County, California",1221,298,5,10,0,12,0,12,0,12,0,12,0,12,0,12,0,12,190,74,88,56,0,12,0,12,0,12,0,12,0,12,0,12,63,49,19,22,0,12,0,12,0,12,0,12,0,12,0,12,1377,317,176,139,1391,326,0,12,91,65,85,64,13,20,1391,326,0,12,0,12,170,124,44,50,1173,270,0,12
"3695","060375020053","Block Group 3, Census Tract 5020.05, Los Angeles County, California",1963,424,16,26,0,12,0,12,0,12,0,12,0,12,0,12,0,12,37,46,18,29,10,16,0,12,21,31,0,12,0,12,0,12,0,12,0,12,0,12,0,12,5,13,0,12,0,12,0,12,1986,426,177,142,2033,426,0,12,89,77,13,17,0,12,2033,426,90,98,0,12,10,17,528,269,1373,415,0,12
"3696","060375020051","Block Group 1, Census Tract 5020.05, Los Angeles County, California",1277,339,0,12,0,12,0,12,0,12,0,12,0,12,0,12,0,12,0,12,0,12,0,12,0,12,0,12,0,12,0,12,0,12,32,34,0,12,0,12,0,12,0,12,0,12,0,12,0,12,1413,411,33,45,1413,411,2,6,13,19,56,51,0,12,1413,411,0,12,0,12,58,79,248,132,952,383,0,12
"3697","060375020052","Block Group 2, Census Tract 5020.05, Los Angeles County, California",1348,343,0,12,0,12,0,12,0,12,0,12,0,12,0,12,0,12,68,62,166,139,0,12,0,12,0,12,0,12,0,12,0,12,14,21,27,38,0,12,0,12,0,12,0,12,0,12,0,12,1484,360,220,174,1484,360,0,12,85,122,89,103,0,12,1484,360,0,12,0,12,0,12,231,113,1162,384,0,12
"3698","060375020042","Block Group 2, Census Tract 5020.04, Los Angeles County, California",2584,324,39,24,0,12,0,12,0,12,0,12,0,12,0,12,0,12,157,96,66,41,0,12,0,12,7,10,0,12,0,12,0,12,50,32,78,67,0,12,0,12,0,12,0,12,0,12,0,12,2750,354,370,246,2750,354,24,28,158,74,190,105,23,30,2757,354,63,45,0,12,2,3,151,63,2491,369,0,12
"3699","060379203321","Block Group 1, Census Tract 9203.32, Los Angeles County, California",1649,213,5,8,0,12,0,12,0,12,0,12,0,12,0,12,0,12,12,12,0,12,6,12,0,12,14,15,0,12,15,22,0,12,0,12,0,12,0,12,0,12,0,12,0,12,0,12,0,12,929,157,48,37,1681,218,3,6,89,51,55,33,0,12,1681,218,90,59,0,12,12,21,1121,217,380,110,13,11
"3700","060379203322","Block Group 2, Census Tract 9203.32, Los Angeles County, California",721,124,0,12,0,12,0,12,0,12,0,12,0,12,0,12,0,12,11,17,0,12,0,12,0,12,6,8,0,12,0,12,0,12,0,12,6,9,0,12,0,12,0,12,0,12,0,12,0,12,747,120,26,24,757,118,0,12,0,12,0,12,7,10,757,118,16,18,8,11,0,12,462,94,232,96,0,12
"3701","060371014002","Block Group 2, Census Tract 1014, Los Angeles County, California",1346,293,0,12,0,12,0,12,0,12,0,12,0,12,0,12,0,12,0,12,0,12,14,14,0,12,31,28,11,18,0,12,0,12,1,13,0,12,34,46,21,24,7,10,9,14,0,12,0,12,1344,294,172,153,1354,296,0,12,0,12,7,12,1,13,1354,296,242,124,0,12,0,12,1005,285,107,68,0,12
"3702","060371014001","Block Group 1, Census Tract 1014, Los Angeles County, California",806,174,0,12,0,12,0,12,0,12,0,12,0,12,0,12,0,12,22,34,0,12,43,46,0,12,30,47,0,12,0,12,0,12,21,33,0,12,0,12,0,12,0,12,0,12,0,12,0,12,864,179,62,69,864,179,0,12,28,39,27,31,0,12,864,179,69,108,0,12,0,12,568,168,209,158,0,12
"3703","060371043102","Block Group 2, Census Tract 1043.10, Los Angeles County, California",1310,344,0,12,0,12,0,12,0,12,0,12,0,12,0,12,0,12,174,91,33,31,0,12,0,12,0,12,0,12,0,12,0,12,30,24,31,29,0,12,0,12,0,12,0,12,0,12,0,12,1433,382,163,164,1433,382,19,28,42,29,96,64,0,12,1433,382,12,17,0,12,52,65,11,12,1347,379,0,12
"3704","060371043101","Block Group 1, Census Tract 1043.10, Los Angeles County, California",1831,688,0,12,0,12,0,12,0,12,0,12,0,12,0,12,0,12,159,91,93,97,0,12,0,12,0,12,0,12,0,12,0,12,59,44,43,55,0,12,0,12,0,12,0,12,0,12,0,12,2044,795,139,94,2061,798,21,23,119,95,166,80,15,23,2061,798,0,12,0,12,44,58,24,33,1968,797,8,11
"3705","060371064032","Block Group 2, Census Tract 1064.03, Los Angeles County, California",1368,395,0,12,13,20,0,12,0,12,0,12,0,12,0,12,0,12,53,45,23,23,0,12,0,12,0,12,0,12,0,12,0,12,11,14,17,27,0,12,0,12,0,12,0,12,0,12,0,12,1448,431,112,137,1480,436,32,48,20,25,127,113,0,12,1480,436,0,12,0,12,0,12,32,34,1448,434,0,12
"3706","060371064033","Block Group 3, Census Tract 1064.03, Los Angeles County, California",977,477,48,55,0,12,0,12,0,12,0,12,0,12,0,12,0,12,158,102,4,7,0,12,0,12,0,12,0,12,0,12,0,12,36,55,74,65,0,12,0,12,0,12,0,12,0,12,0,12,1035,524,17,15,1046,527,0,12,33,26,43,27,0,12,1046,527,0,12,0,12,41,60,68,58,937,520,0,12
"3707","060371065201","Block Group 1, Census Tract 1065.20, Los Angeles County, California",2302,479,8,12,0,12,0,12,0,12,0,12,0,12,0,12,0,12,160,91,64,67,0,12,0,12,0,12,0,12,0,12,0,12,0,12,48,53,0,12,0,12,0,12,0,12,0,12,0,12,2433,488,376,239,2433,488,23,36,181,120,207,177,0,12,2433,488,75,74,0,12,2,5,336,147,2008,485,0,12
"3708","060375753003","Block Group 3, Census Tract 5753, Los Angeles County, California",1689,386,0,12,0,12,0,12,0,12,0,12,0,12,0,12,0,12,139,104,134,93,0,12,0,12,0,12,0,12,0,12,0,12,0,12,16,17,0,12,0,12,34,38,0,12,0,12,0,12,1868,449,492,292,1908,447,6,9,123,94,159,111,0,12,1908,447,234,157,0,12,208,157,106,59,1316,438,21,14
"3709","060375753002","Block Group 2, Census Tract 5753, Los Angeles County, California",1272,354,0,12,0,12,0,12,0,12,0,12,0,12,0,12,0,12,172,117,45,39,0,12,0,12,19,33,25,29,0,12,0,12,22,38,0,12,0,12,0,12,79,57,8,12,0,12,0,12,1403,395,356,227,1433,399,45,72,56,52,83,67,0,12,1433,399,322,140,0,12,58,58,48,57,990,365,0,12
"3710","060375754013","Block Group 3, Census Tract 5754.01, Los Angeles County, California",868,276,15,22,0,12,0,12,0,12,0,12,0,12,0,12,0,12,206,116,48,42,0,12,0,12,0,12,0,12,0,12,0,12,0,12,45,48,0,12,0,12,0,12,0,12,0,12,0,12,1023,327,318,201,1023,327,59,73,143,71,62,48,25,39,1023,327,0,12,0,12,68,56,87,67,863,338,5,9
"3711","060375754012","Block Group 2, Census Tract 5754.01, Los Angeles County, California",385,193,0,12,0,12,0,12,0,12,0,12,0,12,0,12,0,12,17,20,0,12,0,12,0,12,0,12,0,12,0,12,0,12,0,12,12,20,0,12,0,12,0,12,0,12,0,12,0,12,429,224,56,46,429,224,0,12,77,67,51,62,0,12,429,224,17,24,0,12,21,25,7,10,384,237,0,12
"3712","060375755001","Block Group 1, Census Tract 5755, Los Angeles County, California",93,81,0,12,0,12,0,12,0,12,0,12,0,12,0,12,0,12,13,20,0,12,0,12,0,12,0,12,0,12,0,12,0,12,12,19,0,12,0,12,0,12,0,12,0,12,0,12,0,12,93,81,67,76,93,81,0,12,0,12,0,12,0,12,93,81,0,12,0,12,0,12,12,19,81,88,0,12
"3713","060374048013","Block Group 3, Census Tract 4048.01, Los Angeles County, California",2052,463,0,12,0,12,0,12,0,12,0,12,0,12,0,12,0,12,196,103,56,52,0,12,0,12,16,26,27,31,0,12,0,12,29,25,58,61,0,12,0,12,0,12,0,12,0,12,0,12,2239,522,44,50,2239,522,0,12,81,71,163,114,0,12,2239,522,308,267,0,12,20,30,63,76,1848,441,0,12
"3714","060374048014","Block Group 4, Census Tract 4048.01, Los Angeles County, California",1660,420,0,12,0,12,0,12,0,12,0,12,0,12,0,12,0,12,92,63,73,56,0,12,0,12,47,53,70,79,0,12,0,12,17,19,92,70,0,12,0,12,19,31,0,12,0,12,0,12,1815,462,298,195,1815,462,3,7,5,12,109,90,0,12,1815,462,540,332,0,12,42,53,12,19,1221,396,0,12
"3715","060374048012","Block Group 2, Census Tract 4048.01, Los Angeles County, California",1419,317,0,12,21,31,0,12,0,12,0,12,0,12,0,12,0,12,86,62,66,62,0,12,0,12,11,17,0,12,0,12,0,12,35,42,86,57,0,12,0,12,20,30,25,29,0,12,0,12,1450,349,255,187,1479,353,17,27,19,24,83,58,19,31,1519,352,187,127,0,12,15,15,127,111,1178,362,0,12
"3716","060375508002","Block Group 2, Census Tract 5508, Los Angeles County, California",739,300,0,12,0,12,0,12,0,12,0,12,0,12,0,12,0,12,39,43,0,12,0,12,0,12,0,12,0,12,0,12,0,12,102,132,0,12,0,12,0,12,0,12,46,78,0,12,0,12,832,321,52,93,832,321,0,12,0,12,0,12,0,12,832,321,72,105,0,12,0,12,86,87,674,277,0,12
"3717","060375508001","Block Group 1, Census Tract 5508, Los Angeles County, California",948,391,0,12,0,12,0,12,0,12,0,12,0,12,0,12,0,12,0,12,53,77,0,12,0,12,50,52,0,12,0,12,0,12,65,106,68,112,0,12,0,12,49,51,0,12,0,12,0,12,1086,540,133,219,1086,540,0,12,28,48,13,24,0,12,1086,540,232,169,0,12,0,12,108,65,735,504,0,12
"3718","060375508007","Block Group 7, Census Tract 5508, Los Angeles County, California",926,423,0,12,0,12,0,12,0,12,0,12,0,12,0,12,0,12,0,12,0,12,0,12,0,12,0,12,0,12,0,12,0,12,0,12,0,12,0,12,0,12,0,12,0,12,0,12,0,12,1097,508,51,52,1097,508,26,47,93,89,75,74,0,12,1097,508,0,12,0,12,54,94,155,172,888,497,0,12
"3719","060375703011","Block Group 1, Census Tract 5703.01, Los Angeles County, California",2723,747,24,45,0,12,0,12,0,12,0,12,0,12,0,12,0,12,349,376,11,17,0,12,0,12,24,38,0,12,0,12,0,12,20,23,0,12,20,31,0,12,0,12,0,12,0,12,0,12,3023,844,615,524,3023,844,0,12,152,133,416,243,0,12,3023,844,89,89,60,87,334,242,175,133,2349,808,0,12
"3720","060376041003","Block Group 3, Census Tract 6041, Los Angeles County, California",1134,346,0,12,0,12,0,12,0,12,0,12,0,12,0,12,0,12,33,39,31,47,0,12,0,12,0,12,0,12,0,12,0,12,0,12,27,45,0,12,0,12,0,12,0,12,0,12,0,12,1099,332,116,137,1134,346,0,12,34,54,54,64,0,12,1134,346,57,87,0,12,171,249,322,268,535,314,0,12
"3721","060376041004","Block Group 4, Census Tract 6041, Los Angeles County, California",2024,645,0,12,0,12,0,12,0,12,0,12,0,12,0,12,0,12,29,38,15,25,0,12,0,12,53,61,31,47,0,12,0,12,0,12,11,18,0,12,0,12,31,46,0,12,0,12,0,12,2076,652,496,470,2076,652,36,59,41,56,218,133,11,18,2076,652,197,165,0,12,397,497,644,234,746,555,24,38
"3722","060376041005","Block Group 5, Census Tract 6041, Los Angeles County, California",1084,380,0,12,0,12,0,12,0,12,0,12,0,12,0,12,0,12,133,102,78,96,0,12,0,12,0,12,0,12,9,14,0,12,0,12,0,12,0,12,0,12,0,12,0,12,0,12,0,12,1246,458,248,257,1246,458,0,12,106,85,297,205,0,12,1246,458,55,56,0,12,75,108,143,144,949,489,0,12
"3723","060375738003","Block Group 3, Census Tract 5738, Los Angeles County, California",1177,292,0,12,0,12,0,12,0,12,0,12,0,12,0,12,0,12,8,12,0,12,0,12,0,12,0,12,0,12,0,12,0,12,0,12,0,12,0,12,0,12,0,12,0,12,0,12,0,12,1223,296,29,27,1223,296,8,12,44,36,0,12,0,12,1223,296,91,70,0,12,0,12,725,267,352,175,0,12
"3724","060378003242","Block Group 2, Census Tract 8003.24, Los Angeles County, California",1576,392,0,12,0,12,0,12,0,12,0,12,0,12,0,12,0,12,0,12,0,12,0,12,0,12,36,53,0,12,0,12,0,12,0,12,0,12,0,12,0,12,0,12,0,12,0,12,0,12,1687,406,37,58,1687,406,0,12,42,54,22,38,0,12,1687,406,126,112,0,12,23,36,1302,365,174,102,0,12
"3725","060378003244","Block Group 4, Census Tract 8003.24, Los Angeles County, California",2141,510,0,12,0,12,0,12,0,12,0,12,0,12,0,12,0,12,0,12,0,12,0,12,0,12,0,12,0,12,0,12,0,12,0,12,0,12,0,12,0,12,0,12,0,12,0,12,0,12,2241,517,57,51,2241,517,0,12,28,44,95,99,0,12,2241,517,412,172,0,12,119,171,1615,460,42,51,0,12
"3726","060371222003","Block Group 3, Census Tract 1222, Los Angeles County, California",636,205,0,12,0,12,0,12,0,12,0,12,0,12,0,12,0,12,93,75,0,12,3,6,0,12,0,12,0,12,0,12,0,12,6,10,0,12,3,6,0,12,0,12,0,12,0,12,0,12,651,207,164,142,651,207,0,12,0,12,33,49,0,12,651,207,0,12,0,12,0,12,125,119,526,206,0,12
"3727","060371224201","Block Group 1, Census Tract 1224.20, Los Angeles County, California",903,209,0,12,0,12,0,12,0,12,0,12,0,12,0,12,0,12,85,65,90,91,14,22,0,12,0,12,0,12,0,12,0,12,41,42,12,29,62,65,0,12,0,12,0,12,0,12,0,12,912,209,152,92,912,209,0,12,44,39,48,39,0,12,912,209,78,53,0,12,49,50,251,144,528,204,0,12
"3728","060371232042","Block Group 2, Census Tract 1232.04, Los Angeles County, California",607,184,0,12,0,12,0,12,0,12,0,12,0,12,0,12,0,12,53,31,8,12,0,12,0,12,0,12,0,12,0,12,0,12,9,15,7,11,10,17,0,12,0,12,0,12,0,12,0,12,603,183,112,78,607,184,0,12,5,8,30,25,0,12,607,184,27,33,0,12,17,27,243,105,302,164,0,12
"3729","060371151041","Block Group 1, Census Tract 1151.04, Los Angeles County, California",720,202,0,12,0,12,0,12,0,12,0,12,0,12,0,12,0,12,7,14,0,12,0,12,0,12,0,12,0,12,0,12,0,12,22,55,0,12,0,12,0,12,0,12,0,12,0,12,0,12,754,196,93,59,754,196,0,12,0,12,19,29,0,12,754,196,19,26,0,12,30,48,504,125,201,120,0,12
"3730","060371131022","Block Group 2, Census Tract 1131.02, Los Angeles County, California",1562,250,0,12,0,12,0,12,0,12,0,12,0,12,0,12,0,12,2,5,0,12,0,12,0,12,0,12,0,12,0,12,0,12,0,12,0,12,0,12,20,30,0,12,11,15,0,12,0,12,1594,254,34,29,1594,254,0,12,19,20,0,12,0,12,1594,254,125,98,0,12,48,88,1095,233,326,130,0,12
"3731","060374622021","Block Group 1, Census Tract 4622.02, Los Angeles County, California",1313,290,0,12,0,12,0,12,0,12,0,12,0,12,0,12,0,12,0,12,0,12,6,11,0,12,31,39,0,12,0,12,0,12,0,12,0,12,0,12,0,12,33,40,5,11,0,12,0,12,1350,291,256,244,1342,292,0,12,42,43,10,16,0,12,1350,291,323,90,0,12,117,75,691,207,195,128,0,12
"3732","060371852031","Block Group 1, Census Tract 1852.03, Los Angeles County, California",1815,360,7,11,0,12,0,12,0,12,0,12,0,12,0,12,0,12,282,126,55,44,0,12,0,12,44,24,7,7,0,12,0,12,38,25,31,33,0,12,0,12,10,19,0,12,0,12,0,12,1972,384,495,221,1972,384,30,30,103,94,209,111,0,12,1972,384,209,61,0,12,0,12,107,42,1573,394,0,12
"3733","060371852032","Block Group 2, Census Tract 1852.03, Los Angeles County, California",580,209,0,12,0,12,0,12,0,12,0,12,0,12,0,12,0,12,118,85,16,13,0,12,0,12,0,12,0,12,0,12,0,12,18,30,0,12,0,12,0,12,8,12,0,12,0,12,0,12,625,217,128,100,625,217,4,6,58,66,67,53,20,27,625,217,35,40,0,12,0,12,85,65,505,209,0,12
"3734","060371852033","Block Group 3, Census Tract 1852.03, Los Angeles County, California",917,263,0,12,0,12,0,12,0,12,0,12,0,12,0,12,0,12,53,41,0,12,0,12,0,12,0,12,0,12,0,12,0,12,43,31,0,12,0,12,0,12,0,12,0,12,0,12,0,12,969,291,179,146,969,291,0,12,68,66,42,32,0,12,969,291,44,37,0,12,23,31,203,96,684,309,0,12
"3735","060372085011","Block Group 1, Census Tract 2085.01, Los Angeles County, California",846,208,21,32,0,12,0,12,0,12,0,12,0,12,0,12,0,12,70,54,51,62,0,12,0,12,49,43,0,12,0,12,0,12,13,21,0,12,0,12,0,12,0,12,0,12,0,12,0,12,867,212,205,163,875,213,28,33,38,32,63,44,0,12,875,213,334,119,0,12,7,11,90,44,379,192,16,26
"3736","060372085012","Block Group 2, Census Tract 2085.01, Los Angeles County, California",1339,223,0,12,0,12,0,12,0,12,10,14,0,12,0,12,0,12,95,75,72,47,0,12,0,12,34,37,0,12,0,12,0,12,10,12,34,21,0,12,0,12,24,20,14,22,0,12,0,12,1377,226,170,140,1392,228,17,26,94,70,136,59,0,12,1392,228,701,190,0,12,22,20,129,50,537,152,0,12
"3737","060374817111","Block Group 1, Census Tract 4817.11, Los Angeles County, California",2159,400,0,12,0,12,0,12,0,12,81,88,0,12,0,12,0,12,0,12,0,12,0,12,0,12,433,176,200,104,0,12,0,12,0,12,0,12,0,12,0,12,92,45,266,128,0,12,0,12,2266,415,652,268,2258,413,0,12,43,33,158,117,18,20,2266,415,1973,413,0,12,0,12,40,51,253,248,0,12
"3738","060372734021","Block Group 1, Census Tract 2734.02, Los Angeles County, California",478,210,0,12,0,12,0,12,0,12,0,12,0,12,0,12,0,12,0,12,0,12,0,12,0,12,0,12,0,12,0,12,0,12,0,12,0,12,0,12,0,12,0,12,0,12,0,12,0,12,478,210,17,27,478,210,0,12,104,137,36,31,0,12,478,210,0,12,0,12,0,12,322,166,138,142,0,12
"3739","060372734023","Block Group 3, Census Tract 2734.02, Los Angeles County, California",653,222,0,12,0,12,0,12,0,12,0,12,0,12,0,12,0,12,0,12,0,12,0,12,0,12,0,12,0,12,0,12,0,12,0,12,0,12,0,12,0,12,0,12,0,12,0,12,0,12,651,234,54,51,674,234,0,12,51,84,111,124,0,12,674,234,5,9,0,12,126,136,475,200,68,65,0,12
"3740","060372734024","Block Group 4, Census Tract 2734.02, Los Angeles County, California",779,221,0,12,0,12,0,12,0,12,0,12,0,12,0,12,0,12,0,12,0,12,0,12,0,12,0,12,0,12,0,12,0,12,0,12,0,12,0,12,0,12,0,12,0,12,0,12,0,12,809,224,179,97,809,224,43,35,16,14,28,33,0,12,809,224,0,12,0,12,13,30,641,245,145,94,0,12
"3741","060372722021","Block Group 1, Census Tract 2722.02, Los Angeles County, California",905,268,0,12,0,12,0,12,0,12,0,12,0,12,0,12,0,12,37,41,18,27,0,12,0,12,0,12,0,12,0,12,0,12,12,18,0,12,0,12,0,12,0,12,0,12,0,12,0,12,947,297,103,69,947,297,47,63,27,41,33,40,0,12,947,297,88,80,0,12,42,46,421,113,342,254,0,12
"3742","060372722011","Block Group 1, Census Tract 2722.01, Los Angeles County, California",1354,261,0,12,0,12,0,12,0,12,0,12,0,12,0,12,0,12,64,72,35,55,0,12,0,12,0,12,0,12,0,12,0,12,40,47,0,12,0,12,0,12,0,12,19,32,0,12,0,12,1380,264,259,156,1380,264,0,12,17,22,138,86,0,12,1380,264,175,103,0,12,51,55,600,149,527,219,0,12
"3743","060374075012","Block Group 2, Census Tract 4075.01, Los Angeles County, California",1033,263,0,12,0,12,0,12,0,12,0,12,0,12,0,12,0,12,109,82,122,122,0,12,0,12,8,16,0,12,0,12,0,12,23,20,13,18,0,12,0,12,0,12,0,12,0,12,0,12,1111,276,91,79,1111,276,0,12,90,74,34,29,0,12,1111,276,130,80,0,12,7,11,70,75,900,274,0,12
"3744","060374069022","Block Group 2, Census Tract 4069.02, Los Angeles County, California",858,287,0,12,0,12,0,12,0,12,0,12,0,12,0,12,0,12,86,65,34,32,0,12,0,12,7,11,19,20,0,12,0,12,39,36,9,14,0,12,0,12,0,12,0,12,0,12,0,12,925,304,25,27,925,304,16,17,69,48,59,51,0,12,925,304,125,73,0,12,14,23,59,48,727,297,0,12
"3745","060374069023","Block Group 3, Census Tract 4069.02, Los Angeles County, California",789,242,0,12,0,12,0,12,0,12,0,12,0,12,0,12,0,12,43,65,0,12,0,12,0,12,8,9,33,49,0,12,0,12,5,7,22,29,0,12,0,12,16,15,0,12,0,12,0,12,790,244,16,14,806,243,13,21,54,47,55,49,0,12,806,243,135,101,120,163,0,12,65,45,404,175,0,12
"3746","060374069012","Block Group 2, Census Tract 4069.01, Los Angeles County, California",1780,387,0,12,0,12,0,12,0,12,0,12,0,12,0,12,0,12,124,92,79,74,0,12,0,12,35,42,0,12,0,12,0,12,82,72,29,28,0,12,0,12,0,12,10,15,0,12,0,12,1903,410,239,261,1906,411,0,12,30,39,64,59,0,12,1906,411,239,186,0,12,78,111,43,51,1546,386,0,12
"3747","060374069013","Block Group 3, Census Tract 4069.01, Los Angeles County, California",1843,430,0,12,4,12,0,12,0,12,0,12,0,12,0,12,0,12,224,179,99,96,0,12,0,12,37,49,58,64,0,12,0,12,40,40,34,48,0,12,0,12,0,12,0,12,0,12,0,12,1991,468,322,174,1991,468,13,22,154,163,168,149,0,12,1991,468,271,194,0,12,16,25,84,86,1607,421,0,12
"3748","060377014022","Block Group 2, Census Tract 7014.02, Los Angeles County, California",2181,489,0,12,0,12,0,12,0,12,0,12,0,12,0,12,0,12,0,12,0,12,0,12,0,12,0,12,0,12,0,12,0,12,0,12,5,11,47,79,0,12,0,12,0,12,87,119,0,12,2170,487,128,136,2170,487,0,12,0,12,0,12,0,12,2197,488,184,66,0,12,195,290,1563,425,110,105,0,12
"3749","060374313001","Block Group 1, Census Tract 4313, Los Angeles County, California",1039,175,0,12,0,12,0,12,0,12,0,12,0,12,0,12,0,12,31,35,0,12,0,12,0,12,24,22,0,12,0,12,0,12,4,7,0,12,0,12,0,12,12,18,0,12,0,12,0,12,1084,186,48,37,1084,186,11,13,37,36,27,28,0,12,1084,186,261,124,78,106,0,12,346,119,367,93,5,8
"3750","060372371022","Block Group 2, Census Tract 2371.02, Los Angeles County, California",1593,325,22,25,0,12,0,12,0,12,0,12,0,12,0,12,0,12,244,91,75,42,0,12,0,12,0,12,0,12,0,12,0,12,18,16,5,8,0,12,0,12,9,12,8,11,0,12,0,12,1726,392,616,288,1739,392,36,27,131,67,237,82,0,12,1739,392,23,25,0,12,289,143,0,12,1414,376,0,12
"3751","060372117041","Block Group 1, Census Tract 2117.04, Los Angeles County, California",1117,216,0,12,0,12,0,12,0,12,0,12,0,12,0,12,0,12,52,64,0,12,0,12,0,12,156,86,56,65,0,12,0,12,0,12,0,12,0,12,0,12,69,41,57,43,0,12,0,12,1123,219,283,96,1129,219,38,62,122,75,71,74,0,12,1129,219,647,158,0,12,62,56,194,81,173,146,0,12
"3752","060372117042","Block Group 2, Census Tract 2117.04, Los Angeles County, California",1600,207,0,12,0,12,0,12,0,12,0,12,0,12,0,12,0,12,29,38,0,12,0,12,0,12,79,45,22,34,0,12,0,12,0,12,0,12,0,12,0,12,88,64,105,72,0,12,0,12,1667,205,219,99,1667,205,46,51,88,57,80,55,0,12,1667,205,822,192,0,12,173,117,261,114,391,108,0,12
"3753","060372111222","Block Group 2, Census Tract 2111.22, Los Angeles County, California",1706,299,0,12,0,12,0,12,0,12,28,39,0,12,0,12,0,12,93,87,24,38,0,12,0,12,109,70,0,12,0,12,0,12,0,12,0,12,0,12,28,44,8,14,0,12,0,12,0,12,1885,329,503,218,1885,329,0,12,83,55,143,73,0,12,1885,329,972,350,0,12,96,86,493,185,315,209,0,12
"3754","060372111221","Block Group 1, Census Tract 2111.22, Los Angeles County, California",1232,309,16,27,0,12,0,12,0,12,0,12,0,12,0,12,0,12,186,154,37,53,0,12,0,12,38,47,27,43,0,12,0,12,28,41,0,12,0,12,0,12,10,17,0,12,0,12,0,12,1278,331,553,207,1278,331,20,34,82,101,176,123,0,12,1278,331,307,203,0,12,77,55,176,74,689,267,3,9
"3755","060372071032","Block Group 2, Census Tract 2071.03, Los Angeles County, California",1609,266,0,12,0,12,0,12,0,12,32,35,0,12,0,12,0,12,0,12,0,12,0,12,0,12,211,97,236,120,0,12,0,12,0,12,0,12,0,12,8,12,116,58,317,109,0,12,0,12,1692,292,731,306,1692,292,32,36,23,28,87,61,16,17,1692,292,1444,292,0,12,24,28,95,37,124,65,0,12
"3756","060372071031","Block Group 1, Census Tract 2071.03, Los Angeles County, California",679,166,0,12,0,12,0,12,0,12,0,12,0,12,0,12,0,12,0,12,0,12,0,12,0,12,102,56,67,44,0,12,0,12,0,12,0,12,0,12,0,12,49,59,43,34,0,12,0,12,701,173,192,119,701,173,0,12,19,22,44,43,0,12,701,173,494,170,0,12,33,36,86,51,56,57,5,9
"3757","060371941011","Block Group 1, Census Tract 1941.01, Los Angeles County, California",3194,328,0,12,0,12,0,12,0,12,0,12,0,12,0,12,0,12,0,12,0,12,27,43,0,12,0,12,23,39,0,12,0,12,0,12,0,12,16,24,0,12,22,37,0,12,0,12,0,12,3277,331,266,94,3267,331,0,12,157,106,25,24,0,12,3277,331,189,173,0,12,346,241,2294,365,249,126,0,12
"3758","060371920012","Block Group 2, Census Tract 1920.01, Los Angeles County, California",1391,207,0,12,0,12,0,12,0,12,0,12,0,12,0,12,0,12,20,34,0,12,0,12,0,12,0,12,0,12,0,12,0,12,4,8,4,8,6,11,3,8,16,36,0,12,8,13,0,12,1323,219,207,112,1328,218,0,12,17,18,51,45,0,12,1460,233,83,61,0,12,97,64,1080,209,122,67,28,41
"3759","060371920011","Block Group 1, Census Tract 1920.01, Los Angeles County, California",910,181,0,12,0,12,0,12,0,12,0,12,0,12,0,12,0,12,0,12,0,12,0,12,0,12,0,12,0,12,0,12,0,12,0,12,0,12,33,27,66,60,15,23,0,12,0,12,0,12,910,181,128,71,910,181,0,12,0,12,9,14,0,12,910,181,127,88,0,12,59,92,611,159,94,69,0,12
"3760","060371902022","Block Group 2, Census Tract 1902.02, Los Angeles County, California",1932,279,0,12,0,12,0,12,0,12,0,12,0,12,0,12,0,12,0,12,44,70,0,12,0,12,23,36,0,12,0,12,0,12,0,12,0,12,0,12,0,12,54,83,0,12,0,12,0,12,1954,285,508,211,1954,285,0,12,172,113,148,113,0,12,1954,285,277,136,0,12,129,150,1061,243,343,188,0,12
"3761","060379200424","Block Group 4, Census Tract 9200.42, Los Angeles County, California",1000,243,0,12,0,12,0,12,0,12,0,12,0,12,0,12,0,12,0,12,0,12,0,12,0,12,0,12,0,12,0,12,0,12,0,12,0,12,0,12,0,12,29,47,0,12,12,19,0,12,1097,303,0,12,1097,303,0,12,17,27,35,28,0,12,1097,303,84,84,0,12,0,12,590,195,391,253,0,12
"3762","060371060202","Block Group 2, Census Tract 1060.20, Los Angeles County, California",2901,496,0,12,0,12,0,12,0,12,0,12,0,12,0,12,0,12,194,101,113,148,9,14,0,12,8,14,0,12,0,12,0,12,52,50,40,44,33,49,0,12,0,12,0,12,0,12,0,12,3002,516,308,281,3002,516,30,28,286,212,316,181,0,12,3002,516,42,40,0,12,40,64,727,236,2153,547,0,12
"3763","060375037033","Block Group 3, Census Tract 5037.03, Los Angeles County, California",2649,394,0,12,0,12,0,12,0,12,0,12,0,12,0,12,0,12,0,12,0,12,0,12,0,12,123,93,0,12,0,12,0,12,0,12,0,12,0,12,0,12,96,70,33,38,0,12,0,12,2708,403,135,78,2708,403,0,12,0,12,64,89,0,12,2708,403,1510,315,0,12,22,35,778,289,348,206,0,12
"3764","060375436032","Block Group 2, Census Tract 5436.03, Los Angeles County, California",2005,298,0,12,0,12,0,12,0,12,0,12,0,12,0,12,0,12,0,12,0,12,0,12,0,12,80,68,0,12,0,12,0,12,9,15,0,12,0,12,0,12,14,22,26,42,0,12,0,12,2056,307,109,104,2067,311,0,12,17,23,96,104,0,12,2067,311,624,235,59,77,705,238,229,106,386,161,0,12
"3765","060376038022","Block Group 2, Census Tract 6038.02, Los Angeles County, California",1116,419,0,12,0,12,0,12,0,12,0,12,0,12,0,12,0,12,109,121,0,12,0,12,0,12,55,60,0,12,0,12,0,12,45,39,0,12,0,12,0,12,64,63,0,12,0,12,0,12,1173,444,44,42,1173,444,0,12,84,90,90,54,0,12,1173,444,206,120,169,254,0,12,148,77,634,359,0,12
"3766","060374333062","Block Group 2, Census Tract 4333.06, Los Angeles County, California",2095,320,0,12,0,12,0,12,0,12,0,12,0,12,0,12,0,12,70,54,44,37,0,12,0,12,133,45,38,29,0,12,0,12,29,27,23,29,4,8,0,12,38,52,51,47,0,12,0,12,2034,286,358,170,2045,288,0,12,101,74,161,98,0,12,2167,318,570,155,15,22,4,8,92,54,1486,264,0,12
"3767","060374333051","Block Group 1, Census Tract 4333.05, Los Angeles County, California",2792,449,34,54,9,16,0,12,0,12,0,12,0,12,0,12,0,12,316,158,236,108,0,12,0,12,157,135,172,138,0,12,0,12,0,12,0,12,0,12,0,12,20,32,122,112,0,12,0,12,2965,500,942,413,2981,496,0,12,77,58,370,201,0,12,2981,496,929,337,0,12,18,24,17,14,2006,478,0,12
"3768","060372371011","Block Group 1, Census Tract 2371.01, Los Angeles County, California",885,357,0,12,0,12,0,12,0,12,0,12,0,12,0,12,0,12,78,57,152,104,0,12,0,12,0,12,0,12,0,12,0,12,15,23,0,12,0,12,0,12,0,12,0,12,0,12,0,12,965,398,356,284,965,398,0,12,102,65,85,106,0,12,965,398,0,12,0,12,105,58,23,39,837,402,0,12
"3769","060372371014","Block Group 4, Census Tract 2371.01, Los Angeles County, California",972,301,0,12,23,24,0,12,0,12,0,12,0,12,0,12,0,12,63,37,137,95,0,12,0,12,0,12,0,12,0,12,0,12,24,37,11,15,0,12,21,31,0,12,0,12,0,12,0,12,1047,318,309,144,1067,325,60,76,86,81,78,55,0,12,1067,325,69,102,0,12,366,223,0,12,632,280,0,12
"3770","060372362041","Block Group 1, Census Tract 2362.04, Los Angeles County, California",1846,346,0,12,0,12,0,12,0,12,0,12,0,12,0,12,0,12,151,84,39,40,0,12,0,12,0,12,0,12,0,12,0,12,0,12,0,12,0,12,0,12,0,12,0,12,0,12,0,12,2056,394,735,253,2056,394,0,12,43,67,222,132,0,12,2056,394,0,12,11,16,1036,303,100,78,860,312,10,17
"3771","060372362032","Block Group 2, Census Tract 2362.03, Los Angeles County, California",786,247,4,15,0,12,0,12,0,12,0,12,0,12,0,12,0,12,0,12,0,12,0,12,0,12,0,12,0,12,0,12,0,12,11,16,0,12,0,12,0,12,0,12,0,12,0,12,0,12,809,264,231,173,809,264,0,12,9,16,37,36,0,12,809,264,18,21,0,12,539,219,24,32,205,126,0,12
"3772","060372349021","Block Group 1, Census Tract 2349.02, Los Angeles County, California",1005,413,9,19,0,12,0,12,0,12,0,12,0,12,0,12,0,12,108,103,0,12,0,12,0,12,0,12,0,12,0,12,0,12,11,17,0,12,0,12,0,12,9,19,0,12,0,12,0,12,1024,442,329,190,1024,442,116,141,62,62,156,149,0,12,1067,443,56,78,0,12,320,216,17,18,657,380,17,26
"3773","060372220011","Block Group 1, Census Tract 2220.01, Los Angeles County, California",1462,286,4,6,0,12,0,12,0,12,0,12,0,12,0,12,0,12,68,45,97,77,0,12,0,12,3,6,0,12,0,12,0,12,11,15,0,12,0,12,0,12,0,12,0,12,0,12,0,12,1524,317,299,149,1524,317,0,12,42,50,80,42,0,12,1524,317,3,6,0,12,407,129,154,85,945,286,0,12
"3774","060375421033","Block Group 3, Census Tract 5421.03, Los Angeles County, California",1437,317,0,12,0,12,0,12,0,12,0,12,0,12,0,12,0,12,152,71,52,45,0,12,0,12,2,5,0,12,0,12,0,12,11,17,24,25,0,12,0,12,0,12,0,12,0,12,0,12,1476,327,368,227,1476,327,30,31,87,46,73,43,0,12,1482,326,7,8,0,12,244,114,6,7,1225,309,0,12
"3775","060371041052","Block Group 2, Census Tract 1041.05, Los Angeles County, California",3999,475,7,10,0,12,0,12,0,12,0,12,0,12,0,12,0,12,422,127,209,111,0,12,0,12,0,12,0,12,0,12,0,12,113,71,121,82,0,12,0,12,0,12,0,12,0,12,0,12,4277,522,1188,441,4277,522,15,23,182,90,193,113,34,52,4277,522,173,128,0,12,192,130,80,74,3661,548,0,12
"3776","060372964022","Block Group 2, Census Tract 2964.02, Los Angeles County, California",753,281,0,12,0,12,0,12,0,12,0,12,0,12,0,12,0,12,0,12,0,12,0,12,0,12,0,12,0,12,0,12,0,12,0,12,0,12,0,12,0,12,0,12,0,12,0,12,0,12,784,309,20,23,796,311,0,12,40,50,16,27,0,12,796,311,17,18,0,12,9,14,331,143,439,280,0,12
"3777","060372964021","Block Group 1, Census Tract 2964.02, Los Angeles County, California",1312,291,0,12,0,12,0,12,0,12,0,12,0,12,0,12,0,12,12,18,0,12,27,44,0,12,0,12,0,12,0,12,0,12,9,14,0,12,0,12,0,12,0,12,0,12,0,12,0,12,1400,301,139,136,1400,301,0,12,36,59,73,90,0,12,1400,301,70,47,0,12,11,16,492,161,826,248,0,12
"3778","060372964023","Block Group 3, Census Tract 2964.02, Los Angeles County, California",1073,291,0,12,0,12,0,12,0,12,0,12,0,12,0,12,0,12,0,12,0,12,0,12,0,12,0,12,0,12,0,12,0,12,0,12,0,12,16,27,0,12,0,12,0,12,0,12,0,12,1116,302,85,96,1116,302,7,13,33,35,0,12,0,12,1116,302,169,138,0,12,79,70,348,111,520,273,0,12
"3779","060372964012","Block Group 2, Census Tract 2964.01, Los Angeles County, California",824,186,9,15,0,12,0,12,0,12,0,12,0,12,0,12,0,12,8,12,0,12,0,12,0,12,0,12,0,12,0,12,0,12,0,12,0,12,0,12,0,12,0,12,0,12,0,12,0,12,817,193,27,27,817,193,0,12,0,12,0,12,0,12,847,194,32,24,0,12,48,42,560,180,181,97,0,12
"3780","060372964011","Block Group 1, Census Tract 2964.01, Los Angeles County, California",2250,342,0,12,0,12,0,12,0,12,0,12,0,12,0,12,0,12,6,13,0,12,21,22,0,12,25,26,0,12,0,12,0,12,12,19,1,2,0,12,0,12,22,27,0,12,9,21,0,12,2382,361,135,105,2382,361,44,50,43,34,41,40,0,12,2382,361,336,182,0,12,120,126,1201,258,602,227,0,12
"3781","060372947011","Block Group 1, Census Tract 2947.01, Los Angeles County, California",523,213,0,12,0,12,0,12,0,12,0,12,0,12,0,12,0,12,83,47,22,31,0,12,0,12,0,12,0,12,0,12,0,12,19,20,9,11,0,12,0,12,0,12,0,12,0,12,0,12,553,222,71,88,553,222,11,17,40,39,5,7,0,12,553,222,0,12,0,12,30,45,9,14,514,210,0,12
"3782","060372947012","Block Group 2, Census Tract 2947.01, Los Angeles County, California",990,202,0,12,0,12,0,12,0,12,0,12,0,12,0,12,0,12,70,51,62,41,0,12,0,12,0,12,0,12,0,12,0,12,4,6,50,33,0,12,0,12,0,12,0,12,0,12,0,12,1147,265,361,188,1147,265,12,13,65,43,52,33,0,12,1147,265,4,8,0,12,84,71,38,32,1004,272,0,12
"3783","060372947013","Block Group 3, Census Tract 2947.01, Los Angeles County, California",1301,261,0,12,0,12,0,12,0,12,0,12,0,12,0,12,0,12,186,69,70,45,0,12,0,12,0,12,0,12,0,12,0,12,12,13,37,27,0,12,0,12,0,12,0,12,0,12,0,12,1399,272,573,213,1399,272,13,20,90,47,89,48,0,12,1399,272,14,22,0,12,38,26,39,28,1280,282,0,12
"3784","060372944211","Block Group 1, Census Tract 2944.21, Los Angeles County, California",954,161,0,12,0,12,0,12,0,12,0,12,0,12,0,12,0,12,20,21,7,10,0,12,0,12,6,9,0,12,0,12,0,12,10,15,24,29,0,12,0,12,0,12,0,12,0,12,0,12,1027,172,250,130,1006,175,8,14,15,16,76,50,0,12,1027,172,224,67,0,12,46,35,219,83,521,184,0,12
"3785","060372944212","Block Group 2, Census Tract 2944.21, Los Angeles County, California",932,242,6,9,0,12,0,12,0,12,0,12,0,12,0,12,0,12,92,67,54,37,0,12,0,12,0,12,0,12,0,12,0,12,0,12,58,62,0,12,0,12,0,12,0,12,0,12,0,12,1022,252,246,155,1022,252,68,73,42,32,130,73,22,31,1022,252,50,49,0,12,71,59,0,12,894,243,0,12
"3786","060372944213","Block Group 3, Census Tract 2944.21, Los Angeles County, California",763,225,8,11,0,12,0,12,0,12,0,12,0,12,0,12,0,12,164,96,60,38,0,12,0,12,0,12,0,12,0,12,0,12,19,29,0,12,0,12,0,12,0,12,0,12,0,12,0,12,842,263,161,157,842,263,0,12,48,51,65,58,0,12,842,263,58,69,0,12,16,16,20,17,726,256,0,12
"3787","060372943022","Block Group 2, Census Tract 2943.02, Los Angeles County, California",2118,343,0,12,0,12,0,12,0,12,0,12,0,12,0,12,0,12,169,96,110,81,0,12,0,12,0,12,0,12,0,12,0,12,38,41,64,35,0,12,0,12,9,16,0,12,0,12,0,12,2308,388,551,338,2308,388,6,11,71,75,170,120,0,12,2308,388,66,62,10,17,168,163,182,136,1869,352,0,12
"3788","060372943021","Block Group 1, Census Tract 2943.02, Los Angeles County, California",1923,503,0,12,0,12,0,12,0,12,0,12,0,12,0,12,0,12,306,149,87,66,0,12,0,12,0,12,0,12,0,12,0,12,23,26,81,63,0,12,0,12,0,12,0,12,0,12,0,12,2074,542,210,133,2074,542,0,12,324,255,213,119,0,12,2074,542,7,11,0,12,23,36,102,56,1902,542,13,30
"3789","060371021051","Block Group 1, Census Tract 1021.05, Los Angeles County, California",945,190,0,12,0,12,0,12,0,12,0,12,0,12,0,12,0,12,33,30,0,12,0,12,6,8,7,10,0,12,0,12,0,12,27,30,0,12,0,12,0,12,0,12,0,12,0,12,0,12,951,191,214,146,951,191,23,35,30,33,16,25,0,12,951,191,87,70,0,12,0,12,179,70,647,149,16,26
"3790","060371021052","Block Group 2, Census Tract 1021.05, Los Angeles County, California",913,245,0,12,0,12,0,12,0,12,0,12,0,12,0,12,0,12,79,82,16,25,0,12,0,12,0,12,0,12,0,12,0,12,0,12,6,11,0,12,0,12,0,12,0,12,0,12,0,12,954,258,142,148,954,258,0,12,14,15,42,26,0,12,954,258,37,42,4,20,14,18,248,85,636,239,8,13
"3791","060371011221","Block Group 1, Census Tract 1011.22, Los Angeles County, California",2101,383,0,12,0,12,0,12,0,12,0,12,0,12,0,12,0,12,0,12,0,12,79,80,0,12,0,12,0,12,0,12,0,12,0,12,0,12,0,12,0,12,0,12,0,12,0,12,0,12,2130,384,130,70,2151,388,21,39,0,12,70,58,0,12,2156,388,100,104,0,12,74,102,1812,389,112,81,15,24
"3792","060374306003","Block Group 3, Census Tract 4306, Los Angeles County, California",407,154,0,12,0,12,0,12,0,12,0,12,0,12,0,12,0,12,0,12,0,12,0,12,0,12,17,20,0,12,0,12,0,12,0,12,0,12,0,12,0,12,8,12,0,12,0,12,0,12,416,158,26,42,416,158,0,12,0,12,0,12,0,12,416,158,252,142,0,12,0,12,164,96,0,12,0,12
"3793","060375548021","Block Group 1, Census Tract 5548.02, Los Angeles County, California",2730,457,0,12,0,12,0,12,0,12,0,12,0,12,0,12,0,12,39,32,8,12,0,12,0,12,13,16,5,11,0,12,0,12,11,15,19,19,0,12,0,12,79,64,15,23,0,12,0,12,2852,507,134,82,2881,510,0,12,146,94,225,137,0,12,2904,510,1399,477,0,12,177,203,392,146,909,376,0,12
"3794","060371066044","Block Group 4, Census Tract 1066.04, Los Angeles County, California",966,328,0,12,0,12,0,12,0,12,0,12,0,12,0,12,0,12,63,54,0,12,0,12,0,12,0,12,0,12,0,12,0,12,58,64,0,12,0,12,0,12,11,20,0,12,0,12,0,12,1155,439,280,390,1155,439,8,14,15,24,76,61,14,23,1155,439,31,30,0,12,43,45,19,19,1032,438,0,12
"3795","060372117011","Block Group 1, Census Tract 2117.01, Los Angeles County, California",822,231,0,12,0,12,0,12,0,12,0,12,0,12,0,12,0,12,0,12,0,12,0,12,0,12,49,61,9,14,0,12,0,12,0,12,0,12,0,12,0,12,64,43,20,34,0,12,0,12,833,235,94,41,834,235,0,12,11,18,0,12,0,12,834,235,406,172,0,12,15,24,222,117,89,78,0,12
"3796","060372119103","Block Group 3, Census Tract 2119.10, Los Angeles County, California",1157,290,0,12,0,12,0,12,0,12,0,12,0,12,0,12,0,12,73,53,12,20,0,12,0,12,35,38,0,12,0,12,0,12,29,33,26,43,0,12,0,12,19,30,0,12,0,12,0,12,1352,380,206,115,1352,380,11,17,109,116,123,97,0,12,1352,380,343,121,0,12,56,46,131,72,777,359,0,12
"3797","060373004004","Block Group 4, Census Tract 3004, Los Angeles County, California",922,353,0,12,0,12,0,12,0,12,0,12,0,12,0,12,0,12,0,12,0,12,30,73,0,12,15,26,0,12,0,12,0,12,0,12,0,12,0,12,0,12,15,23,0,12,0,12,0,12,922,353,84,204,922,353,0,12,19,46,10,21,0,12,922,353,338,242,0,12,0,12,309,268,256,205,0,12
"3798","060373004005","Block Group 5, Census Tract 3004, Los Angeles County, California",660,236,0,12,0,12,0,12,0,12,0,12,0,12,0,12,0,12,0,12,0,12,0,12,0,12,0,12,0,12,0,12,0,12,0,12,0,12,0,12,0,12,0,12,0,12,0,12,0,12,740,282,26,42,740,282,0,12,0,12,0,12,0,12,740,282,197,211,0,12,0,12,449,188,41,47,0,12
"3799","060378003261","Block Group 1, Census Tract 8003.26, Los Angeles County, California",1656,341,0,12,0,12,0,12,0,12,0,12,0,12,0,12,0,12,0,12,0,12,0,12,0,12,12,19,0,12,0,12,0,12,0,12,0,12,0,12,0,12,0,12,0,12,0,12,0,12,1698,348,96,52,1698,348,6,10,44,69,66,51,0,12,1698,348,94,69,0,12,187,235,1204,272,204,149,0,12
"3800","060378003263","Block Group 3, Census Tract 8003.26, Los Angeles County, California",1948,266,0,12,1,2,0,12,0,12,0,12,0,12,0,12,0,12,0,12,0,12,0,12,0,12,9,15,0,12,0,12,0,12,0,12,0,12,0,12,0,12,0,12,28,44,0,12,0,12,1984,268,25,26,1984,268,0,12,0,12,0,12,0,12,1996,268,191,91,0,12,19,20,1670,268,96,70,0,12
"3801","060371133212","Block Group 2, Census Tract 1133.21, Los Angeles County, California",2259,615,0,12,0,12,0,12,0,12,0,12,0,12,0,12,0,12,62,73,18,29,0,12,0,12,0,12,11,26,0,12,0,12,0,12,0,12,0,12,0,12,0,12,0,12,0,12,0,12,2307,615,123,82,2289,611,0,12,84,99,58,62,11,17,2307,615,195,182,68,87,188,174,1205,507,485,257,0,12
"3802","060377019022","Block Group 2, Census Tract 7019.02, Los Angeles County, California",726,298,0,12,0,12,0,12,0,12,0,12,0,12,0,12,0,12,0,12,0,12,0,12,0,12,0,12,0,12,0,12,0,12,0,12,0,12,0,12,0,12,0,12,0,12,26,40,0,12,726,298,102,100,726,298,0,12,0,12,0,12,0,12,726,298,46,74,0,12,23,36,436,187,82,88,0,12
"3803","060375544061","Block Group 1, Census Tract 5544.06, Los Angeles County, California",2095,464,0,12,0,12,0,12,0,12,0,12,0,12,0,12,0,12,44,49,0,12,0,12,0,12,2,4,0,12,0,12,0,12,7,11,0,12,0,12,0,12,0,12,0,12,0,12,0,12,2141,472,234,119,2146,472,9,22,59,47,42,53,0,12,2146,472,430,248,0,12,243,133,605,202,684,325,5,12
"3804","060375321011","Block Group 1, Census Tract 5321.01, Los Angeles County, California",2254,467,50,52,0,12,0,12,0,12,0,12,0,12,0,12,0,12,247,123,216,142,0,12,0,12,0,12,0,12,0,12,0,12,25,26,45,39,0,12,0,12,15,22,0,12,0,12,0,12,2408,510,291,246,2408,510,0,12,144,115,158,102,0,12,2408,510,130,120,0,12,0,12,71,51,2137,471,70,123
"3805","060375326041","Block Group 1, Census Tract 5326.04, Los Angeles County, California",1029,212,0,12,0,12,0,12,0,12,0,12,0,12,0,12,0,12,40,25,62,45,0,12,0,12,0,12,0,12,0,12,0,12,52,40,25,27,0,12,0,12,0,12,0,12,0,12,0,12,1068,222,203,143,1068,222,0,12,31,27,84,59,0,12,1068,222,7,12,0,12,0,12,28,27,1033,223,0,12
"3806","060376006011","Block Group 1, Census Tract 6006.01, Los Angeles County, California",720,164,0,12,0,12,0,12,0,12,0,12,0,12,0,12,0,12,35,29,0,12,0,12,0,12,0,12,0,12,0,12,0,12,40,35,0,12,0,12,0,12,0,12,0,12,0,12,0,12,793,192,34,25,793,192,0,12,31,30,29,28,0,12,793,192,0,12,0,12,497,149,27,20,211,141,8,12
"3807","060376006012","Block Group 2, Census Tract 6006.01, Los Angeles County, California",1154,184,0,12,0,12,0,12,0,12,0,12,0,12,0,12,0,12,0,12,0,12,0,12,0,12,0,12,2,5,0,12,0,12,0,12,0,12,0,12,0,12,0,12,0,12,0,12,0,12,1218,197,129,97,1238,205,30,45,16,16,24,25,0,12,1238,205,3,6,0,12,1038,207,35,44,124,102,0,12
"3808","060372761001","Block Group 1, Census Tract 2761, Los Angeles County, California",1426,434,0,12,0,12,0,12,0,12,0,12,0,12,0,12,0,12,54,88,0,12,0,12,0,12,0,12,0,12,0,12,0,12,0,12,0,12,0,12,0,12,0,12,0,12,0,12,0,12,1426,434,31,48,1426,434,0,12,0,12,16,40,0,12,1426,434,185,158,0,12,413,224,265,131,403,222,0,12
"3809","060372761002","Block Group 2, Census Tract 2761, Los Angeles County, California",3425,582,0,12,0,12,0,12,0,12,0,12,0,12,0,12,0,12,0,12,0,12,14,27,0,12,49,78,0,12,0,12,0,12,1,2,0,12,0,12,0,12,0,12,0,12,0,12,0,12,3583,626,380,197,3560,621,0,12,62,80,29,56,10,18,3583,626,781,327,0,12,1341,620,960,321,323,154,0,12
"3810","060372761003","Block Group 3, Census Tract 2761, Los Angeles County, California",558,304,0,12,0,12,0,12,0,12,0,12,0,12,0,12,0,12,0,12,0,12,0,12,0,12,0,12,0,12,0,12,0,12,0,12,0,12,0,12,0,12,0,12,0,12,0,12,0,12,730,442,0,12,730,442,11,23,25,43,10,19,0,12,730,442,47,58,0,12,263,190,47,58,300,341,0,12
"3811","060373001004","Block Group 4, Census Tract 3001, Los Angeles County, California",1431,358,0,12,0,12,0,12,0,12,0,12,0,12,0,12,0,12,0,12,0,12,0,12,0,12,0,12,0,12,0,12,0,12,0,12,0,12,0,12,0,12,41,69,0,12,0,12,0,12,1589,414,123,103,1589,414,0,12,0,12,49,76,0,12,1589,414,140,121,0,12,19,31,1188,344,194,162,0,12
"3812","060373001001","Block Group 1, Census Tract 3001, Los Angeles County, California",1802,367,0,12,0,12,0,12,0,12,0,12,0,12,0,12,0,12,0,12,0,12,0,12,0,12,0,12,0,12,0,12,0,12,0,12,0,12,0,12,0,12,0,12,0,12,0,12,0,12,1880,386,36,57,1880,386,0,12,12,21,0,12,0,12,1880,386,701,278,0,12,0,12,978,338,123,109,0,12
"3813","060373001002","Block Group 2, Census Tract 3001, Los Angeles County, California",1287,509,0,12,0,12,0,12,0,12,0,12,0,12,0,12,0,12,0,12,0,12,0,12,0,12,15,25,0,12,0,12,0,12,0,12,0,12,0,12,0,12,0,12,0,12,0,12,0,12,1347,494,0,12,1347,494,0,12,0,12,0,12,0,12,1347,494,480,282,0,12,0,12,590,250,243,366,0,12
"3814","060373001003","Block Group 3, Census Tract 3001, Los Angeles County, California",1198,333,0,12,0,12,0,12,0,12,0,12,0,12,0,12,0,12,0,12,0,12,0,12,0,12,0,12,0,12,0,12,0,12,0,12,0,12,0,12,0,12,0,12,0,12,0,12,0,12,1198,333,40,61,1198,333,0,12,22,37,0,12,0,12,1198,333,303,210,0,12,0,12,727,269,142,88,0,12
"3815","060373022012","Block Group 2, Census Tract 3022.01, Los Angeles County, California",1208,289,0,12,0,12,15,17,0,12,0,12,0,12,0,12,0,12,0,12,0,12,89,55,117,73,0,12,0,12,0,12,0,12,14,22,0,12,64,49,100,59,0,12,0,12,0,12,0,12,1294,323,463,214,1294,323,0,12,62,44,17,26,0,12,1294,323,35,41,0,12,0,12,1134,301,43,43,0,12
"3816","060373022013","Block Group 3, Census Tract 3022.01, Los Angeles County, California",1608,185,0,12,0,12,0,12,0,12,0,12,0,12,0,12,0,12,47,33,24,36,34,40,33,37,0,12,0,12,0,12,0,12,0,12,0,12,151,76,260,88,0,12,0,12,0,12,0,12,1701,196,467,115,1701,196,1,3,116,57,95,83,0,12,1701,196,288,104,0,12,64,70,1033,200,316,106,0,12
"3817","060373022011","Block Group 1, Census Tract 3022.01, Los Angeles County, California",985,180,0,12,0,12,22,32,0,12,0,12,0,12,0,12,0,12,0,12,0,12,208,107,41,60,0,12,0,12,0,12,0,12,0,12,0,12,101,59,48,56,0,12,0,12,0,12,0,12,1024,191,244,130,1024,191,0,12,14,22,14,22,0,12,1024,191,28,25,0,12,34,27,920,195,30,27,0,12
"3818","060371903012","Block Group 2, Census Tract 1903.01, Los Angeles County, California",2122,418,0,12,0,12,0,12,0,12,0,12,0,12,0,12,0,12,83,85,0,12,95,74,0,12,13,19,0,12,0,12,0,12,43,69,0,12,89,89,89,88,10,35,12,18,0,12,0,12,2134,438,485,266,2134,438,0,12,221,127,83,71,0,12,2161,441,385,275,0,12,117,97,1086,291,512,276,0,12
"3819","060371974201","Block Group 1, Census Tract 1974.20, Los Angeles County, California",1527,340,0,12,0,12,0,12,0,12,0,12,0,12,0,12,0,12,70,72,17,26,0,12,0,12,0,12,0,12,0,12,0,12,88,80,0,12,0,12,0,12,0,12,22,35,0,12,0,12,1449,378,96,72,1459,379,0,12,97,89,132,90,0,12,1581,394,66,53,0,12,91,46,510,142,851,330,9,13
"3820","060372716001","Block Group 1, Census Tract 2716, Los Angeles County, California",1298,337,0,12,0,12,0,12,0,12,0,12,0,12,0,12,0,12,0,12,0,12,0,12,0,12,12,19,0,12,0,12,0,12,0,12,0,12,0,12,0,12,11,16,12,18,0,12,0,12,1333,337,275,271,1333,337,0,12,62,100,0,12,0,12,1333,337,477,301,0,12,124,130,413,119,232,127,14,22
"3821","060372716002","Block Group 2, Census Tract 2716, Los Angeles County, California",964,198,0,12,0,12,0,12,0,12,0,12,0,12,0,12,0,12,0,12,0,12,0,12,0,12,0,12,0,12,0,12,0,12,0,12,0,12,0,12,0,12,0,12,0,12,0,12,0,12,1023,223,67,46,1023,223,0,12,26,28,59,61,0,12,1023,223,150,103,0,12,8,13,683,166,182,116,0,12
"3822","060374630002","Block Group 2, Census Tract 4630, Los Angeles County, California",1727,207,0,12,0,12,0,12,0,12,0,12,0,12,0,12,0,12,0,12,0,12,26,36,0,12,10,15,13,20,0,12,0,12,0,12,0,12,26,36,0,12,8,14,0,12,0,12,0,12,1973,224,74,38,1973,224,0,12,16,19,57,60,0,12,1973,224,679,127,0,12,144,128,831,186,153,99,0,12
"3823","060372933021","Block Group 1, Census Tract 2933.02, Los Angeles County, California",2598,425,0,12,0,12,0,12,0,12,10,14,0,12,0,12,0,12,8,13,0,12,0,12,0,12,118,138,25,37,0,12,0,12,3,6,10,16,0,12,0,12,25,25,0,12,0,12,0,12,2800,474,40,49,2800,474,0,12,56,54,114,85,0,12,2813,473,1150,370,13,22,470,272,653,279,472,193,0,12
"3824","060374605021","Block Group 1, Census Tract 4605.02, Los Angeles County, California",644,177,0,12,0,12,0,12,0,12,0,12,0,12,0,12,0,12,0,12,0,12,0,12,0,12,50,58,0,12,0,12,0,12,0,12,0,12,0,12,0,12,1,3,1,2,0,12,0,12,742,233,23,31,742,233,0,12,1,2,0,12,0,12,758,236,349,230,0,12,13,18,341,116,37,40,0,12
"3825","060374605023","Block Group 3, Census Tract 4605.02, Los Angeles County, California",727,175,0,12,0,12,0,12,0,12,0,12,0,12,0,12,0,12,0,12,0,12,0,12,0,12,19,20,0,12,0,12,0,12,0,12,0,12,14,24,0,12,0,12,0,12,0,12,0,12,805,190,31,37,805,190,0,12,10,16,0,12,0,12,805,190,356,143,0,12,0,12,304,140,106,92,0,12
"3826","060374605022","Block Group 2, Census Tract 4605.02, Los Angeles County, California",571,136,0,12,0,12,0,12,0,12,0,12,0,12,0,12,0,12,8,13,0,12,0,12,0,12,23,21,0,12,0,12,0,12,0,12,0,12,9,13,0,12,0,12,0,12,0,12,0,12,571,136,0,12,571,136,0,12,0,12,0,12,0,12,571,136,225,100,0,12,0,12,274,95,72,65,0,12
"3827","060374081371","Block Group 1, Census Tract 4081.37, Los Angeles County, California",2486,352,0,12,0,12,0,12,0,12,0,12,0,12,0,12,0,12,3,6,34,39,0,12,0,12,111,72,21,25,0,12,0,12,31,32,0,12,18,27,0,12,65,52,18,29,0,12,0,12,2665,391,299,200,2652,389,16,23,28,28,66,48,5,8,2665,391,1176,255,41,54,245,206,214,108,939,310,0,12
"3828","060374081361","Block Group 1, Census Tract 4081.36, Los Angeles County, California",2364,448,0,12,0,12,0,12,0,12,8,12,0,12,0,12,0,12,55,55,46,47,0,12,0,12,90,72,0,12,0,12,0,12,19,31,28,44,0,12,0,12,22,23,129,124,0,12,0,12,2450,463,71,45,2450,463,9,13,9,14,99,85,0,12,2450,463,835,367,0,12,134,133,200,102,1263,451,0,12
"3829","060371340012","Block Group 2, Census Tract 1340.01, Los Angeles County, California",626,171,0,12,0,12,0,12,0,12,0,12,0,12,0,12,0,12,35,24,36,27,13,21,0,12,5,10,0,12,0,12,0,12,6,8,7,10,0,12,0,12,0,12,0,12,0,12,0,12,655,175,130,111,655,175,11,14,0,12,36,32,0,12,655,175,102,75,0,12,0,12,120,93,421,132,0,12
"3830","060371325021","Block Group 1, Census Tract 1325.02, Los Angeles County, California",2441,345,20,32,0,12,0,12,0,12,0,12,0,12,0,12,0,12,77,79,30,47,15,26,27,41,61,49,0,12,0,12,0,12,25,35,20,36,55,53,47,69,46,45,0,12,0,12,7,11,2445,386,486,297,2445,386,0,12,35,29,72,47,47,69,2528,395,244,105,0,12,23,30,1022,273,1213,403,0,12
"3831","060371325022","Block Group 2, Census Tract 1325.02, Los Angeles County, California",1278,309,0,12,0,12,0,12,0,12,0,12,0,12,0,12,0,12,0,12,0,12,0,12,0,12,0,12,0,12,0,12,0,12,0,12,0,12,23,29,35,56,0,12,0,12,0,12,0,12,1394,379,180,178,1394,379,0,12,106,155,137,152,0,12,1394,379,128,109,0,12,183,187,800,410,220,216,0,12
"3832","060371325012","Block Group 2, Census Tract 1325.01, Los Angeles County, California",1933,435,24,38,0,12,0,12,0,12,0,12,0,12,0,12,0,12,59,70,62,59,0,12,0,12,23,36,0,12,0,12,0,12,55,43,45,62,9,14,0,12,0,12,0,12,0,12,0,12,1696,460,128,75,1720,457,42,48,91,80,55,68,0,12,2066,473,76,99,0,12,19,41,709,233,1254,463,0,12
"3833","060371321021","Block Group 1, Census Tract 1321.02, Los Angeles County, California",466,251,0,12,0,12,0,12,0,12,0,12,0,12,0,12,0,12,84,105,23,37,0,12,0,12,0,12,0,12,0,12,0,12,0,12,25,42,0,12,0,12,0,12,0,12,0,12,0,12,496,271,238,224,496,271,0,12,58,67,8,13,0,12,496,271,0,12,0,12,0,12,186,90,292,242,0,12
"3834","060371321023","Block Group 3, Census Tract 1321.02, Los Angeles County, California",3009,527,0,12,0,12,0,12,0,12,0,12,0,12,0,12,0,12,103,106,80,135,12,20,0,12,0,12,18,28,0,12,0,12,50,55,0,12,8,12,52,71,0,12,0,12,0,12,0,12,3152,552,470,258,3152,552,134,122,174,111,387,210,0,12,3152,552,761,432,0,12,208,154,871,279,1219,457,0,12
"3835","060373018021","Block Group 1, Census Tract 3018.02, Los Angeles County, California",2564,364,0,12,0,12,0,12,0,12,0,12,0,12,0,12,0,12,47,75,21,33,223,130,11,17,33,40,0,12,0,12,0,12,7,13,0,12,13,13,71,63,32,38,0,12,0,12,0,12,2692,389,490,251,2692,389,26,41,48,36,74,51,7,12,2692,389,453,204,0,12,81,80,1751,350,317,192,0,12
"3836","060373018012","Block Group 2, Census Tract 3018.01, Los Angeles County, California",3054,356,0,12,0,12,0,12,0,12,0,12,0,12,0,12,0,12,19,23,0,12,135,91,0,12,33,35,22,35,12,19,0,12,0,12,0,12,39,36,91,94,40,42,0,12,0,12,0,12,3265,362,740,317,3274,364,29,47,159,104,238,166,10,15,3274,364,977,276,0,12,31,36,1380,313,602,206,0,12
"3837","060373018013","Block Group 3, Census Tract 3018.01, Los Angeles County, California",1028,192,0,12,0,12,0,12,0,12,0,12,0,12,0,12,0,12,0,12,0,12,20,21,12,18,0,12,0,12,0,12,0,12,0,12,15,25,18,29,9,14,0,12,0,12,0,12,0,12,1102,212,124,89,1102,212,0,12,8,13,51,36,0,12,1102,212,233,178,0,12,18,28,549,145,302,134,0,12
"3838","060375031062","Block Group 2, Census Tract 5031.06, Los Angeles County, California",561,265,0,12,0,12,0,12,0,12,0,12,0,12,0,12,0,12,0,12,0,12,0,12,0,12,0,12,0,12,0,12,0,12,0,12,0,12,0,12,0,12,0,12,0,12,0,12,0,12,584,268,0,12,584,268,7,11,10,18,48,48,0,12,584,268,0,12,0,12,0,12,106,68,453,258,0,12
"3839","060375031061","Block Group 1, Census Tract 5031.06, Los Angeles County, California",1410,398,0,12,0,12,0,12,0,12,0,12,0,12,0,12,0,12,75,68,0,12,0,12,0,12,0,12,0,12,0,12,0,12,47,57,0,12,0,12,0,12,0,12,0,12,0,12,0,12,1535,456,95,96,1544,461,0,12,33,30,61,64,0,12,1544,461,121,108,0,12,0,12,295,117,1052,420,0,12
"3840","060371321012","Block Group 2, Census Tract 1321.01, Los Angeles County, California",1377,423,0,12,0,12,0,12,0,12,0,12,0,12,0,12,0,12,155,120,89,82,0,12,0,12,0,12,0,12,0,12,0,12,0,12,17,32,0,12,0,12,0,12,0,12,0,12,0,12,1513,499,319,292,1513,499,31,48,62,65,181,92,0,12,1513,499,89,80,0,12,180,155,171,132,989,426,0,12
"3841","060371320022","Block Group 2, Census Tract 1320.02, Los Angeles County, California",532,193,0,12,0,12,0,12,0,12,0,12,0,12,0,12,0,12,0,12,0,12,0,12,0,12,0,12,0,12,0,12,0,12,0,12,0,12,4,8,0,12,0,12,0,12,0,12,0,12,563,195,24,37,563,195,0,12,0,12,50,74,0,12,563,195,36,47,0,12,23,27,277,132,188,207,0,12
"3842","060371320021","Block Group 1, Census Tract 1320.02, Los Angeles County, California",837,318,0,12,0,12,0,12,0,12,0,12,0,12,0,12,0,12,180,139,0,12,0,12,0,12,0,12,0,12,0,12,0,12,0,12,0,12,0,12,0,12,0,12,0,12,0,12,0,12,902,345,67,59,914,346,0,12,41,59,0,12,9,15,930,350,0,12,0,12,81,79,197,79,637,365,0,12
"3843","060371320012","Block Group 2, Census Tract 1320.01, Los Angeles County, California",909,304,0,12,0,12,0,12,0,12,0,12,0,12,0,12,0,12,19,30,0,12,0,12,0,12,5,11,10,15,0,12,0,12,0,12,0,12,0,12,0,12,0,12,0,12,0,12,0,12,981,314,0,12,981,314,0,12,0,12,8,14,0,12,981,314,37,59,0,12,0,12,709,301,164,99,0,12
"3844","060371320011","Block Group 1, Census Tract 1320.01, Los Angeles County, California",1025,336,0,12,0,12,0,12,0,12,0,12,0,12,0,12,0,12,0,12,0,12,0,12,0,12,0,12,0,12,0,12,0,12,0,12,0,12,9,15,0,12,0,12,0,12,0,12,0,12,1041,345,42,53,1058,338,17,29,27,46,22,35,0,12,1058,338,107,96,0,12,104,133,402,201,238,188,0,12
"3845","060371320013","Block Group 3, Census Tract 1320.01, Los Angeles County, California",1403,320,0,12,0,12,0,12,0,12,0,12,0,12,0,12,0,12,64,67,0,12,13,21,0,12,0,12,0,12,0,12,0,12,31,38,0,12,0,12,0,12,0,12,0,12,0,12,0,12,1424,325,185,159,1414,326,0,12,1,5,0,12,0,12,1424,325,286,232,0,12,49,50,293,97,706,309,0,12
"3846","060371317021","Block Group 1, Census Tract 1317.02, Los Angeles County, California",2716,489,0,12,0,12,0,12,0,12,0,12,0,12,0,12,0,12,89,57,32,40,9,14,0,12,45,56,0,12,10,15,0,12,9,15,11,18,0,12,0,12,62,74,0,12,6,10,0,12,2827,499,189,140,2849,496,37,47,46,43,77,77,9,18,2849,496,578,278,0,12,505,462,455,163,1290,297,0,12
"3847","060371288021","Block Group 1, Census Tract 1288.02, Los Angeles County, California",1511,281,0,12,0,12,0,12,0,12,0,12,0,12,0,12,0,12,0,12,0,12,0,12,0,12,0,12,0,12,0,12,0,12,30,36,0,12,0,12,1,2,0,12,0,12,0,12,0,12,1729,322,111,84,1729,322,0,12,0,12,30,34,0,12,1729,322,309,154,0,12,78,80,989,302,259,181,0,12
"3848","060371288023","Block Group 3, Census Tract 1288.02, Los Angeles County, California",1114,361,0,12,0,12,0,12,0,12,0,12,0,12,0,12,0,12,0,12,0,12,0,12,0,12,0,12,0,12,0,12,0,12,0,12,0,12,0,12,0,12,0,12,0,12,0,12,0,12,1114,361,36,41,1114,361,0,12,0,12,17,26,0,12,1114,361,165,182,0,12,103,141,595,313,219,184,0,12
"3849","060371286021","Block Group 1, Census Tract 1286.02, Los Angeles County, California",954,214,0,12,0,12,0,12,0,12,0,12,0,12,0,12,0,12,25,41,0,12,0,12,0,12,0,12,0,12,0,12,0,12,38,57,0,12,0,12,0,12,0,12,0,12,0,12,0,12,999,211,60,37,999,211,0,12,0,12,0,12,0,12,999,211,21,23,0,12,35,51,552,147,363,174,0,12
"3850","060371286023","Block Group 3, Census Tract 1286.02, Los Angeles County, California",1423,343,0,12,0,12,0,12,0,12,0,12,0,12,0,12,0,12,0,12,0,12,0,12,0,12,0,12,0,12,0,12,0,12,0,12,0,12,0,12,0,12,0,12,0,12,0,12,0,12,1481,353,251,152,1481,353,0,12,8,13,104,83,0,12,1485,352,94,71,0,12,6,10,1295,357,54,49,0,12
"3851","060374085051","Block Group 1, Census Tract 4085.05, Los Angeles County, California",1253,201,0,12,0,12,0,12,0,12,0,12,0,12,0,12,0,12,30,42,0,12,0,12,0,12,27,24,0,12,0,12,0,12,0,12,0,12,0,12,0,12,41,35,0,12,0,12,0,12,1296,215,206,162,1312,219,5,8,0,12,38,22,4,6,1312,219,359,125,4,7,19,21,281,95,649,230,0,12
"3852","060374085052","Block Group 2, Census Tract 4085.05, Los Angeles County, California",1225,188,0,12,0,12,0,12,0,12,0,12,7,10,0,12,0,12,2,6,2,9,5,7,0,12,36,27,32,35,0,12,0,12,9,15,2,8,0,12,6,9,84,41,11,12,0,12,0,12,1341,228,73,42,1341,228,0,12,20,31,29,25,0,12,1341,228,553,146,0,12,0,12,183,86,583,219,22,30
"3853","060374085041","Block Group 1, Census Tract 4085.04, Los Angeles County, California",1838,384,24,37,0,12,0,12,0,12,0,12,0,12,0,12,0,12,10,15,75,76,0,12,0,12,13,21,28,33,0,12,0,12,0,12,0,12,0,12,0,12,13,20,29,35,0,12,0,12,1868,405,135,111,1863,406,12,17,46,51,12,16,0,12,1868,405,607,194,0,12,0,12,211,93,1050,417,0,12
"3854","060374085043","Block Group 3, Census Tract 4085.04, Los Angeles County, California",1303,322,0,12,0,12,0,12,0,12,0,12,0,12,0,12,0,12,73,48,27,32,6,11,0,12,21,24,0,12,0,12,0,12,0,12,35,54,9,13,0,12,13,19,0,12,0,12,0,12,1475,405,282,156,1477,405,0,12,67,69,34,39,0,12,1477,405,196,136,0,12,10,9,138,90,1113,440,0,12
"3855","060374085042","Block Group 2, Census Tract 4085.04, Los Angeles County, California",1742,288,24,28,0,12,0,12,0,12,0,12,0,12,0,12,0,12,65,70,0,12,0,12,0,12,62,47,0,12,0,12,0,12,18,26,0,12,0,12,0,12,68,77,8,13,0,12,0,12,1848,289,184,102,1848,289,11,19,55,51,89,69,0,12,1848,289,943,265,0,12,0,12,221,101,641,237,0,12
"3856","060374067012","Block Group 2, Census Tract 4067.01, Los Angeles County, California",1052,195,0,12,0,12,0,12,0,12,0,12,0,12,0,12,0,12,29,19,5,7,0,12,0,12,10,12,0,12,0,12,0,12,5,7,0,12,0,12,0,12,4,8,0,12,0,12,0,12,1076,193,65,47,1081,194,8,11,0,12,3,5,0,12,1081,194,197,84,0,12,102,91,28,27,745,168,5,8
"3857","060374067011","Block Group 1, Census Tract 4067.01, Los Angeles County, California",1332,179,0,12,0,12,0,12,0,12,0,12,3,5,0,12,0,12,72,44,0,12,0,12,0,12,28,21,0,12,0,12,0,12,12,13,7,10,0,12,0,12,20,23,2,3,0,12,0,12,1383,197,32,26,1366,188,11,15,15,16,36,31,0,12,1395,197,311,104,1,2,112,114,119,51,812,190,0,12
"3858","060374067013","Block Group 3, Census Tract 4067.01, Los Angeles County, California",578,118,0,12,0,12,0,12,0,12,4,6,0,12,0,12,0,12,0,12,0,12,0,12,0,12,13,14,0,12,0,12,0,12,0,12,0,12,0,12,0,12,8,9,12,13,0,12,0,12,600,123,40,29,606,123,0,12,6,9,11,12,0,12,606,123,187,75,0,12,53,41,117,55,249,115,0,12
"3859","060374081411","Block Group 1, Census Tract 4081.41, Los Angeles County, California",4381,547,0,12,10,16,0,12,0,12,0,12,0,12,0,12,0,12,362,136,131,78,0,12,0,12,136,78,90,62,10,15,0,12,161,91,167,118,0,12,0,12,6,9,63,63,0,12,0,12,4627,615,210,171,4641,618,0,12,281,111,258,134,0,12,4651,619,874,235,0,12,6,10,48,37,3723,648,0,12
"3860","060374081412","Block Group 2, Census Tract 4081.41, Los Angeles County, California",652,330,0,12,0,12,0,12,0,12,0,12,0,12,0,12,0,12,116,112,8,14,0,12,0,12,74,83,0,12,0,12,0,12,10,16,45,57,0,12,0,12,0,12,0,12,0,12,0,12,715,383,188,176,715,383,0,12,21,32,125,91,37,56,715,383,109,107,0,12,0,12,0,12,606,417,0,12
"3861","060374081401","Block Group 1, Census Tract 4081.40, Los Angeles County, California",2398,276,0,12,0,12,0,12,0,12,0,12,0,12,0,12,0,12,267,108,120,73,0,12,0,12,20,18,32,37,0,12,0,12,13,14,6,8,0,12,0,12,5,8,21,25,0,12,0,12,2549,321,446,280,2549,321,68,87,166,96,314,119,6,9,2549,321,190,121,0,12,14,17,67,49,2278,366,0,12
"3862","060379200373","Block Group 3, Census Tract 9200.37, Los Angeles County, California",1303,407,25,37,0,12,0,12,0,12,0,12,0,12,0,12,0,12,73,71,22,34,0,12,0,12,0,12,0,12,0,12,0,12,0,12,0,12,0,12,0,12,93,151,0,12,0,12,0,12,1495,466,301,218,1495,466,97,93,142,123,138,93,0,12,1495,466,93,151,0,12,37,41,390,276,944,472,0,12
"3863","060373107023","Block Group 3, Census Tract 3107.02, Los Angeles County, California",2359,531,0,12,0,12,19,31,0,12,0,12,0,12,0,12,0,12,0,12,0,12,54,56,0,12,0,12,0,12,45,72,59,94,0,12,0,12,48,64,32,50,20,30,0,12,0,12,0,12,2372,531,240,135,2395,529,28,43,83,75,92,99,32,50,2395,529,242,124,0,12,76,110,1626,542,335,228,0,12
"3864","060375545213","Block Group 3, Census Tract 5545.21, Los Angeles County, California",1888,349,0,12,0,12,0,12,0,12,0,12,0,12,0,12,0,12,0,12,12,19,0,12,0,12,20,29,0,12,13,20,0,12,0,12,0,12,0,12,0,12,5,10,0,12,0,12,0,12,1929,370,74,59,1929,370,0,12,55,63,22,27,22,35,1947,371,1182,318,22,40,246,210,312,111,175,102,0,12
"3865","060372717023","Block Group 3, Census Tract 2717.02, Los Angeles County, California",1244,214,0,12,0,12,0,12,0,12,0,12,0,12,0,12,0,12,0,12,0,12,0,12,0,12,9,14,0,12,0,12,0,12,0,12,0,12,0,12,0,12,0,12,0,12,0,12,0,12,1447,264,298,160,1447,264,0,12,40,45,0,12,0,12,1447,264,548,189,0,12,31,29,425,154,373,192,0,12
"3866","060371395021","Block Group 1, Census Tract 1395.02, Los Angeles County, California",1712,304,0,12,0,12,7,14,0,12,0,12,0,12,0,12,0,12,7,12,8,13,51,62,0,12,10,22,0,12,0,12,0,12,0,12,0,12,53,43,29,34,0,12,0,12,0,12,0,12,1806,338,251,125,1806,338,0,12,0,12,82,67,0,12,1806,338,66,52,0,12,0,12,1415,342,214,146,0,12
"3867","060375302021","Block Group 1, Census Tract 5302.02, Los Angeles County, California",1132,321,0,12,0,12,0,12,0,12,0,12,0,12,0,12,0,12,40,40,0,12,0,12,0,12,51,80,0,12,0,12,0,12,11,18,0,12,0,12,0,12,0,12,0,12,0,12,0,12,1127,303,71,81,1157,325,20,29,0,12,42,43,0,12,1157,325,177,143,0,12,0,12,47,52,933,319,0,12
"3868","060375302022","Block Group 2, Census Tract 5302.02, Los Angeles County, California",1869,409,0,12,0,12,0,12,0,12,0,12,0,12,0,12,0,12,181,101,28,27,0,12,0,12,62,97,0,12,0,12,0,12,99,69,0,12,0,12,0,12,27,37,0,12,0,12,0,12,1970,430,14,22,2003,416,7,15,16,20,54,43,0,12,2003,416,161,130,0,12,0,12,82,64,1760,396,0,12
"3869","060372122021","Block Group 1, Census Tract 2122.02, Los Angeles County, California",2147,328,17,28,0,12,0,12,0,12,8,13,0,12,0,12,0,12,339,139,129,101,0,12,0,12,81,70,0,12,0,12,37,55,83,66,5,10,0,12,0,12,57,66,0,12,0,12,0,12,2193,356,640,280,2216,357,37,37,327,130,352,149,28,46,2216,357,362,163,0,12,87,61,128,65,1639,360,0,12
"3870","060372132021","Block Group 1, Census Tract 2132.02, Los Angeles County, California",1561,406,22,34,0,12,0,12,0,12,0,12,0,12,0,12,0,12,343,144,52,76,0,12,0,12,20,22,0,12,0,12,0,12,20,24,75,68,0,12,0,12,9,16,0,12,0,12,0,12,1690,437,623,331,1690,437,20,30,98,85,220,137,0,12,1690,437,110,83,0,12,26,39,36,28,1470,466,0,12
"3871","060372132022","Block Group 2, Census Tract 2132.02, Los Angeles County, California",2240,365,31,29,0,12,0,12,0,12,11,18,0,12,0,12,0,12,336,135,71,93,0,12,0,12,140,86,57,64,0,12,0,12,60,45,65,89,0,12,0,12,106,51,69,69,0,12,0,12,2252,366,434,165,2252,366,43,47,312,151,335,136,106,85,2252,366,906,185,0,12,0,12,93,79,1224,339,0,12
"3872","060372134012","Block Group 2, Census Tract 2134.01, Los Angeles County, California",2672,472,20,31,0,12,0,12,0,12,0,12,0,12,0,12,0,12,536,153,65,66,0,12,0,12,56,35,82,49,0,12,0,12,0,12,45,49,0,12,0,12,39,54,18,28,0,12,0,12,2812,469,352,205,2812,469,0,12,397,147,215,109,17,26,2812,469,543,190,0,12,81,102,154,173,2034,431,0,12
"3873","060372622002","Block Group 2, Census Tract 2622, Los Angeles County, California",1143,273,0,12,0,12,0,12,0,12,0,12,0,12,0,12,0,12,0,12,0,12,0,12,0,12,11,17,0,12,0,12,0,12,0,12,0,12,0,12,0,12,33,53,0,12,0,12,0,12,1174,277,40,49,1174,277,0,12,0,12,0,12,0,12,1174,277,75,83,0,12,0,12,1087,281,12,19,0,12
"3874","060372085022","Block Group 2, Census Tract 2085.02, Los Angeles County, California",1343,349,18,28,0,12,0,12,0,12,0,12,0,12,0,12,0,12,257,126,111,79,0,12,0,12,0,12,0,12,0,12,0,12,2,3,0,12,0,12,1,2,6,14,0,12,0,12,0,12,1380,355,532,286,1380,355,0,12,65,62,160,92,0,12,1395,355,112,92,0,12,32,28,70,50,1134,352,27,43
"3875","060372085021","Block Group 1, Census Tract 2085.02, Los Angeles County, California",1682,405,0,12,0,12,0,12,0,12,0,12,0,12,0,12,0,12,301,211,152,85,0,12,0,12,0,12,0,12,0,12,0,12,68,58,23,38,0,12,0,12,0,12,0,12,0,12,0,12,1762,443,345,190,1762,443,0,12,116,93,192,182,0,12,1762,443,156,121,0,12,39,44,90,56,1467,402,0,12
"3876","060372085023","Block Group 3, Census Tract 2085.02, Los Angeles County, California",1019,356,0,12,0,12,0,12,0,12,0,12,0,12,0,12,0,12,109,90,124,94,0,12,0,12,0,12,0,12,0,12,0,12,0,12,54,84,0,12,0,12,0,12,0,12,0,12,0,12,1194,424,145,120,1207,424,128,164,26,27,112,79,0,12,1207,424,182,146,0,12,22,27,24,21,978,428,0,12
"3877","060372084021","Block Group 1, Census Tract 2084.02, Los Angeles County, California",1211,240,0,12,16,22,0,12,0,12,0,12,0,12,0,12,0,12,34,31,120,53,0,12,0,12,0,12,8,12,0,12,0,12,10,16,28,27,0,12,0,12,0,12,0,12,0,12,0,12,1260,255,323,178,1297,268,20,21,126,86,60,34,13,21,1297,268,257,90,0,12,14,16,111,69,907,258,0,12
"3878","060372075011","Block Group 1, Census Tract 2075.01, Los Angeles County, California",2093,247,0,12,0,12,0,12,0,12,0,12,0,12,0,12,0,12,0,12,0,12,8,14,0,12,63,61,0,12,0,12,0,12,0,12,0,12,0,12,0,12,0,12,0,12,0,12,0,12,2193,269,417,173,2193,269,0,12,194,105,119,95,0,12,2193,269,689,197,0,12,251,130,630,185,469,195,0,12
"3879","060372073021","Block Group 1, Census Tract 2073.02, Los Angeles County, California",3055,351,0,12,0,12,0,12,0,12,0,12,0,12,0,12,0,12,0,12,0,12,0,12,0,12,34,55,0,12,0,12,0,12,15,23,0,12,0,12,0,12,0,12,0,12,0,12,0,12,3055,351,714,233,3055,351,0,12,252,136,144,107,0,12,3055,351,482,190,0,12,472,207,1336,265,479,225,36,59
"3880","060372073022","Block Group 2, Census Tract 2073.02, Los Angeles County, California",1751,311,0,12,0,12,0,12,0,12,0,12,0,12,0,12,0,12,0,12,0,12,19,30,0,12,0,12,0,12,0,12,0,12,0,12,38,60,0,12,0,12,12,21,0,12,0,12,0,12,1751,311,649,194,1751,311,0,12,31,35,45,42,38,60,1751,311,232,108,0,12,511,158,502,163,394,211,0,12
"3881","060371908011","Block Group 1, Census Tract 1908.01, Los Angeles County, California",1631,371,0,12,0,12,0,12,0,12,0,12,0,12,0,12,0,12,36,43,86,97,0,12,0,12,0,12,0,12,3,5,0,12,0,12,0,12,19,19,0,12,0,12,0,12,0,12,0,12,1514,389,634,361,1633,370,0,12,195,90,99,78,0,12,1633,370,92,62,0,12,279,170,457,138,739,213,16,36
"3882","060371908012","Block Group 2, Census Tract 1908.01, Los Angeles County, California",1044,238,0,12,10,16,0,12,0,12,0,12,0,12,0,12,0,12,40,33,0,12,10,17,0,12,0,12,0,12,0,12,0,12,9,14,0,12,120,85,34,41,35,42,0,12,0,12,0,12,1049,236,392,127,1049,236,0,12,5,21,71,57,0,12,1049,236,127,85,0,12,0,12,493,158,429,174,0,12
"3883","060371904021","Block Group 1, Census Tract 1904.02, Los Angeles County, California",2310,217,0,12,0,12,0,12,0,12,0,12,0,12,0,12,0,12,6,12,6,12,79,56,19,27,69,79,0,12,20,31,0,12,13,20,0,12,57,37,142,60,0,12,0,12,0,12,0,12,2371,186,501,193,2372,186,0,12,38,28,196,102,0,12,2372,186,400,167,0,12,137,87,1439,233,355,114,0,12
"3884","060371904012","Block Group 2, Census Tract 1904.01, Los Angeles County, California",852,148,0,12,0,12,0,12,0,12,0,12,0,12,0,12,0,12,28,44,0,12,25,40,0,12,11,16,0,12,10,16,0,12,15,23,0,12,0,12,35,45,0,12,0,12,0,12,0,12,852,148,128,95,852,148,0,12,74,86,92,63,0,12,852,148,105,67,0,12,4,9,541,144,191,110,0,12
"3885","060371904011","Block Group 1, Census Tract 1904.01, Los Angeles County, California",2072,344,0,12,0,12,0,12,0,12,0,12,0,12,0,12,0,12,90,95,0,12,33,40,0,12,51,60,0,12,0,12,0,12,0,12,0,12,47,53,40,46,10,16,0,12,0,12,0,12,2125,375,276,137,2125,375,0,12,222,127,134,80,0,12,2125,375,240,125,0,12,18,30,1150,306,607,251,0,12
"3886","060371902011","Block Group 1, Census Tract 1902.01, Los Angeles County, California",1343,260,0,12,0,12,0,12,0,12,0,12,0,12,0,12,0,12,67,56,23,37,21,33,0,12,0,12,0,12,0,12,0,12,14,29,0,12,166,70,75,58,0,12,0,12,0,12,0,12,1365,265,539,186,1365,265,39,56,87,70,80,62,0,12,1365,265,55,53,0,12,66,44,616,178,527,217,37,48
"3887","060371899041","Block Group 1, Census Tract 1899.04, Los Angeles County, California",2360,246,0,12,0,12,0,12,0,12,0,12,0,12,0,12,0,12,47,55,0,12,15,15,0,12,0,12,12,18,0,12,0,12,0,12,0,12,63,46,41,42,0,12,0,12,0,12,0,12,2428,255,394,129,2435,256,0,12,160,119,93,40,51,55,2435,256,119,70,1,4,212,155,1511,183,453,172,0,12
"3888","060374086311","Block Group 1, Census Tract 4086.31, Los Angeles County, California",3012,434,12,19,0,12,0,12,0,12,28,45,0,12,0,12,0,12,13,24,0,12,0,12,0,12,230,106,38,51,0,12,0,12,16,27,4,9,0,12,0,12,54,53,11,18,0,12,0,12,3112,434,186,140,3146,439,0,12,109,121,209,154,0,12,3146,439,1210,337,0,12,8,16,245,118,1638,465,0,12
"3889","060374086313","Block Group 3, Census Tract 4086.31, Los Angeles County, California",821,446,0,12,0,12,0,12,0,12,0,12,0,12,0,12,0,12,0,12,58,60,0,12,0,12,0,12,0,12,0,12,0,12,0,12,0,12,0,12,0,12,13,20,0,12,0,12,0,12,857,472,55,61,857,472,98,134,128,111,18,28,0,12,857,472,38,44,0,12,0,12,54,55,765,463,0,12
"3890","060374023033","Block Group 3, Census Tract 4023.03, Los Angeles County, California",1145,310,16,26,0,12,0,12,0,12,0,12,0,12,0,12,0,12,102,54,86,64,0,12,0,12,0,12,0,12,0,12,0,12,0,12,0,12,0,12,0,12,0,12,0,12,0,12,0,12,1204,325,166,122,1239,330,10,15,37,38,60,60,0,12,1239,330,9,16,0,12,0,12,228,116,1002,331,0,12
"3891","060374023034","Block Group 4, Census Tract 4023.03, Los Angeles County, California",689,225,0,12,0,12,0,12,0,12,0,12,0,12,0,12,0,12,34,38,35,28,0,12,26,42,0,12,0,12,0,12,0,12,0,12,18,29,0,12,14,23,0,12,0,12,0,12,0,12,747,244,142,141,747,244,0,12,9,14,29,28,0,12,747,244,68,80,0,12,0,12,113,73,534,239,25,43
"3892","060374020023","Block Group 3, Census Tract 4020.02, Los Angeles County, California",1250,321,0,12,0,12,0,12,0,12,0,12,0,12,0,12,0,12,0,12,0,12,0,12,0,12,0,12,0,12,0,12,0,12,0,12,0,12,0,12,0,12,0,12,0,12,0,12,0,12,1343,338,63,54,1343,338,14,22,22,24,14,22,0,12,1343,338,26,28,0,12,35,45,841,228,387,259,0,12
"3893","060374020021","Block Group 1, Census Tract 4020.02, Los Angeles County, California",1604,331,0,12,0,12,0,12,0,12,0,12,0,12,0,12,0,12,5,12,4,8,15,20,0,12,2,7,16,23,0,12,0,12,16,24,4,11,0,12,0,12,0,12,5,10,0,12,0,12,1596,365,184,141,1604,366,0,12,0,12,30,28,0,12,1696,375,136,91,0,12,47,71,617,193,881,318,15,18
"3894","060374020011","Block Group 1, Census Tract 4020.01, Los Angeles County, California",1657,245,0,12,0,12,0,12,0,12,0,12,0,12,0,12,0,12,16,26,0,12,0,12,0,12,21,37,0,12,0,12,0,12,0,12,0,12,0,12,0,12,70,65,49,53,0,12,0,12,1972,308,198,143,1972,308,0,12,85,83,0,12,0,12,1972,308,416,165,0,12,339,255,632,155,435,174,0,12
"3895","060374803042","Block Group 2, Census Tract 4803.04, Los Angeles County, California",812,220,0,12,0,12,0,12,0,12,0,12,0,12,0,12,0,12,0,12,14,23,0,12,0,12,49,48,0,12,0,12,0,12,0,12,0,12,0,12,0,12,19,22,30,34,0,12,0,12,845,232,75,79,845,232,6,12,55,63,37,39,0,12,845,232,519,180,0,12,44,50,57,50,208,143,0,12
"3896","060372260012","Block Group 2, Census Tract 2260.01, Los Angeles County, California",780,243,0,12,0,12,0,12,0,12,0,12,0,12,0,12,0,12,90,47,45,31,0,12,0,12,0,12,0,12,0,12,0,12,34,47,11,18,0,12,0,12,0,12,0,12,0,12,0,12,1103,352,629,344,1103,352,0,12,64,53,71,48,11,18,1103,352,0,12,0,12,224,262,5,7,874,316,0,12
"3897","060372220021","Block Group 1, Census Tract 2220.02, Los Angeles County, California",1355,433,24,38,0,12,0,12,0,12,0,12,0,12,0,12,0,12,244,114,154,91,0,12,0,12,0,12,0,12,0,12,0,12,0,12,30,48,0,12,0,12,0,12,0,12,0,12,0,12,1365,390,415,269,1429,445,0,12,150,112,186,130,0,12,1429,445,0,12,0,12,398,365,6,11,1018,332,0,12
"3898","060372220022","Block Group 2, Census Tract 2220.02, Los Angeles County, California",943,481,0,12,0,12,0,12,0,12,0,12,0,12,0,12,0,12,76,67,26,31,0,12,0,12,0,12,0,12,0,12,0,12,0,12,19,29,0,12,0,12,0,12,0,12,0,12,0,12,961,489,88,68,961,489,0,12,35,53,221,149,0,12,961,489,0,12,0,12,103,115,0,12,858,477,0,12
"3899","060371240001","Block Group 1, Census Tract 1240, Los Angeles County, California",1087,526,0,12,0,12,0,12,0,12,0,12,0,12,0,12,0,12,0,12,0,12,0,12,0,12,0,12,0,12,0,12,0,12,0,12,0,12,0,12,0,12,0,12,0,12,0,12,0,12,1323,681,14,21,1323,681,0,12,0,12,0,12,0,12,1323,681,49,53,0,12,0,12,1162,665,71,77,0,12
"3900","060372016021","Block Group 1, Census Tract 2016.02, Los Angeles County, California",1334,311,0,12,0,12,0,12,0,12,5,8,0,12,0,12,0,12,57,51,29,39,0,12,0,12,18,18,5,8,0,12,0,12,105,74,6,9,0,12,0,12,14,21,13,20,0,12,0,12,1398,339,110,85,1406,341,25,27,16,16,83,67,18,27,1406,341,127,89,0,12,0,12,16,19,1229,327,25,42
"3901","060372016022","Block Group 2, Census Tract 2016.02, Los Angeles County, California",530,199,7,11,0,12,0,12,0,12,0,12,0,12,0,12,0,12,56,56,0,12,0,12,0,12,11,18,0,12,0,12,0,12,15,24,0,12,0,12,0,12,7,12,20,18,0,12,0,12,546,208,132,124,554,209,0,12,34,40,47,48,0,12,554,209,117,63,0,12,0,12,34,29,399,202,0,12
"3902","060372016011","Block Group 1, Census Tract 2016.01, Los Angeles County, California",2264,244,43,42,0,12,0,12,0,12,0,12,0,12,0,12,0,12,203,81,35,27,3,8,0,12,19,16,6,13,0,12,0,12,56,46,11,16,0,12,0,12,69,31,0,12,0,12,0,12,2323,258,427,254,2323,258,10,17,122,79,179,78,21,24,2323,258,222,63,0,12,59,44,109,54,1853,252,0,12
"3903","060371959031","Block Group 1, Census Tract 1959.03, Los Angeles County, California",1200,173,0,12,0,12,0,12,0,12,0,12,0,12,0,12,0,12,88,45,9,12,5,7,0,12,26,22,0,12,0,12,0,12,11,14,32,25,0,12,0,12,15,14,0,12,0,12,0,12,1234,177,164,58,1234,177,0,12,88,57,71,43,5,8,1234,177,173,75,0,12,0,12,368,83,606,162,5,9
"3904","060371959022","Block Group 2, Census Tract 1959.02, Los Angeles County, California",1261,170,0,12,0,12,0,12,0,12,0,12,0,12,0,12,0,12,20,30,0,12,31,43,0,12,0,12,0,12,0,12,0,12,0,12,0,12,0,12,0,12,0,12,0,12,0,12,0,12,1301,196,332,121,1301,196,0,12,59,60,117,76,0,12,1301,196,202,192,0,12,37,37,592,148,390,120,0,12
"3905","060371958041","Block Group 1, Census Tract 1958.04, Los Angeles County, California",1182,224,20,31,0,12,0,12,0,12,0,12,0,12,0,12,0,12,48,55,39,41,0,12,0,12,0,12,0,12,0,12,0,12,22,33,0,12,0,12,0,12,20,23,0,12,0,12,0,12,1326,247,152,113,1326,247,60,71,40,45,42,45,0,12,1326,247,103,85,0,12,20,32,356,152,815,219,0,12
"3906","060374619011","Block Group 1, Census Tract 4619.01, Los Angeles County, California",2279,504,0,12,0,12,0,12,0,12,0,12,0,12,0,12,0,12,415,226,142,121,0,12,0,12,34,39,0,12,0,12,0,12,0,12,32,37,17,28,0,12,8,19,0,12,0,12,0,12,2356,503,572,242,2356,503,18,30,136,101,290,184,0,12,2356,503,195,103,0,12,42,46,537,175,1540,505,0,12
"3907","060374619012","Block Group 2, Census Tract 4619.01, Los Angeles County, California",719,416,0,12,0,12,0,12,0,12,0,12,0,12,0,12,0,12,10,18,13,24,0,12,0,12,0,12,0,12,0,12,0,12,0,12,0,12,0,12,0,12,0,12,0,12,0,12,0,12,750,409,24,29,750,409,0,12,0,12,66,55,0,12,750,409,7,10,0,12,303,357,119,95,280,186,0,12
"3908","060374619013","Block Group 3, Census Tract 4619.01, Los Angeles County, California",1849,488,21,34,0,12,0,12,0,12,0,12,0,12,0,12,0,12,250,165,62,53,0,12,0,12,7,11,0,12,0,12,0,12,16,19,24,37,0,12,0,12,0,12,70,81,0,12,0,12,1945,517,412,272,1945,517,21,32,119,93,119,91,0,12,1945,517,217,169,0,12,332,262,246,119,1073,440,5,9
"3909","060374615021","Block Group 1, Census Tract 4615.02, Los Angeles County, California",1098,290,0,12,0,12,0,12,0,12,0,12,0,12,0,12,0,12,30,25,0,12,0,12,0,12,0,12,0,12,0,12,0,12,28,31,10,17,0,12,0,12,0,12,0,12,0,12,0,12,1134,302,10,15,1134,302,0,12,19,31,58,69,18,29,1134,302,0,12,0,12,185,107,247,123,679,300,0,12
"3910","060373118022","Block Group 2, Census Tract 3118.02, Los Angeles County, California",1960,381,0,12,0,12,0,12,0,12,0,12,0,12,0,12,0,12,181,227,0,12,8,15,0,12,0,12,0,12,0,12,9,16,9,15,0,12,62,62,18,27,15,23,0,12,0,12,0,12,2036,406,232,137,2048,401,0,12,55,55,32,31,0,12,2048,401,294,121,0,12,12,19,503,132,1166,373,24,28
"3911","060373118021","Block Group 1, Census Tract 3118.02, Los Angeles County, California",1919,344,0,12,0,12,0,12,0,12,0,12,0,12,0,12,0,12,155,110,0,12,7,13,0,12,0,12,0,12,0,12,0,12,0,12,0,12,17,21,0,12,0,12,0,12,0,12,0,12,2020,362,108,93,2020,362,28,43,75,63,75,73,0,12,2020,362,294,140,0,12,49,59,496,226,1084,386,14,23
"3912","060374013114","Block Group 4, Census Tract 4013.11, Los Angeles County, California",1732,395,0,12,0,12,0,12,0,12,0,12,0,12,0,12,0,12,0,12,0,12,0,12,0,12,0,12,0,12,0,12,0,12,0,12,17,30,0,12,0,12,0,12,0,12,0,12,0,12,1766,411,177,172,1766,411,0,12,15,26,17,28,0,12,1766,411,15,28,0,12,29,33,999,330,650,355,0,12
"3913","060372011103","Block Group 3, Census Tract 2011.10, Los Angeles County, California",739,156,0,12,0,12,0,12,0,12,0,12,0,12,0,12,0,12,36,33,16,18,0,12,0,12,22,20,0,12,0,12,0,12,5,9,0,12,0,12,0,12,0,12,5,8,0,12,0,12,748,159,99,80,748,159,5,7,19,16,58,38,0,12,748,159,71,47,0,12,5,8,62,41,610,160,0,12
"3914","060376205214","Block Group 4, Census Tract 6205.21, Los Angeles County, California",807,180,0,12,0,12,0,12,0,12,0,12,0,12,0,12,0,12,0,12,0,12,0,12,0,12,0,12,0,12,0,12,0,12,0,12,0,12,0,12,0,12,0,12,0,12,0,12,0,12,850,196,19,26,850,196,19,27,0,12,0,12,0,12,850,196,83,77,0,12,0,12,532,148,168,85,0,12
"3915","060376205222","Block Group 2, Census Tract 6205.22, Los Angeles County, California",1748,255,0,12,0,12,0,12,0,12,0,12,0,12,0,12,0,12,0,12,0,12,0,12,0,12,0,12,0,12,0,12,0,12,0,12,0,12,0,12,0,12,18,28,0,12,0,12,0,12,2058,335,54,61,2066,334,0,12,88,112,18,28,0,12,2066,334,370,116,0,12,7,11,1082,197,249,148,0,12
"3916","060376205223","Block Group 3, Census Tract 6205.22, Los Angeles County, California",1673,337,0,12,0,12,0,12,0,12,0,12,0,12,0,12,0,12,32,43,0,12,0,12,0,12,0,12,0,12,0,12,0,12,0,12,0,12,0,12,0,12,0,12,0,12,0,12,0,12,1765,348,83,70,1765,348,9,14,42,39,0,12,0,12,1765,348,209,93,0,12,70,70,907,252,421,206,0,12
"3917","060374623012","Block Group 2, Census Tract 4623.01, Los Angeles County, California",1019,381,0,12,0,12,0,12,0,12,0,12,0,12,0,12,0,12,117,97,35,51,0,12,0,12,0,12,0,12,0,12,0,12,10,17,0,12,0,12,0,12,11,15,0,12,0,12,0,12,1096,436,484,372,1096,436,16,26,67,67,0,12,0,12,1096,436,74,39,0,12,46,45,198,99,721,409,0,12
"3918","060374623013","Block Group 3, Census Tract 4623.01, Los Angeles County, California",968,346,0,12,0,12,0,12,0,12,0,12,0,12,0,12,0,12,26,40,0,12,0,12,0,12,0,12,0,12,0,12,0,12,0,12,0,12,0,12,0,12,0,12,0,12,0,12,0,12,1055,407,135,145,1055,407,17,29,28,46,108,86,21,37,1055,407,63,62,0,12,336,202,113,78,543,383,0,12
"3919","060371341042","Block Group 2, Census Tract 1341.04, Los Angeles County, California",1931,296,0,12,0,12,0,12,0,12,0,12,0,12,0,12,0,12,46,49,0,12,34,37,0,12,7,13,0,12,0,12,0,12,8,14,0,12,44,37,0,12,6,10,0,12,0,12,0,12,2059,328,137,95,2059,328,18,21,142,88,123,68,0,12,2059,328,648,238,20,32,101,100,471,153,782,286,0,12
"3920","060372674032","Block Group 2, Census Tract 2674.03, Los Angeles County, California",875,155,0,12,0,12,0,12,0,12,0,12,0,12,0,12,0,12,0,12,0,12,0,12,0,12,0,12,0,12,0,12,0,12,0,12,0,12,58,50,12,18,0,12,0,12,0,12,0,12,898,158,227,89,898,158,0,12,27,44,9,14,0,12,898,158,56,47,0,12,28,42,697,151,86,60,0,12
"3921","060372656012","Block Group 2, Census Tract 2656.01, Los Angeles County, California",2294,385,0,12,0,12,0,12,0,12,0,12,0,12,0,12,0,12,0,12,0,12,40,44,0,12,11,17,0,12,10,15,0,12,0,12,0,12,39,33,0,12,0,12,0,12,0,12,0,12,2400,403,300,171,2400,403,40,59,141,161,0,12,0,12,2400,403,407,149,0,12,0,12,1769,393,149,116,0,12
"3922","060372656011","Block Group 1, Census Tract 2656.01, Los Angeles County, California",1138,293,0,12,0,12,0,12,0,12,0,12,0,12,0,12,0,12,0,12,0,12,0,12,0,12,0,12,13,21,0,12,0,12,0,12,0,12,7,10,0,12,0,12,0,12,0,12,0,12,1215,299,201,160,1215,299,0,12,0,12,0,12,7,11,1215,299,207,135,0,12,0,12,932,292,0,12,0,12
"3923","060373016021","Block Group 1, Census Tract 3016.02, Los Angeles County, California",1955,418,0,12,0,12,0,12,0,12,0,12,0,12,0,12,0,12,127,103,0,12,100,71,0,12,7,11,0,12,0,12,0,12,40,38,0,12,0,12,32,52,0,12,4,8,0,12,0,12,2048,440,313,218,2048,440,45,48,82,78,119,63,0,12,2134,445,293,231,36,52,119,115,823,254,845,285,0,12
"3924","060374605024","Block Group 4, Census Tract 4605.02, Los Angeles County, California",664,178,0,12,0,12,0,12,0,12,0,12,0,12,0,12,0,12,0,12,0,12,0,12,0,12,0,12,0,12,0,12,0,12,0,12,0,12,0,12,0,12,0,12,0,12,0,12,0,12,741,190,0,12,741,190,28,41,0,12,0,12,0,12,741,190,83,68,0,12,0,12,433,134,207,149,0,12
"3925","060371957103","Block Group 3, Census Tract 1957.10, Los Angeles County, California",1290,411,0,12,0,12,0,12,0,12,0,12,0,12,0,12,0,12,111,67,152,142,0,12,0,12,0,12,0,12,0,12,0,12,25,39,38,58,0,12,0,12,0,12,10,14,0,12,0,12,1278,401,612,349,1278,401,0,12,51,54,142,180,0,12,1369,439,35,32,0,12,79,74,192,91,1063,433,0,12
"3926","060371957102","Block Group 2, Census Tract 1957.10, Los Angeles County, California",1581,484,0,12,14,22,0,12,0,12,0,12,0,12,0,12,0,12,56,44,121,91,0,12,0,12,14,22,0,12,0,12,0,12,0,12,0,12,0,12,0,12,0,12,0,12,0,12,0,12,1595,492,652,350,1611,497,0,12,93,88,106,78,0,12,1634,493,172,127,19,44,92,93,270,153,1016,319,0,12
"3927","060379108041","Block Group 1, Census Tract 9108.04, Los Angeles County, California",2850,352,0,12,0,12,0,12,0,12,0,12,0,12,0,12,0,12,10,17,0,12,0,12,0,12,0,12,0,12,0,12,0,12,0,12,0,12,0,12,0,12,15,25,0,12,0,12,0,12,2964,357,208,125,2964,357,13,21,63,53,130,101,0,12,2964,357,57,43,0,12,33,41,1994,290,869,292,0,12
"3928","060379200182","Block Group 2, Census Tract 9200.18, Los Angeles County, California",603,103,0,12,0,12,0,12,0,12,0,12,0,12,0,12,0,12,0,12,0,12,0,12,0,12,0,12,0,12,0,12,0,12,0,12,0,12,0,12,0,12,0,12,0,12,0,12,0,12,615,109,10,15,615,109,5,8,6,9,4,8,0,12,615,109,10,15,0,12,5,7,539,113,61,48,0,12
"3929","060379200183","Block Group 3, Census Tract 9200.18, Los Angeles County, California",382,82,0,12,0,12,0,12,0,12,0,12,0,12,0,12,0,12,0,12,0,12,0,12,0,12,0,12,0,12,0,12,0,12,0,12,0,12,0,12,0,12,0,12,0,12,0,12,0,12,412,89,23,25,412,89,0,12,0,12,8,11,0,12,412,89,4,7,0,12,0,12,307,90,91,67,0,12
"3930","060376012023","Block Group 3, Census Tract 6012.02, Los Angeles County, California",1255,446,0,12,0,12,0,12,0,12,0,12,0,12,0,12,0,12,233,118,25,42,0,12,0,12,0,12,0,12,0,12,0,12,53,74,32,30,0,12,0,12,0,12,0,12,0,12,0,12,1367,467,112,124,1358,465,0,12,125,75,45,56,0,12,1367,467,12,20,0,12,130,125,47,41,1139,427,0,12
"3931","060376018022","Block Group 2, Census Tract 6018.02, Los Angeles County, California",1289,351,0,12,0,12,0,12,0,12,0,12,0,12,0,12,0,12,64,52,99,68,0,12,0,12,0,12,0,12,0,12,0,12,33,30,62,54,0,12,0,12,0,12,0,12,0,12,0,12,1435,384,262,165,1435,384,0,12,57,42,91,65,0,12,1435,384,0,12,0,12,9,15,81,80,1345,390,0,12
"3932","060376019001","Block Group 1, Census Tract 6019, Los Angeles County, California",2193,486,23,37,0,12,0,12,0,12,0,12,0,12,0,12,0,12,321,139,57,51,0,12,0,12,7,10,0,12,0,12,0,12,42,51,22,31,37,52,0,12,0,12,0,12,0,12,0,12,2349,540,777,433,2349,540,44,75,122,104,182,138,0,12,2349,540,9,13,0,12,398,188,16,25,1882,514,7,10
"3933","060376023023","Block Group 3, Census Tract 6023.02, Los Angeles County, California",1812,252,0,12,0,12,0,12,0,12,0,12,0,12,0,12,0,12,0,12,0,12,0,12,0,12,30,32,0,12,0,12,0,12,0,12,0,12,0,12,0,12,0,12,0,12,0,12,0,12,2061,280,114,116,2077,284,17,26,10,16,18,28,0,12,2077,284,621,213,0,12,45,72,936,240,310,148,0,12
"3934","060376023022","Block Group 2, Census Tract 6023.02, Los Angeles County, California",559,139,0,12,0,12,0,12,0,12,0,12,0,12,0,12,0,12,0,12,0,12,0,12,0,12,0,12,0,12,0,12,0,12,0,12,0,12,0,12,0,12,0,12,0,12,0,12,0,12,592,151,9,13,592,151,0,12,0,12,0,12,0,12,592,151,114,86,0,12,29,49,295,121,138,87,0,12
"3935","060376023024","Block Group 4, Census Tract 6023.02, Los Angeles County, California",1132,225,0,12,0,12,0,12,0,12,0,12,0,12,0,12,0,12,8,13,0,12,0,12,0,12,0,12,0,12,0,12,0,12,0,12,0,12,0,12,0,12,0,12,0,12,0,12,0,12,1238,259,56,91,1238,259,31,50,0,12,15,19,0,12,1238,259,177,119,0,12,20,33,805,205,128,89,0,12
"3936","060376024024","Block Group 4, Census Tract 6024.02, Los Angeles County, California",1426,377,0,12,0,12,0,12,0,12,0,12,0,12,0,12,0,12,93,84,2,5,0,12,0,12,0,12,0,12,0,12,0,12,0,12,0,12,0,12,0,12,0,12,0,12,0,12,0,12,1526,412,90,88,1526,412,0,12,64,90,4,7,0,12,1526,412,103,123,14,23,366,237,184,130,857,360,0,12
"3937","060376024023","Block Group 3, Census Tract 6024.02, Los Angeles County, California",904,318,0,12,0,12,0,12,0,12,0,12,0,12,0,12,0,12,78,74,31,50,0,12,0,12,0,12,0,12,0,12,0,12,0,12,0,12,0,12,0,12,14,22,0,12,0,12,0,12,977,347,130,126,977,347,19,31,0,12,0,12,0,12,977,347,65,53,0,12,32,53,128,83,692,359,0,12
"3938","060376024022","Block Group 2, Census Tract 6024.02, Los Angeles County, California",1785,478,20,33,0,12,0,12,0,12,0,12,0,12,0,12,0,12,162,122,0,12,9,17,0,12,0,12,0,12,0,12,0,12,32,51,0,12,0,12,0,12,0,12,0,12,0,12,0,12,2012,541,76,81,2012,541,0,12,218,261,217,165,0,12,2012,541,275,156,0,12,244,233,245,174,1201,521,0,12
"3939","060376024021","Block Group 1, Census Tract 6024.02, Los Angeles County, California",850,289,0,12,0,12,0,12,0,12,0,12,0,12,0,12,0,12,88,83,0,12,0,12,0,12,0,12,0,12,0,12,0,12,37,46,0,12,0,12,0,12,0,12,0,12,0,12,0,12,895,305,12,20,895,305,25,43,139,87,163,130,23,37,895,305,24,30,12,20,87,128,68,84,684,290,0,12
"3940","060374006032","Block Group 2, Census Tract 4006.03, Los Angeles County, California",1181,277,13,23,0,12,0,12,0,12,0,12,0,12,0,12,0,12,61,62,24,25,0,12,0,12,0,12,0,12,0,12,0,12,14,21,14,21,0,12,0,12,0,12,0,12,0,12,0,12,1306,326,88,64,1306,326,0,12,38,32,53,43,0,12,1306,326,45,41,0,12,165,122,336,103,739,281,0,12
"3941","060372976022","Block Group 2, Census Tract 2976.02, Los Angeles County, California",1607,399,1,5,64,88,0,12,0,12,0,12,0,12,0,12,0,12,6,10,58,60,0,12,0,12,23,33,0,12,0,12,0,12,0,12,0,12,0,12,0,12,0,12,0,12,0,12,0,12,1700,407,278,207,1700,407,102,120,16,19,81,64,0,12,1700,407,266,210,10,16,14,20,657,169,674,385,0,12
"3942","060374081402","Block Group 2, Census Tract 4081.40, Los Angeles County, California",1164,358,5,7,0,12,0,12,0,12,0,12,0,12,0,12,0,12,70,67,24,25,0,12,0,12,17,23,3,5,0,12,0,12,47,46,17,25,0,12,0,12,0,12,5,8,0,12,0,12,1244,366,149,116,1244,366,27,43,30,28,61,48,0,12,1244,366,34,35,0,12,17,25,15,15,1178,376,0,12
"3943","060374080052","Block Group 2, Census Tract 4080.05, Los Angeles County, California",1723,322,24,39,0,12,0,12,0,12,0,12,0,12,0,12,0,12,32,40,0,12,0,12,0,12,34,29,17,27,0,12,0,12,56,78,17,29,0,12,0,12,7,12,11,17,0,12,0,12,1865,353,157,132,1875,353,34,30,42,48,57,60,0,12,1875,353,660,208,0,12,52,44,128,93,1017,353,0,12
"3944","060374080051","Block Group 1, Census Tract 4080.05, Los Angeles County, California",1343,335,0,12,0,12,0,12,0,12,0,12,0,12,0,12,0,12,130,181,62,68,0,12,0,12,37,36,6,11,0,12,0,12,38,40,0,12,10,16,0,12,5,7,0,12,0,12,0,12,1373,340,43,36,1392,346,62,51,169,143,145,136,0,12,1392,346,314,132,0,12,38,56,359,119,521,345,0,12
"3945","060374078021","Block Group 1, Census Tract 4078.02, Los Angeles County, California",1801,360,7,11,13,19,0,12,0,12,9,15,0,12,0,12,0,12,78,51,97,123,0,12,0,12,21,21,15,21,0,12,0,12,22,20,3,7,0,12,0,12,0,12,68,65,0,12,0,12,1888,384,103,69,1888,384,26,38,7,11,196,147,0,12,1888,384,319,177,49,73,3,5,103,65,1411,368,0,12
"3946","060372084022","Block Group 2, Census Tract 2084.02, Los Angeles County, California",1486,226,7,12,0,12,0,12,0,12,0,12,0,12,0,12,0,12,97,53,80,51,0,12,0,12,24,28,0,12,0,12,0,12,27,22,31,22,0,12,0,12,11,15,0,12,0,12,0,12,1599,252,336,158,1599,252,7,11,107,65,113,60,13,18,1599,252,243,141,14,20,28,26,154,73,1126,261,0,12
"3947","060372084012","Block Group 2, Census Tract 2084.01, Los Angeles County, California",2602,433,0,12,0,12,0,12,0,12,0,12,0,12,0,12,0,12,424,194,412,214,0,12,0,12,69,47,0,12,0,12,0,12,35,47,7,12,0,12,0,12,150,74,154,76,0,12,0,12,2822,491,779,335,2822,491,22,34,602,276,444,156,8,13,2822,491,868,207,0,12,23,25,29,24,1902,498,0,12
"3948","060372220023","Block Group 3, Census Tract 2220.02, Los Angeles County, California",1385,496,0,12,0,12,0,12,0,12,0,12,0,12,0,12,0,12,104,68,44,51,0,12,0,12,0,12,0,12,0,12,0,12,34,50,58,72,0,12,0,12,0,12,0,12,0,12,0,12,1454,542,568,456,1454,542,66,100,86,75,80,70,0,12,1454,542,39,48,0,12,408,321,88,65,919,489,0,12
"3949","060372220024","Block Group 4, Census Tract 2220.02, Los Angeles County, California",1356,413,0,12,0,12,0,12,0,12,0,12,0,12,0,12,0,12,207,135,157,201,0,12,0,12,0,12,0,12,0,12,0,12,9,17,0,12,0,12,0,12,0,12,0,12,0,12,0,12,1399,425,250,298,1399,425,0,12,137,186,68,105,0,12,1399,425,0,12,0,12,253,177,39,32,1107,424,0,12
"3950","060375500001","Block Group 1, Census Tract 5500, Los Angeles County, California",1966,498,0,12,0,12,0,12,0,12,0,12,0,12,0,12,0,12,68,57,11,25,0,12,0,12,0,12,0,12,0,12,0,12,2,5,0,12,0,12,0,12,0,12,0,12,0,12,0,12,1697,554,1014,515,1697,554,4,6,112,139,164,147,22,51,1982,499,142,93,2,5,307,139,602,218,892,288,13,28
"3951","060374636013","Block Group 3, Census Tract 4636.01, Los Angeles County, California",2086,368,0,12,0,12,0,12,0,12,9,15,0,12,0,12,0,12,0,12,0,12,0,12,0,12,19,20,0,12,0,12,0,12,0,12,0,12,0,12,0,12,0,12,56,83,0,12,0,12,2284,403,408,225,2284,403,0,12,42,68,43,53,0,12,2284,403,905,268,0,12,64,57,853,255,416,204,0,12
"3952","060374623022","Block Group 2, Census Tract 4623.02, Los Angeles County, California",964,201,0,12,0,12,0,12,0,12,0,12,0,12,0,12,0,12,0,12,0,12,0,12,0,12,0,12,0,12,0,12,0,12,0,12,0,12,19,16,0,12,8,13,52,81,0,12,0,12,994,207,187,114,994,207,13,20,55,61,49,40,0,12,994,207,326,160,0,12,89,64,332,129,209,118,0,12
"3953","060374623023","Block Group 3, Census Tract 4623.02, Los Angeles County, California",915,247,0,12,0,12,0,12,0,12,0,12,0,12,0,12,0,12,14,17,0,12,0,12,0,12,19,29,0,12,0,12,0,12,0,12,0,12,0,12,0,12,10,16,0,12,0,12,0,12,972,259,168,94,972,259,0,12,123,129,9,15,0,12,972,259,287,149,0,12,43,50,303,141,339,182,0,12
"3954","060374086263","Block Group 3, Census Tract 4086.26, Los Angeles County, California",1556,269,0,12,0,12,0,12,0,12,0,12,0,12,0,12,0,12,0,12,0,12,0,12,0,12,146,84,32,51,0,12,0,12,0,12,0,12,0,12,0,12,120,78,30,38,0,12,0,12,1629,281,116,121,1629,281,0,12,20,22,36,36,7,13,1629,281,1125,294,0,12,84,93,99,78,321,128,0,12
"3955","060375313014","Block Group 4, Census Tract 5313.01, Los Angeles County, California",1507,419,34,39,0,12,0,12,0,12,0,12,0,12,0,12,0,12,143,86,103,63,0,12,0,12,0,12,0,12,0,12,0,12,16,28,0,12,0,12,0,12,0,12,0,12,0,12,0,12,1546,423,386,268,1546,423,30,49,30,25,123,75,0,12,1546,423,0,12,0,12,0,12,0,12,1546,423,0,12
"3956","060375319011","Block Group 1, Census Tract 5319.01, Los Angeles County, California",2143,590,0,12,0,12,0,12,0,12,0,12,0,12,0,12,0,12,430,175,114,96,0,12,0,12,0,12,0,12,0,12,0,12,11,17,96,66,0,12,0,12,0,12,0,12,0,12,0,12,2242,640,503,310,2242,640,68,85,295,210,328,161,0,12,2242,640,72,106,0,12,0,12,9,14,2161,650,0,12
"3957","060371047013","Block Group 3, Census Tract 1047.01, Los Angeles County, California",896,298,4,6,0,12,0,12,0,12,0,12,0,12,0,12,0,12,150,50,50,36,0,12,0,12,0,12,0,12,0,12,0,12,0,12,13,19,0,12,0,12,0,12,0,12,0,12,0,12,907,301,161,134,907,301,0,12,58,34,31,38,0,12,907,301,0,12,0,12,26,41,8,13,873,296,0,12
"3958","060374013031","Block Group 1, Census Tract 4013.03, Los Angeles County, California",2025,166,0,12,0,12,0,12,0,12,0,12,0,12,0,12,0,12,0,12,0,12,0,12,0,12,43,29,5,7,0,12,0,12,35,37,5,8,0,12,0,12,5,8,32,24,0,12,0,12,2074,166,44,32,2074,166,19,31,12,14,15,14,0,12,2074,166,480,78,0,12,22,35,924,160,621,138,6,10
"3959","060371919022","Block Group 2, Census Tract 1919.02, Los Angeles County, California",1549,316,0,12,0,12,7,12,0,12,0,12,0,12,0,12,0,12,0,12,0,12,0,12,0,12,0,12,0,12,0,12,0,12,0,12,0,12,0,12,0,12,0,12,0,12,0,12,0,12,1565,311,66,48,1578,312,0,12,22,25,22,26,0,12,1578,312,92,85,0,12,18,28,1300,295,119,95,0,12
"3960","060376040022","Block Group 2, Census Tract 6040.02, Los Angeles County, California",2384,472,0,12,0,12,0,12,0,12,0,12,0,12,0,12,0,12,198,94,0,12,0,12,21,30,56,73,0,12,0,12,0,12,0,12,25,40,0,12,0,12,0,12,0,12,0,12,0,12,2435,475,143,99,2435,475,0,12,36,36,209,168,0,12,2435,475,434,341,75,69,73,82,346,166,1449,395,0,12
"3961","060376040012","Block Group 2, Census Tract 6040.01, Los Angeles County, California",1429,331,0,12,0,12,0,12,0,12,0,12,0,12,0,12,0,12,69,79,13,17,12,37,0,12,0,12,0,12,15,31,0,12,3,9,16,30,0,12,0,12,0,12,0,12,0,12,0,12,1515,376,88,68,1515,376,0,12,44,44,79,91,0,12,1515,376,142,166,55,94,95,91,303,111,916,359,0,12
"3962","060376040013","Block Group 3, Census Tract 6040.01, Los Angeles County, California",977,339,21,30,0,12,0,12,0,12,0,12,0,12,0,12,0,12,23,36,0,12,0,12,0,12,0,12,0,12,0,12,0,12,0,12,0,12,0,12,0,12,13,19,0,12,0,12,0,12,1031,363,121,133,1031,363,0,12,26,39,44,50,0,12,1031,363,159,154,0,12,64,78,114,103,670,351,0,12
"3963","060372753023","Block Group 3, Census Tract 2753.02, Los Angeles County, California",1636,340,0,12,0,12,0,12,0,12,0,12,0,12,0,12,0,12,14,23,0,12,0,12,0,12,0,12,0,12,0,12,0,12,0,12,0,12,0,12,0,12,0,12,0,12,0,12,0,12,1702,395,125,84,1702,395,0,12,0,12,0,12,0,12,1702,395,220,99,0,12,17,26,1322,381,49,58,0,12
"3964","060372753114","Block Group 4, Census Tract 2753.11, Los Angeles County, California",1602,338,0,12,0,12,0,12,0,12,0,12,0,12,0,12,0,12,0,12,0,12,0,12,0,12,0,12,0,12,0,12,0,12,0,12,0,12,22,35,0,12,0,12,0,12,0,12,0,12,1685,360,127,126,1685,360,0,12,0,12,12,21,0,12,1685,360,484,196,0,12,84,107,829,216,222,158,0,12
"3965","060371175302","Block Group 2, Census Tract 1175.30, Los Angeles County, California",3583,458,0,12,0,12,0,12,0,12,0,12,0,12,0,12,0,12,364,118,192,105,0,12,0,12,54,46,6,11,0,12,0,12,30,26,20,28,0,12,0,12,39,28,0,12,18,28,0,12,3939,529,908,434,3939,529,83,79,119,89,375,163,0,12,3939,529,503,168,21,39,95,127,319,130,2910,560,0,12
"3966","060371066491","Block Group 1, Census Tract 1066.49, Los Angeles County, California",1085,262,0,12,0,12,0,12,0,12,0,12,0,12,0,12,0,12,43,39,28,30,0,12,0,12,9,16,0,12,0,12,0,12,33,38,0,12,0,12,0,12,0,12,0,12,0,12,0,12,1153,296,156,116,1153,296,27,34,45,34,53,42,0,12,1153,296,30,30,0,12,0,12,82,94,1027,304,0,12
"3967","060371393022","Block Group 2, Census Tract 1393.02, Los Angeles County, California",2545,546,28,44,0,12,0,12,0,12,0,12,0,12,0,12,0,12,80,76,0,12,78,80,8,17,7,12,0,12,0,12,0,12,0,12,0,12,0,12,4,11,0,12,0,12,0,12,0,12,2704,566,394,302,2704,566,228,221,119,77,328,239,0,12,2704,566,266,216,0,12,86,62,1219,380,1026,401,0,12
"3968","060372145013","Block Group 3, Census Tract 2145.01, Los Angeles County, California",1064,199,0,12,0,12,0,12,0,12,18,30,0,12,0,12,0,12,0,12,0,12,0,12,0,12,51,48,0,12,0,12,0,12,24,34,0,12,0,12,0,12,0,12,0,12,0,12,0,12,1181,220,164,115,1181,220,0,12,34,34,9,14,0,12,1181,220,428,222,0,12,71,66,476,158,163,108,0,12
"3969","060372127022","Block Group 2, Census Tract 2127.02, Los Angeles County, California",1735,328,0,12,0,12,0,12,0,12,0,12,0,12,0,12,0,12,27,38,122,151,0,12,0,12,116,71,78,74,0,12,0,12,5,10,0,12,0,12,0,12,94,78,0,12,0,12,0,12,1724,324,526,258,1731,324,89,98,54,55,203,142,0,12,1817,346,815,317,0,12,220,111,324,134,416,128,5,11
"3970","060372127021","Block Group 1, Census Tract 2127.02, Los Angeles County, California",1344,292,0,12,0,12,0,12,0,12,0,12,0,12,0,12,0,12,6,15,0,12,0,12,0,12,132,95,0,12,0,12,0,12,0,12,20,32,0,12,0,12,94,84,0,12,0,12,0,12,1395,301,84,68,1395,301,0,12,13,21,61,42,0,12,1395,301,730,223,0,12,89,65,396,191,142,75,0,12
"3971","060372127023","Block Group 3, Census Tract 2127.02, Los Angeles County, California",373,127,0,12,0,12,0,12,0,12,0,12,0,12,0,12,0,12,0,12,0,12,0,12,0,12,8,13,0,12,0,12,0,12,0,12,0,12,0,12,0,12,0,12,0,12,0,12,0,12,420,147,0,12,420,147,0,12,0,12,0,12,32,45,420,147,209,132,0,12,0,12,108,45,9,14,0,12
"3972","060372125022","Block Group 2, Census Tract 2125.02, Los Angeles County, California",1529,254,0,12,0,12,0,12,0,12,0,12,0,12,0,12,0,12,160,99,70,51,19,30,0,12,19,21,10,16,0,12,0,12,10,17,33,39,0,12,18,29,32,41,0,12,0,12,0,12,1552,257,288,218,1552,257,0,12,138,85,118,82,0,12,1552,257,282,111,0,12,176,116,286,124,698,240,0,12
"3973","060372722012","Block Group 2, Census Tract 2722.01, Los Angeles County, California",977,287,0,12,0,12,0,12,0,12,0,12,0,12,0,12,0,12,72,101,47,74,0,12,0,12,0,12,0,12,0,12,0,12,18,18,0,12,0,12,0,12,0,12,0,12,0,12,0,12,1010,304,153,106,1010,304,0,12,125,144,126,108,0,12,1010,304,74,74,0,12,0,12,483,123,432,294,0,12
"3974","060372719021","Block Group 1, Census Tract 2719.02, Los Angeles County, California",570,153,0,12,0,12,0,12,0,12,0,12,0,12,0,12,0,12,0,12,0,12,0,12,0,12,0,12,0,12,0,12,0,12,0,12,0,12,0,12,0,12,0,12,0,12,0,12,0,12,590,153,0,12,590,153,0,12,0,12,0,12,0,12,590,153,42,47,0,12,65,68,436,141,47,36,0,12
"3975","060372719022","Block Group 2, Census Tract 2719.02, Los Angeles County, California",1147,251,0,12,0,12,0,12,0,12,0,12,0,12,0,12,0,12,0,12,0,12,0,12,0,12,6,9,0,12,0,12,0,12,8,13,0,12,0,12,0,12,0,12,0,12,0,12,0,12,1187,259,82,64,1187,259,0,12,0,12,53,52,11,16,1187,259,88,60,0,12,70,99,607,146,361,220,21,32
"3976","060372719023","Block Group 3, Census Tract 2719.02, Los Angeles County, California",2323,401,0,12,0,12,0,12,0,12,0,12,0,12,0,12,0,12,118,90,31,40,0,12,0,12,10,16,0,12,0,12,0,12,0,12,0,12,0,12,0,12,0,12,0,12,0,12,0,12,2430,412,303,197,2430,412,0,12,65,53,181,100,0,12,2430,412,304,132,0,12,148,93,807,195,995,406,0,12
"3977","060372719012","Block Group 2, Census Tract 2719.01, Los Angeles County, California",1202,198,0,12,0,12,0,12,0,12,0,12,0,12,0,12,0,12,20,22,0,12,0,12,0,12,0,12,13,21,0,12,0,12,0,12,0,12,0,12,0,12,10,16,0,12,0,12,0,12,1219,201,113,64,1219,201,0,12,20,22,38,42,6,12,1219,201,274,115,0,12,131,75,564,157,210,109,0,12
"3978","060372719013","Block Group 3, Census Tract 2719.01, Los Angeles County, California",711,258,0,12,0,12,0,12,0,12,0,12,0,12,0,12,0,12,34,55,0,12,0,12,0,12,0,12,0,12,0,12,0,12,0,12,0,12,0,12,8,12,0,12,0,12,0,12,0,12,769,254,168,120,769,254,10,16,33,57,26,25,0,12,769,254,148,120,0,12,5,11,288,202,298,156,0,12
"3979","060372719011","Block Group 1, Census Tract 2719.01, Los Angeles County, California",1233,295,0,12,0,12,0,12,0,12,0,12,0,12,0,12,0,12,44,41,29,37,0,12,0,12,0,12,0,12,0,12,0,12,0,12,0,12,0,12,0,12,0,12,9,14,0,12,0,12,1257,294,42,50,1257,294,20,30,60,59,99,84,0,12,1257,294,185,97,0,12,140,153,436,126,418,257,0,12
"3980","060372699051","Block Group 1, Census Tract 2699.05, Los Angeles County, California",660,151,0,12,0,12,0,12,0,12,0,12,0,12,0,12,0,12,0,12,0,12,0,12,0,12,0,12,0,12,0,12,0,12,0,12,0,12,0,12,0,12,0,12,0,12,0,12,0,12,660,151,27,32,660,151,0,12,73,55,9,15,0,12,660,151,179,95,0,12,63,87,343,126,63,42,0,12
"3981","060372699042","Block Group 2, Census Tract 2699.04, Los Angeles County, California",1662,366,0,12,0,12,0,12,0,12,0,12,0,12,0,12,0,12,47,52,0,12,12,20,0,12,18,28,0,12,0,12,0,12,0,12,0,12,13,19,0,12,0,12,0,12,0,12,0,12,1717,379,221,152,1717,379,0,12,103,113,18,28,0,12,1717,379,402,174,38,59,326,182,773,271,113,105,0,12
"3982","060372699043","Block Group 3, Census Tract 2699.04, Los Angeles County, California",1500,409,0,12,0,12,0,12,0,12,0,12,0,12,0,12,0,12,85,95,0,12,3,6,0,12,0,12,3,6,0,12,0,12,5,8,3,6,3,6,0,12,5,9,0,12,0,12,0,12,1456,411,93,75,1456,411,0,12,37,42,263,200,0,12,1527,409,133,66,0,12,149,98,803,264,401,290,0,12
"3983","060371413041","Block Group 1, Census Tract 1413.04, Los Angeles County, California",1686,271,0,12,0,12,0,12,0,12,0,12,0,12,0,12,0,12,11,16,10,15,0,12,0,12,0,12,0,12,0,12,0,12,8,12,0,12,43,34,6,11,0,12,0,12,0,12,0,12,1765,294,235,110,1795,305,14,22,69,64,10,15,0,12,1795,305,12,17,0,12,45,60,1530,285,162,122,0,12
"3984","060371413042","Block Group 2, Census Tract 1413.04, Los Angeles County, California",1098,213,0,12,0,12,0,12,0,12,0,12,0,12,0,12,0,12,0,12,0,12,0,12,0,12,0,12,0,12,0,12,0,12,13,22,0,12,0,12,0,12,0,12,0,12,0,12,0,12,1200,239,99,61,1200,239,0,12,0,12,8,13,0,12,1200,239,121,101,0,12,36,41,865,229,141,83,0,12
"3985","060371413031","Block Group 1, Census Tract 1413.03, Los Angeles County, California",3372,178,0,12,0,12,0,12,0,12,0,12,0,12,0,12,0,12,0,12,0,12,0,12,0,12,0,12,0,12,0,12,0,12,0,12,0,12,71,53,0,12,0,12,0,12,0,12,0,12,3469,187,281,132,3477,186,0,12,40,42,168,108,0,12,3477,186,262,113,0,12,125,82,2394,241,481,199,8,15
"3986","060371412022","Block Group 2, Census Tract 1412.02, Los Angeles County, California",1224,177,0,12,0,12,0,12,0,12,0,12,0,12,0,12,0,12,0,12,0,12,0,12,0,12,8,14,0,12,0,12,0,12,0,12,0,12,11,19,40,51,0,12,0,12,0,12,0,12,1277,184,149,101,1277,184,0,12,32,29,17,19,0,12,1277,184,175,101,0,12,93,69,848,161,93,63,0,12
"3987","060377022013","Block Group 3, Census Tract 7022.01, Los Angeles County, California",1025,285,0,12,0,12,0,12,0,12,0,12,0,12,0,12,0,12,0,12,0,12,0,12,0,12,42,67,0,12,0,12,0,12,0,12,0,12,0,12,0,12,0,12,0,12,0,12,0,12,1073,297,161,91,1073,297,0,12,4,9,17,26,0,12,1073,297,199,143,0,12,70,67,537,209,223,126,0,12
"3988","060372976013","Block Group 3, Census Tract 2976.01, Los Angeles County, California",905,203,0,12,0,12,0,12,0,12,0,12,0,12,0,12,0,12,0,12,0,12,0,12,0,12,0,12,0,12,0,12,0,12,0,12,0,12,0,12,0,12,0,12,0,12,0,12,0,12,1090,275,0,12,1024,267,0,12,0,12,0,12,0,12,1126,277,44,72,0,12,170,129,459,169,329,183,0,12
"3989","060372976012","Block Group 2, Census Tract 2976.01, Los Angeles County, California",725,244,0,12,0,12,0,12,0,12,0,12,0,12,0,12,0,12,0,12,0,12,0,12,0,12,9,14,0,12,0,12,0,12,0,12,0,12,0,12,0,12,0,12,0,12,0,12,0,12,789,255,53,49,789,255,0,12,0,12,69,66,0,12,789,255,23,26,0,12,37,47,284,90,355,258,0,12
"3990","060379105052","Block Group 2, Census Tract 9105.05, Los Angeles County, California",1482,328,42,49,0,12,0,12,0,12,0,12,0,12,0,12,0,12,124,58,70,67,0,12,0,12,3,5,0,12,0,12,0,12,10,14,34,37,0,12,0,12,0,12,0,12,6,9,0,12,1541,336,111,107,1541,336,11,13,13,16,41,33,20,30,1541,336,45,50,0,12,40,27,194,88,1239,339,0,12
"3991","060379105051","Block Group 1, Census Tract 9105.05, Los Angeles County, California",1537,412,6,10,0,12,0,12,0,12,0,12,0,12,0,12,0,12,148,90,42,48,0,12,0,12,0,12,0,12,0,12,0,12,0,12,17,21,0,12,0,12,0,12,0,12,0,12,0,12,1676,461,280,260,1676,461,9,10,54,53,141,81,0,12,1676,461,13,16,0,12,38,49,261,92,1153,367,174,249
"3992","060379105043","Block Group 3, Census Tract 9105.04, Los Angeles County, California",1137,364,0,12,0,12,0,12,0,12,0,12,0,12,0,12,0,12,79,74,32,46,0,12,0,12,37,64,0,12,0,12,0,12,0,12,0,12,0,12,0,12,0,12,0,12,0,12,0,12,1258,419,475,271,1258,419,0,12,43,52,70,76,0,12,1258,419,79,137,0,12,15,48,29,44,1135,438,0,12
"3993","060379100022","Block Group 2, Census Tract 9100.02, Los Angeles County, California",2513,711,0,12,0,12,0,12,0,12,0,12,0,12,0,12,0,12,32,38,0,12,50,82,0,12,0,12,0,12,0,12,0,12,0,12,0,12,0,12,0,12,0,12,0,12,0,12,0,12,2592,750,1045,568,2592,750,0,12,123,126,168,146,0,12,2592,750,0,12,0,12,22,35,1096,374,1425,714,49,78
"3994","060379100023","Block Group 3, Census Tract 9100.02, Los Angeles County, California",974,378,0,12,0,12,0,12,0,12,0,12,0,12,0,12,0,12,20,37,39,68,0,12,0,12,0,12,0,12,0,12,0,12,56,89,24,38,0,12,0,12,0,12,0,12,0,12,0,12,1056,400,196,414,1056,400,0,12,0,12,51,59,0,12,1056,400,0,12,0,12,81,267,436,325,474,401,0,12
"3995","060379010111","Block Group 1, Census Tract 9010.11, Los Angeles County, California",2240,337,0,12,0,12,0,12,0,12,0,12,0,12,0,12,0,12,14,22,7,16,0,12,0,12,21,24,0,12,0,12,0,12,15,18,0,12,0,12,0,12,0,12,0,12,15,25,0,12,2463,395,492,403,2463,395,0,12,65,63,48,47,0,12,2463,395,233,166,0,12,306,143,1112,329,712,379,0,12
"3996","060379010112","Block Group 2, Census Tract 9010.11, Los Angeles County, California",1188,270,0,12,0,12,0,12,0,12,0,12,0,12,0,12,0,12,0,12,0,12,0,12,0,12,0,12,0,12,0,12,0,12,0,12,14,22,0,12,0,12,0,12,0,12,0,12,0,12,1264,291,108,81,1278,296,0,12,24,28,0,12,0,12,1278,296,91,70,0,12,118,143,657,154,322,170,0,12
"3997","060379010101","Block Group 1, Census Tract 9010.10, Los Angeles County, California",892,224,0,12,0,12,0,12,0,12,0,12,0,12,0,12,0,12,0,12,0,12,0,12,0,12,0,12,0,12,31,30,0,12,12,19,0,12,0,12,0,12,0,12,0,12,0,12,11,19,1094,344,150,104,1094,344,0,12,0,12,0,12,0,12,1094,344,26,42,0,12,60,70,618,190,378,288,0,12
"3998","060374020012","Block Group 2, Census Tract 4020.01, Los Angeles County, California",1217,350,20,29,0,12,0,12,0,12,0,12,0,12,0,12,0,12,55,57,0,12,0,12,0,12,0,12,0,12,0,12,0,12,0,12,0,12,0,12,0,12,0,12,0,12,0,12,0,12,1322,360,207,207,1322,360,19,28,0,12,0,12,0,12,1322,360,173,159,0,12,31,46,298,86,751,233,0,12
"3999","060375535043","Block Group 3, Census Tract 5535.04, Los Angeles County, California",1056,325,25,30,0,12,0,12,0,12,0,12,0,12,0,12,0,12,88,67,16,26,0,12,0,12,0,12,16,26,0,12,0,12,10,18,55,64,0,12,0,12,0,12,9,16,0,12,0,12,1124,329,223,164,1124,329,36,39,12,18,131,95,0,12,1124,329,72,73,0,12,23,27,97,88,919,323,0,12
"4000","060375535041","Block Group 1, Census Tract 5535.04, Los Angeles County, California",1570,363,0,12,0,12,0,12,0,12,0,12,0,12,0,12,0,12,146,92,19,23,0,12,0,12,0,12,0,12,0,12,0,12,58,33,12,18,0,12,0,12,0,12,0,12,0,12,0,12,1684,379,220,142,1684,379,7,12,65,50,63,44,0,12,1684,379,9,16,0,12,208,135,259,224,1208,324,0,12
"4001","060376212013","Block Group 3, Census Tract 6212.01, Los Angeles County, California",2425,527,120,181,0,12,0,12,0,12,0,12,0,12,0,12,0,12,41,52,0,12,0,12,0,12,26,42,0,12,0,12,0,12,0,12,0,12,0,12,0,12,0,12,27,44,0,12,0,12,2667,551,238,193,2653,548,0,12,16,27,0,12,0,12,2667,551,366,221,0,12,34,38,1272,253,889,514,0,12
"4002","060371134213","Block Group 3, Census Tract 1134.21, Los Angeles County, California",2720,556,23,35,0,12,0,12,0,12,0,12,0,12,0,12,0,12,347,240,8,13,55,59,32,47,0,12,30,38,0,12,0,12,0,12,24,39,6,12,0,12,0,12,0,12,0,12,0,12,2833,570,384,200,2833,570,39,38,281,170,205,119,0,12,2833,570,405,257,21,33,202,177,530,252,1607,491,0,12
"4003","060371152013","Block Group 3, Census Tract 1152.01, Los Angeles County, California",2081,524,0,12,0,12,0,12,0,12,0,12,0,12,0,12,0,12,0,12,0,12,0,12,0,12,15,24,0,12,0,12,0,12,0,12,0,12,0,12,0,12,0,12,0,12,0,12,0,12,2177,521,173,102,2138,504,0,12,133,140,27,44,0,12,2177,521,439,285,0,12,50,63,1067,307,568,302,0,12
"4004","060376504014","Block Group 4, Census Tract 6504.01, Los Angeles County, California",847,223,0,12,0,12,0,12,0,12,0,12,0,12,0,12,0,12,0,12,0,12,9,13,0,12,0,12,30,42,0,12,0,12,0,12,0,12,0,12,0,12,0,12,11,18,0,12,0,12,873,230,84,76,873,230,0,12,0,12,9,13,0,12,873,230,386,169,0,12,0,12,364,156,27,35,0,12
"4005","060376500043","Block Group 3, Census Tract 6500.04, Los Angeles County, California",1454,260,0,12,0,12,0,12,0,12,0,12,0,12,13,20,0,12,0,12,0,12,0,12,0,12,118,69,22,29,0,12,0,12,0,12,0,12,0,12,0,12,20,22,10,15,0,12,0,12,1578,314,187,115,1578,314,37,33,115,76,45,51,0,12,1578,314,759,285,0,12,74,68,402,154,280,120,0,12
"4006","060376500041","Block Group 1, Census Tract 6500.04, Los Angeles County, California",912,204,0,12,0,12,0,12,0,12,0,12,0,12,0,12,0,12,0,12,0,12,0,12,0,12,11,18,0,12,0,12,0,12,0,12,0,12,0,12,0,12,0,12,0,12,0,12,0,12,1024,234,29,47,1024,234,28,46,14,22,16,25,0,12,1024,234,261,117,0,12,104,79,411,125,163,99,0,12
"4007","060376500044","Block Group 4, Census Tract 6500.04, Los Angeles County, California",610,183,0,12,0,12,0,12,0,12,0,12,0,12,0,12,0,12,0,12,0,12,0,12,0,12,11,16,0,12,0,12,0,12,0,12,0,12,0,12,0,12,12,17,16,27,0,12,0,12,652,191,28,26,652,191,0,12,0,12,10,14,0,12,652,191,232,115,0,12,0,12,188,92,178,100,0,12
"4008","060376706022","Block Group 2, Census Tract 6706.02, Los Angeles County, California",1625,319,0,12,0,12,0,12,0,12,0,12,0,12,0,12,0,12,0,12,0,12,14,24,0,12,16,27,0,12,0,12,0,12,0,12,0,12,0,12,0,12,0,12,0,12,0,12,0,12,1625,319,151,116,1625,319,0,12,0,12,17,27,0,12,1625,319,327,175,0,12,33,39,993,260,82,75,0,12
"4009","060376706021","Block Group 1, Census Tract 6706.02, Los Angeles County, California",2733,503,0,12,0,12,0,12,0,12,0,12,0,12,0,12,0,12,0,12,0,12,0,12,0,12,32,55,0,12,0,12,0,12,0,12,0,12,0,12,0,12,0,12,0,12,0,12,0,12,2772,504,131,108,2755,502,0,12,0,12,13,21,0,12,2772,504,279,182,0,12,0,12,2038,386,221,182,0,12
"4010","060374622022","Block Group 2, Census Tract 4622.02, Los Angeles County, California",1266,280,0,12,0,12,9,15,0,12,8,17,0,12,0,12,0,12,30,49,0,12,0,12,0,12,85,62,7,10,0,12,0,12,0,12,0,12,0,12,0,12,0,12,0,12,0,12,0,12,1425,300,615,259,1425,300,20,30,9,14,28,25,0,12,1425,300,526,208,0,12,105,107,475,187,234,176,0,12
"4011","060374622011","Block Group 1, Census Tract 4622.01, Los Angeles County, California",1287,226,0,12,0,12,0,12,0,12,0,12,0,12,0,12,0,12,47,40,13,22,0,12,0,12,0,12,0,12,0,12,0,12,0,12,18,27,0,12,0,12,9,21,0,12,0,12,0,12,1336,245,175,132,1339,245,45,65,7,11,62,49,0,12,1397,250,134,64,0,12,66,67,646,181,506,208,0,12
"4012","060371345211","Block Group 1, Census Tract 1345.21, Los Angeles County, California",3433,307,39,31,10,17,0,12,0,12,0,12,0,12,0,12,0,12,770,221,352,112,7,9,6,9,4,8,0,12,0,12,0,12,33,39,38,46,0,12,0,12,0,12,0,12,0,12,0,12,3683,365,875,279,3691,366,114,75,360,162,454,126,0,12,3691,366,242,134,0,12,7,13,74,49,3327,404,0,12
"4013","060371317012","Block Group 2, Census Tract 1317.01, Los Angeles County, California",2182,439,0,12,0,12,0,12,0,12,0,12,0,12,0,12,0,12,149,125,89,104,15,16,0,12,0,12,0,12,19,30,0,12,9,14,104,133,13,19,12,19,0,12,0,12,10,15,0,12,2407,487,391,248,2407,487,38,54,183,150,119,91,0,12,2407,487,193,117,0,12,189,203,588,208,1267,481,39,61
"4014","060371288011","Block Group 1, Census Tract 1288.01, Los Angeles County, California",1532,291,0,12,0,12,0,12,0,12,0,12,0,12,0,12,0,12,8,15,0,12,0,12,29,44,0,12,0,12,0,12,0,12,48,62,0,12,33,28,12,19,0,12,0,12,0,12,0,12,1634,323,361,204,1634,323,0,12,0,12,52,75,12,19,1634,323,199,120,0,12,81,75,799,277,429,234,0,12
"4015","060371277121","Block Group 1, Census Tract 1277.12, Los Angeles County, California",1379,282,23,37,0,12,0,12,0,12,0,12,0,12,0,12,0,12,96,99,0,12,29,36,0,12,0,12,0,12,0,12,0,12,0,12,0,12,0,12,0,12,0,12,0,12,0,12,0,12,1461,289,363,243,1461,289,23,37,86,88,106,77,0,12,1461,289,104,71,0,12,121,105,717,153,491,243,0,12
"4016","060371276062","Block Group 2, Census Tract 1276.06, Los Angeles County, California",2257,344,0,12,0,12,0,12,0,12,0,12,0,12,0,12,0,12,201,113,36,56,10,18,0,12,0,12,0,12,12,19,0,12,121,69,0,12,0,12,0,12,12,20,0,12,0,12,0,12,2397,385,346,189,2381,389,0,12,83,61,79,70,0,12,2397,385,196,178,0,12,166,120,526,150,1462,288,12,19
"4017","060371276041","Block Group 1, Census Tract 1276.04, Los Angeles County, California",2893,409,0,12,0,12,0,12,0,12,0,12,0,12,0,12,0,12,309,121,64,48,0,12,0,12,12,24,26,37,0,12,0,12,39,43,0,12,90,50,21,32,51,72,0,12,0,12,0,12,3157,399,668,234,3157,399,105,100,206,132,196,109,0,12,3157,399,294,214,0,12,28,31,754,171,1997,427,0,12
"4018","060371249031","Block Group 1, Census Tract 1249.03, Los Angeles County, California",2289,353,0,12,0,12,8,13,0,12,0,12,0,12,0,12,0,12,30,46,0,12,32,31,0,12,0,12,0,12,0,12,0,12,27,48,0,12,50,54,0,12,0,12,0,12,0,12,0,12,2364,362,290,118,2364,362,48,46,188,119,155,109,0,12,2364,362,104,76,0,12,147,125,1267,339,737,156,12,19
"4019","060374817112","Block Group 2, Census Tract 4817.11, Los Angeles County, California",1947,363,0,12,0,12,0,12,0,12,0,12,0,12,0,12,0,12,15,23,0,12,0,12,0,12,465,208,117,129,0,12,0,12,2,7,0,12,0,12,3,7,95,52,198,164,0,12,0,12,1793,347,208,124,1793,347,20,31,8,12,8,13,0,12,1980,369,1637,388,75,101,15,19,82,60,156,95,0,12
"4020","060371919011","Block Group 1, Census Tract 1919.01, Los Angeles County, California",1499,353,0,12,0,12,0,12,0,12,0,12,0,12,0,12,0,12,16,26,0,12,0,12,0,12,0,12,0,12,0,12,0,12,0,12,0,12,0,12,23,29,0,12,0,12,0,12,0,12,1516,353,203,102,1516,353,0,12,187,129,0,12,0,12,1516,353,84,72,0,12,129,114,969,253,304,160,0,12
"4021","060371913022","Block Group 2, Census Tract 1913.02, Los Angeles County, California",413,126,6,9,0,12,0,12,0,12,0,12,0,12,0,12,0,12,53,63,8,11,3,5,0,12,0,12,0,12,4,8,0,12,20,28,5,7,0,12,0,12,0,12,0,12,0,12,0,12,399,125,71,56,413,126,0,12,18,22,21,18,0,12,413,126,36,40,0,12,11,8,79,40,282,129,0,12
"4022","060371913011","Block Group 1, Census Tract 1913.01, Los Angeles County, California",439,98,0,12,0,12,0,12,0,12,0,12,0,12,0,12,0,12,0,12,0,12,0,12,0,12,3,5,0,12,0,12,0,12,0,12,20,32,0,12,0,12,10,14,0,12,0,12,0,12,439,98,43,40,439,98,0,12,0,12,18,28,0,12,439,98,109,61,0,12,0,12,210,68,116,68,0,12
"4023","060371908023","Block Group 3, Census Tract 1908.02, Los Angeles County, California",752,168,0,12,0,12,0,12,0,12,0,12,0,12,0,12,0,12,116,88,0,12,0,12,0,12,0,12,0,12,0,12,0,12,0,12,0,12,0,12,0,12,0,12,0,12,0,12,0,12,786,180,176,111,786,180,0,12,26,20,103,66,8,11,786,180,81,54,0,12,116,106,311,134,242,132,0,12
"4024","060371908021","Block Group 1, Census Tract 1908.02, Los Angeles County, California",1430,338,0,12,0,12,0,12,0,12,0,12,0,12,0,12,0,12,45,41,61,65,58,63,0,12,0,12,0,12,0,12,0,12,31,32,36,31,28,20,39,51,0,12,0,12,0,12,0,12,1492,341,360,200,1492,341,13,20,19,22,103,71,64,69,1492,341,39,30,0,12,89,65,404,127,666,247,0,12
"4025","060371899051","Block Group 1, Census Tract 1899.05, Los Angeles County, California",992,216,0,12,0,12,0,12,0,12,0,12,0,12,0,12,0,12,0,12,0,12,110,143,0,12,0,12,0,12,0,12,0,12,0,12,0,12,41,44,0,12,0,12,0,12,0,12,0,12,994,224,94,66,994,224,0,12,47,51,100,89,0,12,1020,223,50,45,0,12,27,27,846,196,92,69,0,12
"4026","060371899052","Block Group 2, Census Tract 1899.05, Los Angeles County, California",1406,157,0,12,0,12,0,12,0,12,0,12,0,12,0,12,0,12,0,12,0,12,0,12,0,12,0,12,0,12,0,12,0,12,0,12,0,12,49,32,73,55,0,12,0,12,0,12,0,12,1412,156,148,59,1394,160,0,12,18,22,10,15,0,12,1412,156,69,61,0,12,87,67,1051,148,177,76,0,12
"4027","060371892022","Block Group 2, Census Tract 1892.02, Los Angeles County, California",712,206,0,12,0,12,0,12,0,12,0,12,0,12,0,12,0,12,0,12,0,12,37,42,0,12,0,12,0,12,0,12,0,12,0,12,0,12,0,12,0,12,0,12,0,12,0,12,0,12,841,255,95,100,841,255,0,12,30,44,18,21,0,12,841,255,54,72,0,12,0,12,689,233,74,88,0,12
"4028","060371892023","Block Group 3, Census Tract 1892.02, Los Angeles County, California",717,134,0,12,0,12,0,12,0,12,0,12,0,12,0,12,0,12,0,12,0,12,0,12,0,12,0,12,0,12,0,12,0,12,0,12,0,12,0,12,24,36,0,12,0,12,0,12,0,12,765,164,48,41,765,164,0,12,0,12,17,18,0,12,765,164,21,23,0,12,20,22,628,151,35,27,0,12
"4029","060371891021","Block Group 1, Census Tract 1891.02, Los Angeles County, California",991,166,0,12,0,12,0,12,0,12,0,12,0,12,0,12,0,12,0,12,0,12,0,12,0,12,0,12,0,12,0,12,0,12,0,12,8,12,0,12,0,12,0,12,11,17,0,12,0,12,1028,177,17,19,1028,177,0,12,8,13,31,38,0,12,1028,177,60,37,0,12,24,29,743,176,123,74,0,12
"4030","060371891022","Block Group 2, Census Tract 1891.02, Los Angeles County, California",1239,186,0,12,0,12,0,12,0,12,0,12,0,12,0,12,0,12,0,12,0,12,0,12,0,12,0,12,0,12,7,11,0,12,0,12,17,27,0,12,0,12,0,12,0,12,0,12,0,12,1301,205,29,27,1301,205,0,12,23,24,24,27,0,12,1301,205,35,30,0,12,0,12,930,155,310,197,0,12
"4031","060371891011","Block Group 1, Census Tract 1891.01, Los Angeles County, California",1043,180,0,12,0,12,0,12,0,12,0,12,0,12,0,12,0,12,0,12,27,43,0,12,0,12,0,12,0,12,0,12,0,12,0,12,0,12,24,34,0,12,37,43,0,12,0,12,0,12,1123,190,61,44,1123,190,16,25,34,33,49,34,0,12,1123,190,195,101,0,12,0,12,801,174,96,65,0,12
"4032","060371891012","Block Group 2, Census Tract 1891.01, Los Angeles County, California",722,166,0,12,0,12,0,12,0,12,0,12,0,12,0,12,0,12,0,12,0,12,0,12,0,12,22,37,0,12,0,12,0,12,0,12,17,26,28,30,0,12,0,12,0,12,0,12,0,12,793,186,46,38,793,186,0,12,0,12,12,15,0,12,793,186,141,82,10,16,0,12,552,153,66,59,0,12
"4033","060371882023","Block Group 3, Census Tract 1882.02, Los Angeles County, California",685,170,0,12,0,12,0,12,0,12,0,12,0,12,0,12,0,12,0,12,0,12,0,12,0,12,0,12,0,12,0,12,0,12,0,12,0,12,0,12,0,12,0,12,0,12,0,12,0,12,699,170,30,29,699,170,0,12,34,31,39,43,0,12,699,170,120,87,0,12,0,12,437,98,63,80,0,12
"4034","060372702003","Block Group 3, Census Tract 2702, Los Angeles County, California",1463,313,0,12,0,12,0,12,0,12,0,12,0,12,0,12,0,12,13,21,0,12,0,12,0,12,0,12,0,12,0,12,0,12,19,21,0,12,0,12,0,12,0,12,0,12,0,12,0,12,1495,315,98,67,1495,315,41,48,106,84,95,79,13,21,1495,315,142,96,0,12,53,39,315,126,911,326,0,12
"4035","060377014023","Block Group 3, Census Tract 7014.02, Los Angeles County, California",1233,300,0,12,0,12,0,12,0,12,0,12,0,12,0,12,0,12,9,24,0,12,0,12,0,12,0,12,0,12,0,12,0,12,0,12,0,12,25,43,0,12,0,12,0,12,0,12,0,12,1260,299,189,106,1260,299,0,12,29,46,46,52,0,12,1260,299,64,73,0,12,26,41,950,307,129,102,0,12
"4036","060377014024","Block Group 4, Census Tract 7014.02, Los Angeles County, California",1028,344,0,12,0,12,0,12,0,12,19,33,0,12,0,12,0,12,0,12,0,12,0,12,0,12,0,12,25,43,0,12,5,26,0,12,0,12,23,38,110,146,0,12,24,42,0,12,0,12,1028,344,438,215,1028,344,0,12,31,57,5,26,29,47,1028,344,60,105,0,12,33,53,894,322,41,92,0,12
"4037","060373202011","Block Group 1, Census Tract 3202.01, Los Angeles County, California",850,371,0,12,0,12,0,12,0,12,0,12,0,12,0,12,0,12,110,79,54,48,0,12,0,12,0,12,0,12,0,12,0,12,0,12,0,12,9,15,0,12,0,12,0,12,0,12,0,12,911,401,169,123,911,401,0,12,0,12,71,67,0,12,911,401,0,12,0,12,0,12,15,17,870,406,0,12
"4038","060373202012","Block Group 2, Census Tract 3202.01, Los Angeles County, California",1843,411,0,12,7,11,0,12,0,12,0,12,0,12,0,12,0,12,142,97,46,48,0,12,0,12,0,12,0,12,0,12,0,12,17,34,7,16,0,12,0,12,0,12,0,12,0,12,0,12,2027,429,106,73,2027,429,0,12,114,83,103,76,0,12,2027,429,0,12,0,12,0,12,132,82,1895,426,0,12
"4039","060372321203","Block Group 3, Census Tract 2321.20, Los Angeles County, California",2837,553,42,43,0,12,0,12,0,12,0,12,0,12,0,12,0,12,403,146,253,123,0,12,0,12,0,12,0,12,0,12,0,12,69,71,92,65,0,12,0,12,0,12,0,12,0,12,0,12,3175,594,863,446,3221,600,37,39,147,109,284,164,11,17,3227,600,97,149,0,12,537,275,36,52,2556,540,0,12
"4040","060372362023","Block Group 3, Census Tract 2362.02, Los Angeles County, California",923,359,33,52,0,12,0,12,0,12,0,12,0,12,0,12,0,12,0,12,0,12,0,12,0,12,0,12,0,12,0,12,0,12,0,12,0,12,0,12,0,12,0,12,0,12,0,12,0,12,1003,393,88,100,1003,393,0,12,64,71,39,64,0,12,1003,393,100,101,0,12,297,144,96,134,357,256,0,12
"4041","060372612002","Block Group 2, Census Tract 2612, Los Angeles County, California",1357,329,0,12,0,12,0,12,0,12,0,12,0,12,0,12,0,12,9,13,0,12,0,12,0,12,0,12,0,12,0,12,0,12,0,12,0,12,34,44,0,12,0,12,0,12,0,12,0,12,1499,346,101,73,1499,346,9,13,0,12,19,21,11,17,1499,346,223,189,0,12,0,12,1196,305,31,22,0,12
"4042","060372696021","Block Group 1, Census Tract 2696.02, Los Angeles County, California",1546,244,0,12,0,12,0,12,0,12,0,12,0,12,0,12,0,12,16,19,0,12,26,27,0,12,0,12,0,12,0,12,0,12,15,18,0,12,0,12,0,12,0,12,0,12,0,12,0,12,1610,263,222,120,1610,263,34,47,112,76,80,53,0,12,1610,263,124,112,0,12,237,140,641,201,475,181,0,12
"4043","060372696022","Block Group 2, Census Tract 2696.02, Los Angeles County, California",1194,382,26,28,0,12,0,12,0,12,0,12,0,12,0,12,0,12,151,140,0,12,38,57,25,38,0,12,0,12,0,12,0,12,0,12,9,15,5,8,0,12,0,12,0,12,0,12,0,12,1173,361,239,155,1255,390,56,83,72,60,157,158,9,15,1255,390,0,12,0,12,165,116,313,157,519,245,0,12
"4044","060376703282","Block Group 2, Census Tract 6703.28, Los Angeles County, California",1335,240,0,12,0,12,0,12,0,12,9,15,0,12,0,12,0,12,0,12,0,12,0,12,0,12,0,12,0,12,0,12,0,12,0,12,0,12,0,12,0,12,0,12,23,37,0,12,0,12,1335,240,49,40,1335,240,0,12,0,12,23,28,22,27,1335,240,364,242,0,12,0,12,823,222,117,153,0,12
"4045","060376703261","Block Group 1, Census Tract 6703.26, Los Angeles County, California",1365,243,0,12,0,12,0,12,0,12,28,43,0,12,0,12,0,12,0,12,0,12,0,12,0,12,9,14,0,12,0,12,0,12,0,12,0,12,0,12,0,12,17,18,15,23,0,12,0,12,1511,267,152,160,1511,267,0,12,2,4,13,18,0,12,1511,267,529,222,0,12,0,12,861,211,68,71,2,4
"4046","060376703262","Block Group 2, Census Tract 6703.26, Los Angeles County, California",1491,263,0,12,0,12,0,12,0,12,0,12,0,12,0,12,0,12,0,12,0,12,0,12,0,12,81,112,0,12,0,12,0,12,0,12,0,12,0,12,0,12,0,12,0,12,0,12,0,12,1502,267,107,163,1502,267,0,12,0,12,32,43,0,12,1502,267,554,234,0,12,0,12,744,185,182,128,0,12
"4047","060376703263","Block Group 3, Census Tract 6703.26, Los Angeles County, California",591,156,0,12,0,12,0,12,0,12,0,12,0,12,0,12,0,12,0,12,0,12,0,12,0,12,0,12,0,12,0,12,0,12,0,12,0,12,0,12,0,12,0,12,0,12,0,12,0,12,600,163,64,97,600,163,0,12,13,20,0,12,0,12,600,163,44,45,0,12,0,12,542,166,14,20,0,12
"4048","060376703243","Block Group 3, Census Tract 6703.24, Los Angeles County, California",1323,309,0,12,0,12,0,12,0,12,0,12,0,12,0,12,0,12,0,12,0,12,0,12,0,12,0,12,0,12,0,12,0,12,0,12,0,12,0,12,0,12,0,12,0,12,0,12,0,12,1395,351,0,12,1395,351,0,12,0,12,0,12,0,12,1395,351,268,244,0,12,23,35,953,231,61,98,0,12
"4049","060376703244","Block Group 4, Census Tract 6703.24, Los Angeles County, California",1376,291,0,12,0,12,0,12,0,12,0,12,0,12,0,12,0,12,0,12,0,12,0,12,0,12,18,28,0,12,0,12,0,12,0,12,0,12,0,12,0,12,0,12,0,12,0,12,0,12,1438,307,93,72,1438,307,0,12,0,12,0,12,0,12,1438,307,193,142,0,12,0,12,1130,299,98,112,0,12
"4050","060376514021","Block Group 1, Census Tract 6514.02, Los Angeles County, California",1325,328,0,12,0,12,0,12,0,12,0,12,0,12,0,12,0,12,0,12,0,12,0,12,0,12,58,68,0,12,0,12,0,12,0,12,0,12,0,12,0,12,7,13,19,32,0,12,0,12,1346,335,27,33,1346,335,19,38,19,32,87,112,0,12,1346,335,378,231,0,12,24,38,738,305,107,159,0,12
"4051","060376514022","Block Group 2, Census Tract 6514.02, Los Angeles County, California",1885,403,0,12,0,12,0,12,0,12,0,12,0,12,0,12,0,12,0,12,0,12,0,12,0,12,12,21,12,22,0,12,0,12,0,12,0,12,0,12,0,12,31,36,0,12,0,12,0,12,2065,505,141,107,2065,505,0,12,0,12,34,54,0,12,2065,505,1137,588,0,12,7,20,610,251,211,176,0,12
"4052","060376514024","Block Group 4, Census Tract 6514.02, Los Angeles County, California",1090,284,10,22,0,12,0,12,0,12,0,12,0,12,0,12,0,12,0,12,0,12,0,12,0,12,0,12,0,12,0,12,0,12,0,12,14,29,0,12,0,12,0,12,0,12,0,12,0,12,1172,317,23,27,1172,317,19,31,58,68,0,12,0,12,1172,317,265,130,0,12,0,12,449,207,222,175,128,200
"4053","060376514011","Block Group 1, Census Tract 6514.01, Los Angeles County, California",1427,193,0,12,0,12,0,12,0,12,0,12,0,12,0,12,0,12,0,12,0,12,0,12,0,12,0,12,0,12,0,12,0,12,0,12,0,12,0,12,0,12,9,15,10,16,0,12,0,12,1415,189,50,35,1433,194,0,12,21,24,39,32,0,12,1433,194,329,135,0,12,0,12,873,179,186,118,0,12
"4054","060376513041","Block Group 1, Census Tract 6513.04, Los Angeles County, California",893,221,0,12,0,12,0,12,0,12,0,12,0,12,0,12,0,12,0,12,0,12,0,12,0,12,0,12,0,12,0,12,0,12,0,12,0,12,0,12,0,12,0,12,0,12,0,12,0,12,893,221,55,87,893,221,0,12,0,12,96,96,0,12,893,221,15,24,0,12,0,12,680,158,145,90,0,12
"4055","060376513042","Block Group 2, Census Tract 6513.04, Los Angeles County, California",657,231,0,12,0,12,0,12,0,12,0,12,0,12,0,12,0,12,0,12,0,12,0,12,0,12,0,12,0,12,0,12,0,12,0,12,0,12,0,12,0,12,0,12,0,12,0,12,0,12,733,254,18,29,733,254,0,12,0,12,0,12,0,12,733,254,112,97,0,12,57,92,419,171,32,37,0,12
"4056","060372652022","Block Group 2, Census Tract 2652.02, Los Angeles County, California",560,436,0,12,0,12,0,12,0,12,0,12,0,12,0,12,0,12,113,154,0,12,0,12,0,12,0,12,0,12,0,12,0,12,0,12,0,12,0,12,0,12,0,12,0,12,0,12,0,12,572,435,44,69,580,435,8,14,57,78,58,79,0,12,580,435,0,12,0,12,0,12,265,109,315,413,0,12
"4057","060372652024","Block Group 4, Census Tract 2652.02, Los Angeles County, California",1515,385,0,12,0,12,0,12,0,12,0,12,0,12,0,12,0,12,0,12,0,12,0,12,0,12,33,56,0,12,0,12,0,12,0,12,0,12,0,12,0,12,0,12,0,12,0,12,0,12,1585,393,344,252,1585,393,16,25,27,34,0,12,0,12,1585,393,243,137,0,12,17,27,1174,285,65,112,0,12
"4058","060379201181","Block Group 1, Census Tract 9201.18, Los Angeles County, California",1597,312,0,12,0,12,0,12,0,12,0,12,0,12,0,12,0,12,0,12,0,12,0,12,0,12,0,12,0,12,0,12,0,12,0,12,0,12,23,36,0,12,0,12,0,12,0,12,0,12,1663,348,84,67,1677,348,0,12,25,27,11,17,0,12,1677,348,48,49,0,12,0,12,1026,283,571,278,18,27
"4059","060379002011","Block Group 1, Census Tract 9002.01, Los Angeles County, California",1087,210,2,6,0,12,0,12,0,12,0,12,0,12,0,12,0,12,42,64,2,5,0,12,0,12,6,9,0,12,0,12,0,12,58,89,18,31,0,12,0,12,0,12,0,12,0,12,0,12,1129,213,219,105,1129,213,0,12,11,11,19,29,0,12,1129,213,53,64,0,12,23,25,542,94,471,209,22,33
"4060","060378002032","Block Group 2, Census Tract 8002.03, Los Angeles County, California",3601,352,0,12,0,12,26,41,0,12,0,12,0,12,0,12,0,12,0,12,0,12,11,16,0,12,0,12,0,12,0,12,0,12,0,12,0,12,11,18,0,12,0,12,0,12,0,12,0,12,3743,332,236,130,3743,332,34,52,15,19,16,22,0,12,3743,332,302,199,0,12,60,54,2943,354,334,172,0,12
"4061","060377018015","Block Group 5, Census Tract 7018.01, Los Angeles County, California",2728,680,0,12,0,12,0,12,0,12,0,12,0,12,0,12,0,12,65,77,0,12,0,12,0,12,144,191,0,12,0,12,0,12,89,83,0,12,0,12,0,12,0,12,0,12,0,12,0,12,2822,702,293,135,2822,702,17,26,145,117,26,30,0,12,2822,702,825,548,17,26,379,248,567,219,1004,443,0,12
"4062","060377018013","Block Group 3, Census Tract 7018.01, Los Angeles County, California",775,369,0,12,0,12,0,12,0,12,0,12,0,12,0,12,0,12,28,46,0,12,31,50,0,12,0,12,0,12,0,12,0,12,38,60,0,12,0,12,0,12,40,61,0,12,0,12,0,12,775,369,161,177,775,369,14,23,0,12,14,23,0,12,775,369,97,119,0,12,72,116,162,114,444,274,0,12
"4063","060377018014","Block Group 4, Census Tract 7018.01, Los Angeles County, California",1767,378,10,19,0,12,0,12,0,12,0,12,0,12,0,12,0,12,19,37,0,12,0,12,0,12,0,12,0,12,32,49,0,12,23,35,0,12,0,12,0,12,0,12,0,12,31,47,0,12,1767,378,499,230,1767,378,176,255,75,72,179,124,0,12,1767,378,297,181,0,12,38,43,603,202,766,353,0,12
"4064","060377018012","Block Group 2, Census Tract 7018.01, Los Angeles County, California",635,257,0,12,0,12,0,12,0,12,0,12,0,12,0,12,0,12,0,12,0,12,0,12,0,12,17,28,0,12,0,12,0,12,64,75,0,12,0,12,0,12,21,32,0,12,0,12,0,12,681,273,17,27,681,273,0,12,0,12,18,27,0,12,681,273,92,78,0,12,0,12,254,195,319,263,0,12
"4065","060377018011","Block Group 1, Census Tract 7018.01, Los Angeles County, California",829,188,0,12,0,12,0,12,0,12,0,12,0,12,0,12,0,12,15,23,0,12,0,12,0,12,0,12,0,12,0,12,0,12,14,22,0,12,0,12,0,12,0,12,0,12,0,12,0,12,956,267,77,75,956,267,0,12,3,7,0,12,0,12,956,267,149,145,0,12,64,74,620,177,119,117,0,12
"4066","060377024001","Block Group 1, Census Tract 7024, Los Angeles County, California",967,266,0,12,0,12,0,12,0,12,0,12,0,12,0,12,0,12,0,12,0,12,0,12,0,12,0,12,0,12,0,12,0,12,0,12,0,12,0,12,0,12,0,12,0,12,0,12,0,12,979,268,49,52,979,268,0,12,0,12,9,14,8,13,979,268,87,61,0,12,169,214,556,162,167,102,0,12
"4067","060377024003","Block Group 3, Census Tract 7024, Los Angeles County, California",804,217,0,12,0,12,0,12,0,12,0,12,0,12,0,12,0,12,41,49,0,12,0,12,0,12,0,12,0,12,0,12,0,12,27,43,14,23,0,12,0,12,0,12,0,12,0,12,0,12,804,217,74,71,814,221,18,29,60,56,30,35,0,12,814,221,143,89,0,12,0,12,285,100,334,200,0,12
"4068","060377024004","Block Group 4, Census Tract 7024, Los Angeles County, California",867,198,0,12,0,12,0,12,0,12,0,12,0,12,0,12,0,12,24,27,0,12,0,12,0,12,0,12,0,12,0,12,0,12,0,12,0,12,0,12,0,12,0,12,0,12,0,12,0,12,981,233,71,70,981,233,0,12,11,17,0,12,0,12,981,233,136,91,0,12,12,18,348,155,345,149,0,12
"4069","060377024002","Block Group 2, Census Tract 7024, Los Angeles County, California",806,195,0,12,0,12,0,12,0,12,0,12,0,12,0,12,0,12,0,12,0,12,0,12,0,12,0,12,0,12,0,12,0,12,0,12,0,12,0,12,0,12,22,29,1,4,0,12,0,12,787,184,94,53,831,203,0,12,7,11,11,17,0,12,831,203,148,105,0,12,63,74,441,153,164,120,0,12
"4070","060377024005","Block Group 5, Census Tract 7024, Los Angeles County, California",740,179,0,12,0,12,0,12,0,12,0,12,0,12,0,12,0,12,9,14,0,12,0,12,0,12,13,20,0,12,0,12,0,12,0,12,0,12,9,15,0,12,0,12,0,12,0,12,0,12,762,180,59,58,762,180,0,12,0,12,19,30,0,12,762,180,128,95,0,12,56,65,329,108,229,129,0,12
"4071","060377025021","Block Group 1, Census Tract 7025.02, Los Angeles County, California",817,304,0,12,0,12,0,12,0,12,0,12,0,12,0,12,0,12,0,12,0,12,0,12,0,12,0,12,0,12,0,12,0,12,0,12,0,12,0,12,0,12,0,12,0,12,0,12,0,12,839,306,14,24,839,306,0,12,0,12,0,12,0,12,839,306,203,170,0,12,149,113,291,134,114,149,0,12
"4072","060377025022","Block Group 2, Census Tract 7025.02, Los Angeles County, California",1314,347,0,12,0,12,0,12,0,12,0,12,0,12,0,12,0,12,0,12,0,12,37,58,0,12,0,12,0,12,0,12,0,12,89,133,99,127,0,12,0,12,0,12,14,23,0,12,0,12,1326,352,302,247,1326,352,0,12,0,12,0,12,0,12,1326,352,144,111,0,12,163,152,771,228,248,263,0,12
"4073","060378001023","Block Group 3, Census Tract 8001.02, Los Angeles County, California",2376,484,0,12,0,12,0,12,0,12,0,12,0,12,0,12,0,12,0,12,0,12,0,12,0,12,0,12,0,12,0,12,0,12,0,12,0,12,0,12,0,12,0,12,0,12,0,12,0,12,2354,468,74,74,2405,494,0,12,0,12,0,12,0,12,2405,494,30,50,0,12,0,12,1941,423,194,144,111,123
"4074","060378001021","Block Group 1, Census Tract 8001.02, Los Angeles County, California",2691,463,0,12,0,12,0,12,0,12,0,12,0,12,0,12,0,12,1,21,0,12,0,12,0,12,0,12,0,12,0,12,0,12,0,12,0,12,0,12,0,12,0,12,0,12,0,12,0,12,2848,479,88,92,2848,479,0,12,13,20,0,12,0,12,2848,479,290,148,0,12,50,61,1996,480,436,245,0,12
"4075","060375702024","Block Group 4, Census Tract 5702.02, Los Angeles County, California",1070,306,0,12,0,12,0,12,0,12,0,12,0,12,0,12,0,12,36,32,0,12,0,12,0,12,8,13,0,12,0,12,0,12,0,12,0,12,0,12,0,12,0,12,0,12,0,12,0,12,1155,341,445,296,1155,341,36,57,20,18,17,26,0,12,1155,341,106,135,0,12,297,238,32,39,652,283,33,53
"4076","060375702022","Block Group 2, Census Tract 5702.02, Los Angeles County, California",1054,351,0,12,0,12,0,12,0,12,0,12,0,12,0,12,0,12,17,22,0,12,0,12,0,12,29,48,0,12,0,12,0,12,39,31,7,12,0,12,0,12,9,16,0,12,0,12,0,12,1161,404,86,96,1161,404,0,12,14,24,57,90,0,12,1161,404,82,113,87,116,61,66,82,119,849,355,0,12
"4077","060375702023","Block Group 3, Census Tract 5702.02, Los Angeles County, California",687,270,0,12,0,12,0,12,0,12,11,18,0,12,0,12,0,12,17,26,0,12,0,12,0,12,20,34,0,12,0,12,0,12,0,12,0,12,0,12,0,12,0,12,0,12,0,12,0,12,712,270,58,75,712,270,12,20,17,27,98,102,0,12,712,270,167,123,0,12,90,106,186,133,269,195,0,12
"4078","060375702032","Block Group 2, Census Tract 5702.03, Los Angeles County, California",1370,368,20,32,0,12,0,12,0,12,0,12,0,12,0,12,0,12,61,53,111,94,0,12,0,12,0,12,0,12,0,12,0,12,10,15,0,12,0,12,0,12,0,12,0,12,0,12,0,12,1589,406,293,252,1589,406,0,12,42,30,78,42,0,12,1589,406,0,12,0,12,540,258,18,20,1007,350,0,12
"4079","060375709012","Block Group 2, Census Tract 5709.01, Los Angeles County, California",1078,290,0,12,0,12,0,12,0,12,0,12,0,12,0,12,0,12,0,12,0,12,0,12,0,12,0,12,0,12,0,12,0,12,0,12,0,12,0,12,0,12,0,12,0,12,0,12,0,12,1178,334,235,189,1178,334,0,12,0,12,40,40,0,12,1178,334,157,177,0,12,0,12,473,167,481,272,0,12
"4080","060375709011","Block Group 1, Census Tract 5709.01, Los Angeles County, California",1274,255,9,14,0,12,0,12,0,12,0,12,0,12,0,12,0,12,11,19,0,12,0,12,0,12,0,12,0,12,0,12,0,12,0,12,0,12,0,12,0,12,22,31,0,12,0,12,0,12,1336,278,11,18,1336,278,0,12,0,12,5,10,0,12,1336,278,403,197,0,12,18,19,503,159,399,216,0,12
"4081","060375709014","Block Group 4, Census Tract 5709.01, Los Angeles County, California",540,163,0,12,0,12,0,12,0,12,0,12,0,12,0,12,0,12,0,12,0,12,0,12,0,12,0,12,0,12,0,12,0,12,0,12,0,12,0,12,0,12,0,12,0,12,0,12,0,12,584,191,0,12,584,191,0,12,0,12,0,12,0,12,584,191,25,27,0,12,0,12,324,100,173,139,0,12
"4082","060375709023","Block Group 3, Census Tract 5709.02, Los Angeles County, California",677,230,0,12,0,12,0,12,0,12,0,12,0,12,0,12,0,12,0,12,0,12,0,12,0,12,0,12,0,12,0,12,0,12,0,12,0,12,0,12,0,12,0,12,0,12,0,12,0,12,742,246,31,32,742,246,7,11,33,45,13,20,0,12,742,246,149,116,0,12,18,21,288,112,192,159,0,12
"4083","060375709022","Block Group 2, Census Tract 5709.02, Los Angeles County, California",1350,354,0,12,0,12,0,12,0,12,0,12,0,12,0,12,0,12,0,12,0,12,0,12,0,12,0,12,0,12,0,12,0,12,0,12,0,12,0,12,0,12,0,12,0,12,0,12,0,12,1450,387,14,21,1432,385,0,12,25,42,0,12,0,12,1450,387,119,106,0,12,0,12,862,262,469,289,0,12
"4084","060375710002","Block Group 2, Census Tract 5710, Los Angeles County, California",834,263,0,12,0,12,0,12,0,12,0,12,0,12,0,12,0,12,0,12,0,12,0,12,0,12,0,12,0,12,0,12,0,12,0,12,0,12,0,12,0,12,0,12,0,12,0,12,0,12,877,262,45,49,877,262,0,12,0,12,62,60,0,12,877,262,47,52,0,12,69,50,476,198,256,188,0,12
"4085","060374033173","Block Group 3, Census Tract 4033.17, Los Angeles County, California",905,219,0,12,0,12,0,12,0,12,0,12,0,12,0,12,0,12,12,19,0,12,0,12,0,12,73,86,16,28,0,12,0,12,12,19,0,12,0,12,0,12,0,12,0,12,10,16,0,12,956,233,36,44,956,233,0,12,0,12,28,41,0,12,956,233,402,244,0,12,0,12,177,85,351,200,0,12
"4086","060376213261","Block Group 1, Census Tract 6213.26, Los Angeles County, California",667,182,12,19,0,12,0,12,0,12,0,12,0,12,0,12,0,12,0,12,0,12,0,12,0,12,0,12,0,12,0,12,0,12,0,12,0,12,0,12,0,12,0,12,0,12,0,12,0,12,695,194,41,34,695,194,0,12,85,120,19,22,0,12,695,194,10,16,0,12,23,25,482,131,148,94,0,12
"4087","060376213262","Block Group 2, Census Tract 6213.26, Los Angeles County, California",907,170,0,12,0,12,0,12,0,12,0,12,0,12,0,12,0,12,0,12,0,12,0,12,0,12,9,14,0,12,0,12,0,12,0,12,0,12,0,12,0,12,0,12,0,12,0,12,0,12,931,173,53,55,931,173,0,12,0,12,23,28,6,10,931,173,93,68,0,12,16,17,627,174,101,68,0,12
"4088","060376213241","Block Group 1, Census Tract 6213.24, Los Angeles County, California",2482,318,0,12,0,12,0,12,0,12,0,12,0,12,0,12,0,12,0,12,0,12,42,53,0,12,8,14,0,12,0,12,0,12,0,12,0,12,0,12,0,12,0,12,0,12,0,12,0,12,2655,370,96,95,2655,370,0,12,0,12,18,29,0,12,2655,370,290,137,0,12,79,59,1899,338,158,137,0,12
"4089","060376213242","Block Group 2, Census Tract 6213.24, Los Angeles County, California",1033,367,0,12,0,12,0,12,0,12,0,12,0,12,0,12,0,12,0,12,0,12,0,12,0,12,0,12,0,12,0,12,0,12,0,12,0,12,0,12,0,12,0,12,0,12,0,12,0,12,1081,373,39,49,1085,372,0,12,0,12,125,106,0,12,1085,372,150,94,0,12,16,14,632,185,260,345,0,12
"4090","060373025052","Block Group 2, Census Tract 3025.05, Los Angeles County, California",406,176,0,12,0,12,0,12,0,12,0,12,0,12,0,12,0,12,48,62,0,12,54,72,10,16,0,12,0,12,0,12,0,12,12,21,26,39,0,12,13,20,0,12,0,12,0,12,0,12,406,176,44,70,437,191,0,12,13,21,17,27,0,12,437,191,0,12,0,12,0,12,188,104,224,161,0,12
"4091","060373025053","Block Group 3, Census Tract 3025.05, Los Angeles County, California",1803,334,0,12,0,12,0,12,0,12,0,12,0,12,0,12,0,12,61,45,24,30,264,114,44,54,7,12,0,12,0,12,0,12,14,21,0,12,0,12,27,40,0,12,0,12,0,12,0,12,1930,350,378,252,1930,350,4,7,38,46,40,48,0,12,1930,350,234,144,0,12,178,231,1007,298,511,227,0,12
"4092","060374335031","Block Group 1, Census Tract 4335.03, Los Angeles County, California",2326,384,15,23,0,12,0,12,0,12,11,14,0,12,0,12,0,12,186,86,250,149,0,12,0,12,137,47,82,65,0,12,0,12,0,12,29,41,0,12,0,12,42,36,29,34,0,12,0,12,2479,402,206,114,2479,402,69,75,165,81,169,83,0,12,2479,402,720,163,0,12,0,12,27,40,1732,386,0,12
"4093","060374067024","Block Group 4, Census Tract 4067.02, Los Angeles County, California",1022,269,0,12,0,12,0,12,0,12,0,12,0,12,0,12,0,12,1,9,0,12,0,12,0,12,75,58,0,12,0,12,0,12,13,20,1,8,0,12,0,12,37,38,0,12,0,12,0,12,1032,272,89,83,1032,272,2,14,69,46,2,13,2,9,1032,272,505,221,0,12,37,63,132,63,358,191,0,12
"4094","060374067023","Block Group 3, Census Tract 4067.02, Los Angeles County, California",1733,417,13,14,0,12,0,12,0,12,28,43,0,12,0,12,0,12,11,18,0,12,0,12,0,12,9,15,94,101,0,12,0,12,21,31,12,18,0,12,0,12,0,12,0,12,0,12,0,12,1762,423,72,102,1770,423,0,12,22,26,73,65,0,12,1770,423,342,252,0,12,39,62,276,120,1055,346,0,12
"4095","060374067022","Block Group 2, Census Tract 4067.02, Los Angeles County, California",1925,374,0,12,0,12,0,12,0,12,0,12,0,12,0,12,0,12,0,12,20,24,0,12,0,12,156,123,31,43,0,12,0,12,28,24,51,54,0,12,0,12,27,33,12,20,0,12,0,12,1928,384,90,61,1938,386,10,17,55,50,132,71,0,12,2076,421,519,267,148,201,47,41,213,92,1148,351,0,12
"4096","060379006081","Block Group 1, Census Tract 9006.08, Los Angeles County, California",2265,335,0,12,0,12,0,12,0,12,0,12,0,12,0,12,0,12,0,12,0,12,0,12,0,12,0,12,0,12,0,12,0,12,5,8,0,12,0,12,0,12,3,6,0,12,0,12,0,12,2386,355,519,300,2386,355,29,45,12,19,44,61,0,12,2386,355,35,30,0,12,413,173,465,201,1415,249,0,12
"4097","060379005072","Block Group 2, Census Tract 9005.07, Los Angeles County, California",1702,553,15,24,0,12,0,12,0,12,0,12,0,12,0,12,0,12,35,43,19,31,0,12,0,12,0,12,0,12,0,12,0,12,0,12,37,59,0,12,0,12,0,12,0,12,0,12,0,12,1870,597,501,425,1870,597,0,12,56,61,0,12,0,12,1870,597,0,12,0,12,500,364,249,175,1121,555,0,12
"4098","060379005071","Block Group 1, Census Tract 9005.07, Los Angeles County, California",2619,620,0,12,0,12,0,12,0,12,0,12,0,12,0,12,0,12,35,56,0,12,0,12,0,12,0,12,0,12,0,12,0,12,0,12,0,12,0,12,0,12,60,67,25,38,0,12,0,12,2696,628,838,415,2757,647,37,54,41,59,24,42,0,12,2757,647,261,200,0,12,714,421,1129,496,597,308,0,12
"4099","060379005062","Block Group 2, Census Tract 9005.06, Los Angeles County, California",2114,475,0,12,0,12,0,12,0,12,0,12,0,12,0,12,0,12,0,12,61,71,0,12,0,12,0,12,0,12,0,12,0,12,3,7,0,12,0,12,0,12,0,12,0,12,0,12,0,12,2266,511,527,275,2266,511,0,12,0,12,35,47,0,12,2266,511,10,16,0,12,878,364,261,135,1002,421,28,43
"4100","060371232052","Block Group 2, Census Tract 1232.05, Los Angeles County, California",958,196,6,11,0,12,0,12,0,12,0,12,0,12,0,12,0,12,115,53,36,34,0,12,0,12,0,12,0,12,0,12,0,12,21,23,9,14,0,12,0,12,0,12,0,12,15,21,0,12,1003,196,298,151,1015,196,0,12,44,42,68,45,0,12,1015,196,22,33,0,12,58,48,249,105,686,195,0,12
"4101","060371232051","Block Group 1, Census Tract 1232.05, Los Angeles County, California",1430,270,16,19,0,12,0,12,0,12,0,12,0,12,0,12,0,12,157,64,76,55,8,13,0,12,0,12,0,12,0,12,0,12,13,15,16,16,0,12,0,12,0,12,0,12,0,12,0,12,1477,277,250,116,1477,277,72,52,69,58,145,64,0,12,1477,277,24,26,0,12,38,44,209,108,1206,238,0,12
"4102","060372383101","Block Group 1, Census Tract 2383.10, Los Angeles County, California",2259,406,0,12,0,12,0,12,0,12,0,12,0,12,0,12,0,12,403,139,117,68,0,12,0,12,0,12,0,12,20,33,0,12,17,26,0,12,0,12,0,12,0,12,0,12,0,12,0,12,2509,495,1027,439,2509,495,74,69,150,95,269,121,0,12,2509,495,0,12,9,13,450,249,0,12,2038,475,0,12
"4103","060372383102","Block Group 2, Census Tract 2383.10, Los Angeles County, California",2285,419,0,12,0,12,0,12,0,12,0,12,0,12,0,12,0,12,202,113,138,109,0,12,0,12,0,12,0,12,0,12,0,12,41,37,30,33,0,12,0,12,0,12,0,12,0,12,0,12,2493,463,1115,400,2493,463,59,91,164,126,340,139,0,12,2493,463,0,12,0,12,756,244,52,65,1685,411,0,12
"4104","060372400101","Block Group 1, Census Tract 2400.10, Los Angeles County, California",821,289,0,12,0,12,0,12,0,12,0,12,0,12,0,12,0,12,65,54,45,50,0,12,0,12,0,12,0,12,0,12,0,12,19,26,34,31,0,12,0,12,0,12,0,12,0,12,0,12,871,304,175,133,871,304,15,25,111,71,119,70,0,12,871,304,0,12,0,12,171,139,0,12,688,305,0,12
"4105","060375706022","Block Group 2, Census Tract 5706.02, Los Angeles County, California",2026,456,0,12,0,12,0,12,0,12,0,12,0,12,0,12,0,12,110,95,44,62,0,12,0,12,40,41,0,12,0,12,0,12,29,46,56,67,0,12,0,12,0,12,0,12,0,12,0,12,2307,500,279,239,2307,500,0,12,105,81,104,128,0,12,2307,500,593,248,0,12,156,144,129,70,1390,456,0,12
"4106","060375707012","Block Group 2, Census Tract 5707.01, Los Angeles County, California",2400,529,0,12,0,12,0,12,0,12,0,12,0,12,0,12,0,12,0,12,0,12,0,12,0,12,0,12,0,12,0,12,0,12,18,28,51,82,0,12,0,12,0,12,0,12,0,12,0,12,2706,592,220,144,2669,571,0,12,17,32,104,91,0,12,2706,592,573,435,0,12,915,447,269,153,837,364,0,12
"4107","060375707014","Block Group 4, Census Tract 5707.01, Los Angeles County, California",830,371,0,12,0,12,0,12,0,12,0,12,0,12,0,12,0,12,0,12,0,12,0,12,0,12,0,12,0,12,0,12,0,12,0,12,0,12,0,12,0,12,0,12,0,12,0,12,0,12,857,380,0,12,857,380,0,12,21,26,0,12,0,12,857,380,321,364,0,12,162,237,264,130,36,41,0,12
"4108","060375707011","Block Group 1, Census Tract 5707.01, Los Angeles County, California",833,368,50,82,0,12,0,12,0,12,0,12,0,12,0,12,0,12,0,12,0,12,0,12,0,12,0,12,0,12,0,12,0,12,0,12,0,12,0,12,0,12,0,12,0,12,0,12,0,12,911,416,9,8,911,416,0,12,0,12,2,6,0,12,911,416,132,203,0,12,5,7,323,253,451,299,0,12
"4109","060375707013","Block Group 3, Census Tract 5707.01, Los Angeles County, California",679,282,0,12,0,12,0,12,0,12,0,12,0,12,0,12,0,12,0,12,0,12,0,12,0,12,0,12,0,12,0,12,0,12,0,12,0,12,0,12,0,12,0,12,0,12,0,12,0,12,728,284,0,12,717,280,0,12,0,12,0,12,0,12,728,284,216,204,0,12,0,12,244,130,268,209,0,12
"4110","060375707015","Block Group 5, Census Tract 5707.01, Los Angeles County, California",2037,492,19,31,0,12,0,12,0,12,0,12,0,12,0,12,0,12,0,12,0,12,32,50,0,12,13,23,0,12,0,12,0,12,55,87,0,12,32,49,0,12,11,40,0,12,0,12,0,12,2170,549,171,260,2170,549,0,12,0,12,85,100,0,12,2170,549,768,388,0,12,394,247,185,90,812,395,0,12
"4111","060375714001","Block Group 1, Census Tract 5714, Los Angeles County, California",1275,340,0,12,0,12,0,12,0,12,0,12,0,12,0,12,0,12,31,40,0,12,0,12,0,12,0,12,0,12,0,12,0,12,39,50,39,49,0,12,0,12,0,12,0,12,0,12,0,12,1302,333,190,197,1339,349,13,19,16,24,31,37,0,12,1339,349,158,191,0,12,129,86,437,137,571,253,0,12
"4112","060375714004","Block Group 4, Census Tract 5714, Los Angeles County, California",1108,283,0,12,0,12,0,12,0,12,0,12,0,12,0,12,0,12,0,12,0,12,0,12,0,12,8,14,7,14,0,12,0,12,0,12,0,12,0,12,0,12,0,12,0,12,7,12,0,12,1204,315,60,72,1204,315,0,12,38,31,20,22,0,12,1204,315,235,189,0,12,0,12,649,258,241,105,0,12
"4113","060375714003","Block Group 3, Census Tract 5714, Los Angeles County, California",443,168,0,12,0,12,0,12,0,12,0,12,0,12,0,12,0,12,0,12,0,12,0,12,0,12,9,14,0,12,0,12,0,12,0,12,0,12,0,12,0,12,0,12,0,12,0,12,0,12,443,168,64,55,443,168,0,12,10,17,0,12,0,12,443,168,77,65,0,12,144,104,94,116,101,64,0,12
"4114","060375714005","Block Group 5, Census Tract 5714, Los Angeles County, California",1013,221,0,12,0,12,0,12,0,12,0,12,0,12,0,12,0,12,26,32,0,12,0,12,0,12,18,30,0,12,0,12,0,12,0,12,0,12,0,12,0,12,0,12,0,12,0,12,0,12,1141,312,35,42,1141,312,0,12,23,25,31,30,0,12,1141,312,343,279,0,12,170,102,340,144,279,134,0,12
"4115","060375718002","Block Group 2, Census Tract 5718, Los Angeles County, California",1058,213,0,12,0,12,0,12,0,12,0,12,0,12,0,12,0,12,12,23,0,12,0,12,0,12,0,12,0,12,0,12,0,12,0,12,0,12,0,12,0,12,0,12,0,12,0,12,0,12,1105,228,22,35,1105,228,0,12,0,12,0,12,0,12,1105,228,46,36,0,12,183,103,784,209,78,84,0,12
"4116","060375718003","Block Group 3, Census Tract 5718, Los Angeles County, California",878,204,0,12,0,12,0,12,0,12,0,12,0,12,0,12,0,12,0,12,0,12,0,12,0,12,0,12,0,12,0,12,0,12,4,9,0,12,0,12,0,12,0,12,9,18,0,12,0,12,834,219,86,106,834,219,0,12,0,12,0,12,0,12,907,214,183,137,0,12,39,32,263,127,422,153,0,12
"4117","060375721001","Block Group 1, Census Tract 5721, Los Angeles County, California",1057,69,6,8,0,12,0,12,0,12,0,12,0,12,0,12,0,12,0,12,8,10,0,12,0,12,6,8,0,12,0,12,0,12,7,9,0,12,0,12,0,12,5,7,0,12,7,10,0,12,1113,77,45,35,1113,77,0,12,61,36,38,23,0,12,1113,77,287,75,8,11,146,103,265,125,357,119,6,8
"4118","060371342012","Block Group 2, Census Tract 1342.01, Los Angeles County, California",1018,262,19,27,0,12,0,12,0,12,0,12,0,12,0,12,0,12,53,58,0,12,0,12,0,12,0,12,0,12,0,12,0,12,0,12,0,12,0,12,0,12,25,22,0,12,0,12,0,12,1092,282,8,15,1092,282,37,56,14,22,47,57,8,15,1092,282,235,152,11,17,50,62,394,137,402,251,0,12
"4119","060375717012","Block Group 2, Census Tract 5717.01, Los Angeles County, California",1935,465,0,12,0,12,0,12,0,12,0,12,0,12,0,12,0,12,113,80,23,18,0,12,0,12,6,10,0,12,0,12,0,12,17,28,30,48,0,12,0,12,33,53,0,12,0,12,0,12,2010,472,495,358,2017,476,53,54,76,72,110,80,0,12,2017,476,132,151,36,60,248,271,78,47,1488,473,0,12
"4120","060375727003","Block Group 3, Census Tract 5727, Los Angeles County, California",1132,316,0,12,0,12,0,12,0,12,0,12,0,12,0,12,0,12,39,37,13,23,0,12,0,12,11,18,0,12,0,12,0,12,4,8,14,26,0,12,0,12,68,62,0,12,0,12,0,12,1204,347,149,143,1204,347,33,54,6,18,28,32,0,12,1204,347,647,300,27,42,38,48,31,35,426,217,18,21
"4121","060375727001","Block Group 1, Census Tract 5727, Los Angeles County, California",777,288,0,12,0,12,0,12,0,12,0,12,0,12,0,12,0,12,12,17,39,41,0,12,0,12,0,12,0,12,0,12,0,12,6,10,0,12,0,12,0,12,0,12,0,12,0,12,0,12,817,308,24,36,817,308,46,72,65,78,15,22,0,12,817,308,187,172,19,32,64,61,30,30,493,291,0,12
"4122","060375727002","Block Group 2, Census Tract 5727, Los Angeles County, California",1291,316,0,12,0,12,0,12,0,12,0,12,0,12,0,12,0,12,14,25,51,57,0,12,0,12,8,13,0,12,0,12,0,12,0,12,38,47,0,12,0,12,0,12,0,12,0,12,0,12,1349,343,318,270,1355,345,0,12,48,60,34,42,0,12,1355,345,313,208,119,146,150,102,11,18,681,285,0,12
"4123","060375731004","Block Group 4, Census Tract 5731, Los Angeles County, California",768,364,0,12,0,12,0,12,0,12,0,12,0,12,0,12,0,12,0,12,5,23,0,12,0,12,0,12,0,12,0,12,0,12,0,12,0,12,0,12,0,12,0,12,51,78,0,12,0,12,768,364,182,225,768,364,0,12,0,12,2,12,0,12,768,364,217,268,0,12,240,271,155,127,138,136,0,12
"4124","060375731001","Block Group 1, Census Tract 5731, Los Angeles County, California",1513,427,0,12,0,12,0,12,0,12,0,12,0,12,0,12,0,12,86,82,12,21,0,12,0,12,0,12,0,12,50,73,0,12,12,19,39,62,0,12,0,12,0,12,0,12,0,12,0,12,1683,505,396,410,1693,507,0,12,85,78,116,103,0,12,1693,507,235,197,0,12,335,215,128,101,719,294,0,12
"4125","060375734011","Block Group 1, Census Tract 5734.01, Los Angeles County, California",1499,163,0,12,0,12,0,12,0,12,0,12,0,12,0,12,0,12,31,30,0,12,0,12,0,12,4,8,0,12,0,12,0,12,0,12,0,12,5,8,0,12,31,19,49,58,0,12,0,12,1642,164,214,102,1642,164,11,15,36,42,43,40,0,12,1642,164,298,77,0,12,279,168,421,95,611,109,0,12
"4126","060375740004","Block Group 4, Census Tract 5740, Los Angeles County, California",1050,220,0,12,0,12,0,12,0,12,0,12,0,12,0,12,0,12,0,12,0,12,0,12,0,12,0,12,0,12,0,12,0,12,0,12,0,12,0,12,0,12,0,12,0,12,0,12,0,12,1116,235,0,12,1116,235,0,12,0,12,0,12,0,12,1116,235,110,84,0,12,62,69,679,269,231,139,0,12
"4127","060375740002","Block Group 2, Census Tract 5740, Los Angeles County, California",881,195,0,12,0,12,0,12,0,12,0,12,0,12,0,12,0,12,0,12,0,12,0,12,0,12,0,12,0,12,0,12,0,12,0,12,0,12,0,12,0,12,0,12,0,12,0,12,0,12,962,212,51,60,962,212,0,12,19,29,1,2,0,12,962,212,140,97,0,12,2,4,624,173,106,80,0,12
"4128","060375740003","Block Group 3, Census Tract 5740, Los Angeles County, California",955,267,0,12,0,12,0,12,0,12,0,12,0,12,0,12,0,12,0,12,0,12,0,12,0,12,0,12,0,12,0,12,0,12,0,12,13,20,0,12,0,12,0,12,0,12,0,12,0,12,1000,280,31,25,1000,280,0,12,54,76,0,12,0,12,1000,280,118,109,0,12,82,108,506,157,263,143,0,12
"4129","060375749012","Block Group 2, Census Tract 5749.01, Los Angeles County, California",804,201,0,12,0,12,0,12,0,12,0,12,0,12,0,12,0,12,11,15,0,12,0,12,0,12,0,12,0,12,0,12,0,12,0,12,0,12,0,12,0,12,29,45,0,12,0,12,0,12,826,204,25,37,826,204,22,36,14,23,51,42,11,17,826,204,145,113,0,12,16,25,518,194,84,93,0,12
"4130","060375749014","Block Group 4, Census Tract 5749.01, Los Angeles County, California",936,240,0,12,0,12,0,12,0,12,0,12,0,12,0,12,0,12,7,11,0,12,0,12,0,12,0,12,0,12,0,12,0,12,0,12,0,12,0,12,0,12,0,12,0,12,0,12,0,12,936,240,89,75,936,240,0,12,0,12,69,47,0,12,936,240,25,24,0,12,9,15,631,189,230,161,12,19
"4131","060375752012","Block Group 2, Census Tract 5752.01, Los Angeles County, California",1554,361,0,12,0,12,0,12,0,12,12,19,0,12,0,12,0,12,139,75,34,40,0,12,0,12,71,59,29,48,0,12,0,12,22,33,0,12,0,12,0,12,0,12,0,12,0,12,0,12,1714,426,481,311,1751,435,0,12,120,99,92,85,0,12,1751,435,629,334,0,12,31,36,125,107,905,441,0,12
"4132","060375752013","Block Group 3, Census Tract 5752.01, Los Angeles County, California",1553,403,0,12,0,12,0,12,0,12,0,12,0,12,0,12,0,12,90,64,66,60,0,12,0,12,13,20,0,12,0,12,0,12,0,12,32,45,0,12,0,12,72,55,53,42,0,12,0,12,1593,413,227,165,1593,413,0,12,0,12,80,62,0,12,1593,413,390,200,0,12,324,185,18,21,861,406,0,12
"4133","060377004001","Block Group 1, Census Tract 7004, Los Angeles County, California",2063,451,0,12,0,12,0,12,0,12,0,12,0,12,0,12,0,12,0,12,0,12,0,12,0,12,0,12,0,12,0,12,0,12,0,12,0,12,76,117,0,12,0,12,0,12,0,12,0,12,2063,451,241,183,2063,451,0,12,50,78,74,67,0,12,2063,451,144,161,0,12,0,12,1517,381,205,146,0,12
"4134","060377025012","Block Group 2, Census Tract 7025.01, Los Angeles County, California",468,210,0,12,0,12,0,12,0,12,0,12,0,12,0,12,0,12,0,12,0,12,31,48,0,12,0,12,0,12,0,12,0,12,0,12,0,12,0,12,0,12,0,12,0,12,0,12,0,12,488,217,0,12,488,217,0,12,0,12,21,35,0,12,488,217,46,81,0,12,0,12,401,216,35,59,0,12
"4135","060374315012","Block Group 2, Census Tract 4315.01, Los Angeles County, California",1561,326,0,12,29,37,0,12,0,12,9,15,0,12,0,12,0,12,34,38,22,34,0,12,0,12,112,69,37,35,0,12,0,12,0,12,0,12,0,12,0,12,36,47,12,20,0,12,0,12,1683,362,102,79,1683,362,36,58,26,30,84,73,10,17,1689,362,883,256,0,12,1,4,301,173,493,256,10,17
"4136","060374315013","Block Group 3, Census Tract 4315.01, Los Angeles County, California",1865,376,0,12,0,12,0,12,0,12,9,15,0,12,0,12,0,12,72,80,0,12,0,12,0,12,52,72,0,12,0,12,0,12,0,12,0,12,11,18,0,12,114,100,13,21,0,12,0,12,1913,367,376,235,1929,367,0,12,28,43,59,52,0,12,1934,367,746,233,3,6,118,141,255,93,795,333,0,12
"4137","060374300031","Block Group 1, Census Tract 4300.03, Los Angeles County, California",1009,227,0,12,0,12,0,12,0,12,0,12,0,12,0,12,0,12,10,16,0,12,0,12,0,12,11,17,0,12,0,12,0,12,0,12,0,12,0,12,0,12,13,23,0,12,0,12,0,12,1111,282,82,93,1111,282,38,56,17,26,13,21,0,12,1111,282,115,120,0,12,0,12,337,135,638,332,0,12
"4138","060374300032","Block Group 2, Census Tract 4300.03, Los Angeles County, California",3055,372,0,12,0,12,0,12,0,12,0,12,0,12,0,12,0,12,0,12,0,12,0,12,0,12,66,53,0,12,0,12,0,12,0,12,0,12,0,12,0,12,0,12,0,12,0,12,0,12,3212,369,237,114,3212,369,36,41,70,62,46,39,0,12,3212,369,850,215,0,12,168,114,1158,173,855,298,13,20
"4139","060374300034","Block Group 4, Census Tract 4300.03, Los Angeles County, California",635,207,0,12,0,12,0,12,0,12,0,12,0,12,0,12,0,12,0,12,0,12,7,10,0,12,25,41,0,12,0,12,0,12,0,12,0,12,0,12,0,12,0,12,0,12,0,12,0,12,648,211,51,41,648,211,0,12,0,12,7,11,0,12,648,211,63,66,0,12,0,12,309,118,157,119,0,12
"4140","060374300033","Block Group 3, Census Tract 4300.03, Los Angeles County, California",0,12,0,12,0,12,0,12,0,12,0,12,0,12,0,12,0,12,0,12,0,12,0,12,0,12,0,12,0,12,0,12,0,12,0,12,0,12,0,12,0,12,0,12,0,12,0,12,0,12,0,12,0,12,0,12,0,12,0,12,0,12,0,12,0,12,0,12,0,12,0,12,0,12,0,12,0,12
"4141","060376038011","Block Group 1, Census Tract 6038.01, Los Angeles County, California",2182,377,0,12,0,12,0,12,0,12,6,10,0,12,0,12,0,12,181,103,11,19,18,28,0,12,0,12,0,12,6,9,0,12,0,12,12,19,0,12,0,12,0,12,0,12,0,12,0,12,2278,395,422,218,2278,395,26,26,157,129,273,128,0,12,2278,395,195,157,0,12,698,269,203,103,1013,374,21,34
"4142","060376038012","Block Group 2, Census Tract 6038.01, Los Angeles County, California",1187,324,0,12,0,12,0,12,0,12,0,12,0,12,0,12,0,12,94,85,22,34,0,12,0,12,27,36,0,12,0,12,0,12,25,37,3,7,0,12,0,12,7,20,0,12,0,12,0,12,1264,357,149,165,1264,357,0,12,132,79,96,72,10,17,1264,357,82,92,15,43,77,72,245,161,837,326,2,5
"4143","060376038013","Block Group 3, Census Tract 6038.01, Los Angeles County, California",1119,450,0,12,0,12,0,12,0,12,0,12,0,12,0,12,0,12,149,152,15,17,0,12,0,12,8,13,20,24,0,12,0,12,21,23,35,51,0,12,0,12,0,12,19,23,0,12,0,12,1206,462,165,175,1206,462,0,12,144,154,68,44,0,12,1206,462,157,124,0,12,35,30,98,81,916,452,0,12
"4144","060376030061","Block Group 1, Census Tract 6030.06, Los Angeles County, California",1394,183,0,12,0,12,0,12,0,12,0,12,0,12,0,12,0,12,25,31,24,32,0,12,0,12,106,62,6,10,0,12,0,12,13,15,8,12,0,12,0,12,19,18,0,12,0,12,0,12,1472,212,151,87,1472,212,0,12,7,10,84,60,0,12,1472,212,571,130,0,12,40,38,178,100,674,208,0,12
"4145","060376030062","Block Group 2, Census Tract 6030.06, Los Angeles County, California",415,102,0,12,0,12,0,12,0,12,0,12,0,12,0,12,0,12,0,12,0,12,0,12,0,12,24,24,0,12,0,12,0,12,0,12,0,12,0,12,0,12,0,12,0,12,0,12,0,12,426,110,16,14,426,110,0,12,0,12,25,32,0,12,426,110,229,81,0,12,53,44,80,52,58,53,0,12
"4146","060376030051","Block Group 1, Census Tract 6030.05, Los Angeles County, California",2037,502,0,12,0,12,54,90,0,12,0,12,0,12,0,12,0,12,197,149,30,32,26,44,0,12,38,35,53,63,0,12,0,12,10,15,0,12,0,12,0,12,15,23,0,12,0,12,0,12,2226,577,361,297,2226,577,87,102,187,121,145,104,6,11,2228,577,364,236,0,12,527,229,92,97,1245,502,0,12
"4147","060376030052","Block Group 2, Census Tract 6030.05, Los Angeles County, California",2058,427,0,12,48,54,0,12,0,12,0,12,0,12,0,12,0,12,53,51,56,59,0,12,0,12,40,66,0,12,0,12,0,12,0,12,29,43,0,12,0,12,0,12,0,12,0,12,0,12,2137,445,382,222,2151,448,0,12,98,89,70,64,0,12,2151,448,350,243,0,12,473,212,240,166,922,357,0,12
"4148","060376030053","Block Group 3, Census Tract 6030.05, Los Angeles County, California",1455,318,0,12,0,12,0,12,0,12,0,12,0,12,0,12,0,12,57,70,21,36,0,12,0,12,57,54,0,12,0,12,0,12,0,12,11,20,0,12,0,12,0,12,0,12,0,12,0,12,1549,357,362,210,1549,357,104,138,98,114,84,74,0,12,1549,357,376,196,0,12,810,293,12,19,351,245,0,12
"4149","060375010025","Block Group 5, Census Tract 5010.02, Los Angeles County, California",1027,287,0,12,0,12,0,12,0,12,0,12,0,12,0,12,0,12,8,13,0,12,0,12,0,12,0,12,0,12,0,12,0,12,9,15,0,12,0,12,0,12,0,12,0,12,0,12,0,12,1209,355,24,30,1209,355,0,12,25,38,6,10,0,12,1209,355,0,12,0,12,26,46,118,76,1051,368,0,12
"4150","060376010021","Block Group 1, Census Tract 6010.02, Los Angeles County, California",1325,368,0,12,0,12,0,12,0,12,0,12,0,12,0,12,0,12,86,74,26,50,0,12,0,12,0,12,2,5,0,12,0,12,36,60,20,32,0,12,0,12,0,12,2,4,0,12,0,12,1477,429,271,201,1477,429,0,12,0,12,100,92,0,12,1477,429,25,34,0,12,479,302,26,37,622,288,203,248
"4151","060376010022","Block Group 2, Census Tract 6010.02, Los Angeles County, California",1430,410,0,12,0,12,0,12,0,12,0,12,0,12,0,12,0,12,179,134,89,101,0,12,0,12,0,12,0,12,0,12,0,12,73,118,38,57,0,12,0,12,0,12,0,12,0,12,0,12,1420,417,201,170,1420,417,0,12,71,76,156,103,0,12,1430,410,0,12,0,12,514,253,27,31,889,430,0,12
"4152","060376012122","Block Group 2, Census Tract 6012.12, Los Angeles County, California",2955,556,42,55,0,12,0,12,0,12,0,12,0,12,0,12,0,12,211,113,90,72,0,12,0,12,0,12,0,12,0,12,0,12,54,58,26,39,0,12,0,12,0,12,0,12,0,12,17,28,3307,653,922,510,3307,653,18,32,49,45,108,108,0,12,3307,653,70,82,0,12,1093,491,88,86,2056,654,0,12
"4153","060371432003","Block Group 3, Census Tract 1432, Los Angeles County, California",1327,351,0,12,0,12,0,12,0,12,0,12,0,12,0,12,0,12,23,37,0,12,0,12,0,12,0,12,0,12,0,12,0,12,0,12,0,12,20,31,0,12,17,27,0,12,0,12,0,12,1378,362,78,80,1378,362,37,69,16,29,44,63,0,12,1378,362,156,143,26,43,14,22,744,190,233,154,0,12
"4154","060373024011","Block Group 1, Census Tract 3024.01, Los Angeles County, California",1880,541,0,12,0,12,0,12,0,12,0,12,4,10,0,12,0,12,22,34,0,12,83,97,253,201,36,59,0,12,0,12,0,12,10,16,0,12,4,8,59,89,0,12,49,75,0,12,0,12,2053,566,877,440,1961,555,0,12,17,28,144,130,9,16,2101,570,352,274,0,12,95,119,1228,447,426,231,0,12
"4155","060373024012","Block Group 2, Census Tract 3024.01, Los Angeles County, California",1754,633,0,12,0,12,0,12,0,12,0,12,0,12,0,12,0,12,107,101,0,12,0,12,0,12,84,136,0,12,0,12,0,12,0,12,135,162,50,44,63,62,0,12,0,12,0,12,0,12,1814,639,288,194,1872,656,52,70,80,88,173,139,102,158,1872,656,254,211,0,12,0,12,573,215,1003,547,0,12
"4156","060379800151","Block Group 1, Census Tract 9800.15, Los Angeles County, California",623,95,0,12,0,12,0,12,0,12,0,12,0,12,0,12,0,12,32,45,0,12,13,18,0,12,11,12,0,12,0,12,0,12,0,12,0,12,0,12,0,12,0,12,0,12,0,12,0,12,653,107,75,48,660,114,0,12,28,31,72,67,0,12,671,107,132,63,1,2,238,121,63,32,191,91,0,12
"4157","060374309021","Block Group 1, Census Tract 4309.02, Los Angeles County, California",2422,403,0,12,0,12,0,12,0,12,12,16,0,12,0,12,0,12,48,58,35,56,0,12,0,12,48,44,114,171,0,12,0,12,0,12,0,12,0,12,0,12,8,12,18,27,0,12,0,12,2484,408,361,166,2495,409,10,18,162,164,166,103,12,19,2495,409,721,238,73,117,86,73,727,194,856,320,0,12
"4158","060374309022","Block Group 2, Census Tract 4309.02, Los Angeles County, California",947,269,0,12,0,12,0,12,0,12,0,12,0,12,0,12,0,12,7,14,0,12,0,12,0,12,18,21,11,16,0,12,0,12,10,11,5,10,0,12,4,9,13,22,9,10,0,12,0,12,957,283,40,50,957,283,8,12,10,16,11,14,0,12,1036,293,251,134,0,12,70,65,273,170,437,232,0,12
"4159","060374309023","Block Group 3, Census Tract 4309.02, Los Angeles County, California",943,353,0,12,0,12,0,12,0,12,0,12,0,12,0,12,0,12,23,37,0,12,0,12,0,12,64,49,0,12,0,12,0,12,0,12,0,12,0,12,0,12,0,12,0,12,0,12,0,12,1008,374,9,14,1008,374,0,12,0,12,57,91,0,12,1008,374,355,163,0,12,39,44,90,68,469,330,0,12
"4160","060374309011","Block Group 1, Census Tract 4309.01, Los Angeles County, California",1479,271,0,12,0,12,0,12,0,12,0,12,0,12,0,12,0,12,10,17,8,13,0,12,0,12,51,40,0,12,0,12,0,12,3,6,0,12,0,12,0,12,25,30,0,12,0,12,0,12,1604,286,120,94,1612,291,0,12,27,44,10,17,0,12,1612,291,525,146,0,12,225,154,376,112,428,220,0,12
"4161","060374309012","Block Group 2, Census Tract 4309.01, Los Angeles County, California",791,243,0,12,0,12,0,12,0,12,0,12,0,12,0,12,0,12,0,12,17,28,0,12,0,12,10,16,0,12,0,12,0,12,9,15,17,29,0,12,0,12,0,12,0,12,0,12,0,12,791,243,93,57,791,243,0,12,0,12,45,46,0,12,791,243,25,24,0,12,49,46,276,92,406,220,0,12
"4162","060374038011","Block Group 1, Census Tract 4038.01, Los Angeles County, California",2649,405,0,12,0,12,0,12,0,12,0,12,0,12,0,12,0,12,174,151,59,62,0,12,0,12,0,12,0,12,20,22,0,12,23,25,0,12,0,12,0,12,0,12,0,12,0,12,0,12,2945,497,363,174,2956,496,11,17,108,81,92,64,0,12,2956,496,287,194,0,12,96,77,394,158,2110,578,25,38
"4163","060375751032","Block Group 2, Census Tract 5751.03, Los Angeles County, California",1670,358,0,12,0,12,0,12,0,12,0,12,0,12,0,12,0,12,25,23,19,23,0,12,0,12,0,12,31,49,0,12,0,12,13,19,27,39,0,12,0,12,20,21,32,51,0,12,0,12,1758,382,254,149,1758,382,10,21,139,83,82,71,18,30,1758,382,407,218,0,12,258,136,310,145,703,286,19,30
"4164","060375759023","Block Group 3, Census Tract 5759.02, Los Angeles County, California",1658,514,0,12,0,12,0,12,0,12,0,12,0,12,0,12,0,12,35,55,59,64,0,12,0,12,0,12,0,12,0,12,0,12,9,14,0,12,0,12,0,12,0,12,0,12,0,12,0,12,1732,554,299,233,1732,554,0,12,148,123,106,96,5,14,1732,554,60,70,0,12,467,233,334,269,818,473,0,12
"4165","060375759022","Block Group 2, Census Tract 5759.02, Los Angeles County, California",1959,481,0,12,0,12,0,12,0,12,0,12,0,12,0,12,0,12,0,12,0,12,0,12,0,12,30,32,0,12,0,12,0,12,0,12,0,12,14,22,0,12,0,12,14,22,0,12,0,12,2007,499,289,197,2050,521,16,29,148,141,132,192,0,12,2050,521,124,78,0,12,239,140,871,300,706,362,0,12
"4166","060375764011","Block Group 1, Census Tract 5764.01, Los Angeles County, California",1573,470,8,15,0,12,0,12,0,12,0,12,0,12,0,12,0,12,111,67,99,117,0,12,0,12,92,62,0,12,0,12,0,12,0,12,0,12,0,12,0,12,41,47,52,44,0,12,0,12,1674,486,508,290,1674,486,0,12,37,46,92,80,0,12,1674,486,344,183,0,12,127,137,164,135,813,392,0,12
"4167","060375764012","Block Group 2, Census Tract 5764.01, Los Angeles County, California",3007,558,0,12,0,12,0,12,0,12,0,12,0,12,0,12,0,12,419,167,169,117,0,12,0,12,24,36,0,12,0,12,0,12,21,33,0,12,0,12,0,12,0,12,0,12,0,12,0,12,3347,649,1128,544,3347,649,146,167,171,100,399,230,0,12,3347,649,131,148,0,12,443,236,138,90,2531,651,0,12
"4168","060376002023","Block Group 3, Census Tract 6002.02, Los Angeles County, California",1342,339,0,12,10,15,0,12,0,12,0,12,0,12,0,12,0,12,118,86,0,12,0,12,0,12,0,12,0,12,0,12,0,12,26,41,87,67,0,12,0,12,0,12,0,12,0,12,0,12,1546,435,569,351,1546,435,21,31,94,83,30,36,27,43,1553,435,1,2,0,12,499,208,63,72,981,415,0,12
"4169","060376004002","Block Group 2, Census Tract 6004, Los Angeles County, California",535,185,0,12,0,12,0,12,0,12,0,12,0,12,0,12,0,12,0,12,0,12,0,12,0,12,0,12,0,12,0,12,0,12,0,12,0,12,0,12,0,12,0,12,0,12,0,12,0,12,535,185,0,12,535,185,0,12,46,76,0,12,0,12,535,185,0,12,0,12,501,182,24,22,0,12,0,12
"4170","060376004003","Block Group 3, Census Tract 6004, Los Angeles County, California",1097,418,0,12,0,12,0,12,0,12,0,12,0,12,0,12,0,12,7,16,0,12,0,12,0,12,0,12,0,12,0,12,0,12,40,79,0,12,0,12,0,12,0,12,0,12,0,12,0,12,1210,497,122,78,1210,497,0,12,56,88,0,12,0,12,1210,497,0,12,0,12,760,446,8,18,442,260,0,12
"4171","060374006041","Block Group 1, Census Tract 4006.04, Los Angeles County, California",651,154,0,12,0,12,0,12,0,12,0,12,0,12,0,12,0,12,0,12,0,12,0,12,0,12,0,12,0,12,0,12,0,12,0,12,8,18,0,12,0,12,0,12,0,12,0,12,0,12,709,195,33,42,709,195,0,12,29,34,27,26,0,12,735,196,42,35,0,12,103,91,409,170,159,85,10,16
"4172","060374006042","Block Group 2, Census Tract 4006.04, Los Angeles County, California",2552,398,0,12,0,12,0,12,0,12,0,12,0,12,0,12,0,12,129,84,58,56,0,12,0,12,27,32,0,12,0,12,0,12,5,10,19,19,0,12,0,12,17,27,42,46,0,12,0,12,2766,471,663,374,2760,470,0,12,42,37,211,130,0,12,2766,471,773,242,0,12,37,33,538,155,1363,353,0,12
"4173","060374015002","Block Group 2, Census Tract 4015, Los Angeles County, California",2262,371,7,11,0,12,0,12,0,12,0,12,0,12,0,12,0,12,170,151,0,12,0,12,0,12,0,12,0,12,0,12,0,12,0,12,12,20,0,12,0,12,0,12,0,12,0,12,0,12,2142,367,385,247,2382,390,8,14,15,19,13,21,0,12,2382,390,231,127,10,16,76,76,953,266,1081,326,0,12
"4174","060374015001","Block Group 1, Census Tract 4015, Los Angeles County, California",2696,330,0,12,0,12,0,12,0,12,0,12,0,12,0,12,0,12,0,12,13,20,0,12,0,12,0,12,0,12,0,12,0,12,0,12,13,20,0,12,0,12,0,12,0,12,0,12,0,12,2640,357,270,174,2865,354,34,47,24,28,138,90,0,12,2865,354,105,47,0,12,46,56,1576,213,1065,311,0,12
"4175","060374016022","Block Group 2, Census Tract 4016.02, Los Angeles County, California",1222,305,0,12,0,12,0,12,0,12,0,12,0,12,0,12,0,12,28,44,0,12,0,12,0,12,0,12,0,12,0,12,0,12,0,12,0,12,0,12,0,12,0,12,0,12,0,12,0,12,1268,308,85,95,1270,309,27,32,30,43,64,50,0,12,1290,313,10,16,0,12,26,41,640,188,614,262,0,12
"4176","060374016021","Block Group 1, Census Tract 4016.02, Los Angeles County, California",3544,453,0,12,0,12,0,12,0,12,0,12,0,12,33,52,0,12,12,20,19,44,10,14,0,12,0,12,0,12,8,12,0,12,31,42,0,12,0,12,0,12,0,12,0,12,0,12,0,12,3806,500,433,234,3806,500,46,71,141,115,138,81,8,14,3806,500,111,113,0,12,217,173,1667,377,1655,415,0,12
"4177","060371011103","Block Group 3, Census Tract 1011.10, Los Angeles County, California",901,259,0,12,0,12,0,12,0,12,0,12,0,12,0,12,0,12,0,12,0,12,0,12,0,12,0,12,0,12,0,12,0,12,0,12,0,12,0,12,39,62,8,13,0,12,0,12,0,12,981,288,25,21,981,288,0,12,0,12,47,42,0,12,981,288,108,100,0,12,0,12,707,223,163,100,0,12
"4178","060371011101","Block Group 1, Census Tract 1011.10, Los Angeles County, California",1524,302,0,12,0,12,0,12,0,12,0,12,0,12,0,12,0,12,58,88,66,84,41,43,0,12,0,12,0,12,0,12,0,12,4,9,0,12,8,13,18,26,4,8,0,12,0,12,12,18,1688,337,261,160,1688,337,53,87,40,34,139,105,0,12,1688,337,44,38,0,12,8,14,1068,280,480,312,0,12
"4179","060372718011","Block Group 1, Census Tract 2718.01, Los Angeles County, California",969,194,0,12,0,12,0,12,0,12,0,12,0,12,0,12,0,12,8,13,0,12,0,12,0,12,0,12,0,12,0,12,0,12,0,12,0,12,19,28,0,12,0,12,0,12,0,12,0,12,1036,210,243,154,1036,210,0,12,11,17,118,116,0,12,1036,210,134,102,0,12,98,93,417,162,322,156,0,12
"4180","060372718012","Block Group 2, Census Tract 2718.01, Los Angeles County, California",1325,247,0,12,0,12,0,12,0,12,0,12,0,12,0,12,0,12,0,12,0,12,0,12,0,12,15,18,0,12,8,13,0,12,0,12,0,12,0,12,0,12,0,12,0,12,0,12,0,12,1389,278,204,108,1389,278,0,12,36,29,91,67,0,12,1389,278,604,230,9,14,62,69,501,181,203,95,0,12
"4181","060375515012","Block Group 2, Census Tract 5515.01, Los Angeles County, California",1438,352,0,12,0,12,0,12,0,12,0,12,0,12,0,12,0,12,11,24,0,12,0,12,0,12,0,12,0,12,0,12,0,12,11,16,38,40,0,12,0,12,0,12,0,12,17,28,0,12,1557,352,25,49,1557,352,0,12,36,40,30,39,0,12,1557,352,130,134,0,12,0,12,389,186,1004,275,0,12
"4182","060375514022","Block Group 2, Census Tract 5514.02, Los Angeles County, California",1726,389,45,63,0,12,0,12,0,12,0,12,0,12,0,12,0,12,6,10,9,15,14,22,0,12,4,9,0,12,0,12,0,12,44,46,12,24,0,12,0,12,6,19,6,16,0,12,0,12,1896,440,130,114,1896,440,25,34,36,46,65,52,5,9,1896,440,217,152,0,12,197,178,323,157,1159,437,0,12
"4183","060371958031","Block Group 1, Census Tract 1958.03, Los Angeles County, California",1570,206,0,12,0,12,0,12,0,12,0,12,0,12,0,12,0,12,47,36,0,12,0,12,0,12,14,22,0,12,0,12,0,12,31,28,9,13,0,12,0,12,0,12,0,12,0,12,0,12,1634,216,332,184,1634,216,0,12,123,109,149,64,0,12,1634,216,271,123,0,12,96,54,594,154,593,164,6,12
"4184","060371958032","Block Group 2, Census Tract 1958.03, Los Angeles County, California",927,202,0,12,0,12,0,12,0,12,0,12,0,12,0,12,0,12,7,11,10,17,0,12,0,12,9,16,0,12,0,12,0,12,0,12,0,12,0,12,0,12,0,12,0,12,0,12,0,12,1000,211,68,57,1000,211,0,12,55,46,13,17,0,12,1000,211,137,92,0,12,0,12,426,137,376,147,0,12
"4185","060371952021","Block Group 1, Census Tract 1952.02, Los Angeles County, California",793,139,0,12,0,12,0,12,0,12,0,12,0,12,0,12,0,12,0,12,0,12,0,12,0,12,0,12,0,12,0,12,0,12,0,12,0,12,0,12,0,12,0,12,0,12,0,12,0,12,859,157,77,67,859,157,0,12,0,12,0,12,0,12,859,157,90,68,0,12,13,20,675,153,43,53,0,12
"4186","060371952023","Block Group 3, Census Tract 1952.02, Los Angeles County, California",1419,293,0,12,0,12,0,12,0,12,0,12,0,12,0,12,0,12,5,14,14,44,6,10,0,12,0,12,0,12,0,12,0,12,0,12,6,22,0,12,0,12,0,12,0,12,0,12,0,12,1470,302,77,105,1480,304,0,12,28,26,57,58,0,12,1480,304,195,95,23,35,9,14,1040,246,142,144,0,12
"4187","060371952012","Block Group 2, Census Tract 1952.01, Los Angeles County, California",955,173,0,12,0,12,0,12,0,12,0,12,0,12,0,12,0,12,75,96,0,12,0,12,0,12,0,12,0,12,0,12,0,12,0,12,0,12,10,16,0,12,12,19,0,12,0,12,0,12,1007,183,32,28,1007,183,0,12,0,12,0,12,0,12,1007,183,109,49,0,12,21,25,633,162,221,160,0,12
"4188","060374615022","Block Group 2, Census Tract 4615.02, Los Angeles County, California",3252,566,34,36,0,12,0,12,0,12,0,12,0,12,0,12,0,12,230,113,105,99,0,12,0,12,5,10,14,18,0,12,0,12,72,54,27,24,10,15,11,16,37,30,9,14,0,12,9,15,2775,563,967,346,2775,563,90,88,101,71,167,107,0,12,3422,582,274,113,0,12,476,203,796,205,1780,498,0,12
"4189","060374615023","Block Group 3, Census Tract 4615.02, Los Angeles County, California",1140,468,0,12,0,12,0,12,0,12,0,12,0,12,0,12,0,12,101,105,0,12,0,12,0,12,0,12,0,12,0,12,0,12,11,16,16,22,0,12,0,12,0,12,0,12,0,12,0,12,1257,530,366,271,1273,550,0,12,155,175,21,25,0,12,1273,550,133,85,0,12,178,105,254,223,699,451,0,12
"4190","060371837021","Block Group 1, Census Tract 1837.02, Los Angeles County, California",1047,291,0,12,0,12,0,12,0,12,0,12,0,12,0,12,0,12,0,12,5,10,0,12,0,12,24,42,0,12,0,12,0,12,6,13,0,12,0,12,0,12,0,12,0,12,0,12,0,12,1114,310,98,72,1114,310,0,12,50,38,29,42,0,12,1114,310,243,144,0,12,81,65,209,83,455,202,0,12
"4191","060379104011","Block Group 1, Census Tract 9104.01, Los Angeles County, California",3383,551,0,12,0,12,0,12,0,12,0,12,0,12,0,12,0,12,216,224,0,12,0,12,0,12,0,12,0,12,19,29,0,12,0,12,0,12,0,12,0,12,0,12,0,12,0,12,0,12,3635,568,131,133,3624,572,0,12,120,116,149,135,0,12,3640,568,447,264,0,12,232,214,1434,321,1383,552,0,12
"4192","060372195001","Block Group 1, Census Tract 2195, Los Angeles County, California",659,199,0,12,0,12,0,12,0,12,0,12,0,12,0,12,0,12,0,12,0,12,0,12,0,12,0,12,0,12,0,12,0,12,0,12,0,12,0,12,0,12,14,15,0,12,0,12,0,12,721,219,21,15,721,219,0,12,14,19,0,12,0,12,721,219,97,50,0,12,406,164,76,46,122,162,0,12
"4193","060372195002","Block Group 2, Census Tract 2195, Los Angeles County, California",1304,252,19,26,0,12,0,12,0,12,12,14,0,12,0,12,0,12,9,13,29,29,0,12,0,12,66,61,0,12,0,12,0,12,9,14,0,12,0,12,0,12,6,9,0,12,0,12,0,12,1363,255,86,56,1363,255,19,26,140,84,58,53,0,12,1363,255,190,64,0,12,623,217,176,94,361,108,0,12
"4194","060372267004","Block Group 4, Census Tract 2267, Los Angeles County, California",1685,657,24,37,0,12,0,12,0,12,0,12,0,12,0,12,0,12,334,181,328,247,0,12,0,12,0,12,0,12,0,12,0,12,46,38,28,39,0,12,0,12,0,12,0,12,0,12,0,12,1973,767,897,483,1973,767,0,12,349,167,325,194,0,12,1973,767,0,12,0,12,0,12,0,12,1973,767,0,12
"4195","060372267001","Block Group 1, Census Tract 2267, Los Angeles County, California",1895,649,115,124,0,12,0,12,0,12,0,12,0,12,0,12,0,12,254,139,266,122,0,12,0,12,0,12,0,12,0,12,0,12,23,46,34,54,0,12,0,12,0,12,0,12,0,12,0,12,1957,690,559,267,2066,714,43,60,84,86,65,67,0,12,2066,714,0,12,0,12,89,60,0,12,1977,698,0,12
"4196","060372267002","Block Group 2, Census Tract 2267, Los Angeles County, California",1831,536,50,78,0,12,0,12,0,12,0,12,0,12,0,12,0,12,250,122,527,288,0,12,0,12,0,12,0,12,0,12,0,12,0,12,22,35,0,12,0,12,0,12,0,12,0,12,0,12,1955,633,386,295,1955,633,10,16,233,173,263,164,0,12,1955,633,9,15,0,12,121,150,0,12,1816,636,0,12
"4197","060372267003","Block Group 3, Census Tract 2267, Los Angeles County, California",1452,456,0,12,21,31,0,12,0,12,0,12,0,12,0,12,0,12,328,154,185,135,0,12,0,12,0,12,0,12,0,12,0,12,24,34,0,12,0,12,0,12,0,12,0,12,0,12,0,12,1590,521,455,291,1667,539,35,59,100,78,73,57,0,12,1667,539,0,12,0,12,0,12,0,12,1667,539,0,12
"4198","060372311001","Block Group 1, Census Tract 2311, Los Angeles County, California",1202,308,25,27,0,12,0,12,0,12,0,12,0,12,0,12,0,12,139,86,69,47,0,12,0,12,14,30,0,12,0,12,0,12,9,15,14,18,0,12,0,12,12,28,0,12,0,12,0,12,1267,335,815,299,1267,335,0,12,94,93,49,36,12,28,1267,335,59,35,0,12,170,119,116,72,910,302,0,12
"4199","060372311002","Block Group 2, Census Tract 2311, Los Angeles County, California",1037,370,0,12,0,12,0,12,0,12,0,12,0,12,0,12,0,12,35,37,151,85,0,12,0,12,0,12,0,12,0,12,0,12,30,30,24,31,0,12,0,12,0,12,0,12,0,12,0,12,1085,390,598,278,1085,390,0,12,50,49,160,83,11,24,1085,390,8,18,0,12,176,178,118,49,756,283,0,12
"4200","060372352012","Block Group 2, Census Tract 2352.01, Los Angeles County, California",767,235,0,12,0,12,0,12,0,12,0,12,0,12,0,12,0,12,7,10,6,10,0,12,0,12,0,12,0,12,0,12,0,12,7,11,0,12,0,12,0,12,0,12,0,12,0,12,0,12,760,224,134,105,782,240,0,12,41,22,13,10,0,12,793,241,1,2,5,7,602,203,34,28,120,95,0,12
"4201","060374086302","Block Group 2, Census Tract 4086.30, Los Angeles County, California",1581,313,0,12,0,12,0,12,0,12,0,12,0,12,0,12,0,12,5,10,7,10,0,12,0,12,29,33,0,12,0,12,0,12,16,19,5,9,0,12,0,12,12,17,17,20,22,30,0,12,1713,357,118,107,1705,357,14,21,126,104,61,55,0,12,1713,357,179,92,0,12,0,12,64,52,1404,347,0,12
"4202","060374081391","Block Group 1, Census Tract 4081.39, Los Angeles County, California",1722,394,0,12,0,12,0,12,0,12,0,12,0,12,0,12,0,12,156,72,74,68,0,12,0,12,0,12,0,12,0,12,0,12,54,39,55,43,0,12,0,12,0,12,0,12,0,12,0,12,1840,389,153,110,1891,422,17,26,44,28,117,73,0,12,1891,422,0,12,0,12,0,12,54,59,1837,423,0,12
"4203","060374081392","Block Group 2, Census Tract 4081.39, Los Angeles County, California",2529,472,5,8,5,8,0,12,0,12,0,12,0,12,0,12,0,12,272,100,234,126,0,12,0,12,18,21,36,31,0,12,0,12,86,69,112,43,0,12,0,12,0,12,0,12,0,12,0,12,2597,471,346,215,2645,488,41,33,180,96,211,127,7,11,2645,488,111,73,0,12,15,19,85,73,2434,465,0,12
"4204","060374081382","Block Group 2, Census Tract 4081.38, Los Angeles County, California",3564,601,8,14,0,12,0,12,0,12,0,12,0,12,0,12,0,12,261,147,113,75,0,12,0,12,8,13,0,12,0,12,0,12,119,71,124,125,0,12,0,12,0,12,0,12,0,12,0,12,3766,603,412,241,3798,607,20,21,125,87,343,122,13,18,3798,607,140,90,0,12,40,45,245,94,3328,597,0,12
"4205","060377013042","Block Group 2, Census Tract 7013.04, Los Angeles County, California",1820,384,0,12,0,12,0,12,0,12,0,12,0,12,0,12,0,12,0,12,0,12,0,12,0,12,12,20,0,12,0,12,0,12,0,12,0,12,16,25,0,12,0,12,0,12,0,12,0,12,1852,388,275,170,1852,388,0,12,24,38,28,32,0,12,1852,388,117,61,0,12,37,42,1282,323,238,176,0,12
"4206","060377013044","Block Group 4, Census Tract 7013.04, Los Angeles County, California",517,215,0,12,0,12,0,12,0,12,0,12,0,12,0,12,0,12,0,12,0,12,0,12,0,12,0,12,0,12,0,12,0,12,0,12,0,12,0,12,0,12,0,12,0,12,0,12,0,12,517,215,0,12,517,215,0,12,0,12,44,68,0,12,517,215,16,59,0,12,35,56,382,146,45,62,0,12
"4207","060377013043","Block Group 3, Census Tract 7013.04, Los Angeles County, California",1882,332,0,12,0,12,0,12,0,12,0,12,0,12,0,12,0,12,0,12,0,12,0,12,0,12,0,12,0,12,23,38,0,12,0,12,0,12,0,12,0,12,0,12,0,12,0,12,0,12,2019,416,126,111,2019,416,0,12,0,12,0,12,0,12,2019,416,105,76,0,12,18,28,1650,404,229,158,0,12
"4208","060377008023","Block Group 3, Census Tract 7008.02, Los Angeles County, California",1158,217,0,12,0,12,22,34,0,12,0,12,0,12,0,12,0,12,0,12,0,12,0,12,0,12,10,15,0,12,0,12,0,12,0,12,0,12,50,58,0,12,0,12,0,12,0,12,0,12,1201,238,96,70,1201,238,0,12,59,55,37,43,18,26,1201,238,189,129,0,12,149,192,758,189,76,63,0,12
"4209","060377008011","Block Group 1, Census Tract 7008.01, Los Angeles County, California",3465,565,0,12,0,12,0,12,0,12,0,12,0,12,0,12,0,12,0,12,0,12,10,17,0,12,112,175,0,12,0,12,0,12,0,12,0,12,369,210,12,22,0,12,0,12,15,24,0,12,3496,566,231,155,3457,567,0,12,105,172,48,79,0,12,3496,566,654,431,0,12,76,100,2426,375,148,105,0,12
"4210","060377008012","Block Group 2, Census Tract 7008.01, Los Angeles County, California",429,300,0,12,0,12,0,12,0,12,0,12,0,12,0,12,0,12,0,12,0,12,0,12,0,12,0,12,0,12,0,12,0,12,0,12,0,12,1,10,0,12,0,12,0,12,0,12,0,12,429,300,22,35,429,300,0,12,0,12,0,12,0,12,429,300,0,12,0,12,0,12,248,169,163,212,0,12
"4211","060377005022","Block Group 2, Census Tract 7005.02, Los Angeles County, California",1252,431,0,12,0,12,0,12,0,12,0,12,0,12,0,12,0,12,0,12,19,32,0,12,73,119,0,12,0,12,0,12,0,12,0,12,0,12,91,103,0,12,18,29,0,12,0,12,0,12,1252,431,150,94,1252,431,0,12,0,12,59,56,0,12,1252,431,116,76,0,12,46,53,1012,446,63,59,0,12
"4212","060377005013","Block Group 3, Census Tract 7005.01, Los Angeles County, California",1121,271,0,12,0,12,0,12,0,12,0,12,0,12,0,12,0,12,0,12,0,12,0,12,0,12,0,12,0,12,0,12,0,12,0,12,0,12,0,12,0,12,0,12,0,12,0,12,0,12,1121,271,185,188,1121,271,0,12,45,63,0,12,0,12,1121,271,176,161,0,12,0,12,782,199,163,181,0,12
"4213","060377025015","Block Group 5, Census Tract 7025.01, Los Angeles County, California",540,157,0,12,0,12,0,12,0,12,0,12,0,12,0,12,0,12,0,12,0,12,0,12,0,12,0,12,0,12,0,12,0,12,0,12,0,12,0,12,0,12,0,12,0,12,0,12,0,12,540,157,4,11,540,157,0,12,0,12,0,12,0,12,540,157,108,110,0,12,0,12,351,136,81,100,0,12
"4214","060377025013","Block Group 3, Census Tract 7025.01, Los Angeles County, California",688,196,0,12,0,12,0,12,0,12,0,12,0,12,0,12,0,12,0,12,0,12,0,12,0,12,0,12,0,12,0,12,0,12,0,12,0,12,0,12,0,12,0,12,0,12,0,12,0,12,782,224,68,73,782,224,0,12,0,12,0,12,0,12,782,224,47,76,0,12,35,44,464,160,133,112,0,12
"4215","060379007052","Block Group 2, Census Tract 9007.05, Los Angeles County, California",1729,438,0,12,0,12,0,12,0,12,0,12,0,12,0,12,0,12,32,51,0,12,0,12,0,12,16,26,0,12,0,12,15,22,0,12,103,164,0,12,0,12,0,12,0,12,0,12,0,12,1877,481,431,295,1877,481,33,51,51,59,80,102,8,13,1877,481,43,41,0,12,295,231,756,203,721,358,0,12
"4216","060379007051","Block Group 1, Census Tract 9007.05, Los Angeles County, California",1336,268,0,12,0,12,0,12,0,12,0,12,0,12,0,12,0,12,0,12,0,12,0,12,0,12,0,12,0,12,0,12,0,12,0,12,0,12,0,12,0,12,0,12,1,5,0,12,0,12,1542,311,177,202,1568,325,124,140,69,44,25,30,0,12,1573,325,33,29,0,12,305,309,936,379,222,210,0,12
"4217","060374631022","Block Group 2, Census Tract 4631.02, Los Angeles County, California",1220,269,0,12,0,12,0,12,0,12,16,26,0,12,0,12,0,12,0,12,0,12,0,12,0,12,38,51,0,12,0,12,0,12,0,12,0,12,0,12,0,12,0,12,9,14,0,12,0,12,1304,311,34,45,1304,311,0,12,0,12,23,36,9,14,1304,311,902,273,0,12,54,82,242,134,78,94,0,12
"4218","060375010011","Block Group 1, Census Tract 5010.01, Los Angeles County, California",1276,285,0,12,0,12,0,12,0,12,0,12,0,12,0,12,0,12,96,48,64,44,0,12,0,12,0,12,0,12,0,12,0,12,36,33,39,31,0,12,0,12,0,12,0,12,0,12,0,12,1360,304,140,94,1360,304,33,47,80,62,95,65,10,15,1360,304,16,21,0,12,0,12,70,49,1246,300,21,29
"4219","060375010013","Block Group 3, Census Tract 5010.01, Los Angeles County, California",749,212,0,12,0,12,0,12,0,12,0,12,0,12,0,12,0,12,36,32,15,23,0,12,0,12,0,12,0,12,0,12,0,12,30,31,0,12,0,12,0,12,0,12,0,12,0,12,0,12,811,239,95,148,816,241,0,12,15,23,34,53,0,12,816,241,0,12,0,12,0,12,0,12,816,241,0,12
"4220","060375004041","Block Group 1, Census Tract 5004.04, Los Angeles County, California",1553,484,0,12,0,12,0,12,0,12,0,12,0,12,0,12,0,12,96,65,0,12,0,12,0,12,0,12,0,12,0,12,0,12,33,32,0,12,0,12,0,12,0,12,0,12,0,12,0,12,1611,527,294,290,1635,532,26,36,72,85,118,98,0,12,1635,532,0,12,0,12,0,12,270,165,1308,460,0,12
"4221","060375004044","Block Group 4, Census Tract 5004.04, Los Angeles County, California",881,285,0,12,0,12,0,12,0,12,0,12,0,12,0,12,0,12,28,41,0,12,0,12,0,12,0,12,0,12,0,12,0,12,0,12,10,17,0,12,0,12,29,39,0,12,0,12,0,12,930,298,0,12,930,298,0,12,3,10,2,8,0,12,930,298,273,168,0,12,0,12,29,32,604,288,0,12
"4222","060375004043","Block Group 3, Census Tract 5004.04, Los Angeles County, California",1344,410,0,12,0,12,0,12,0,12,0,12,0,12,0,12,0,12,87,93,0,12,0,12,0,12,0,12,0,12,0,12,0,12,0,12,0,12,0,12,0,12,0,12,0,12,0,12,0,12,1466,469,184,253,1466,469,0,12,100,83,61,64,0,12,1466,469,13,19,0,12,24,56,76,69,1353,457,0,12
"4223","060374816063","Block Group 3, Census Tract 4816.06, Los Angeles County, California",1088,268,0,12,0,12,0,12,0,12,0,12,0,12,0,12,0,12,39,43,0,12,0,12,0,12,139,88,9,14,0,12,0,12,0,12,0,12,0,12,0,12,57,38,39,33,0,12,0,12,1088,268,32,34,1088,268,0,12,28,46,45,46,0,12,1088,268,669,209,0,12,31,36,47,38,341,236,0,12
"4224","060374816062","Block Group 2, Census Tract 4816.06, Los Angeles County, California",1275,300,0,12,0,12,0,12,0,12,0,12,0,12,0,12,0,12,27,17,0,12,0,12,0,12,149,82,72,76,0,12,0,12,0,12,0,12,0,12,0,12,122,103,52,41,0,12,0,12,1343,312,325,230,1343,312,0,12,50,42,25,22,0,12,1343,312,1010,301,0,12,0,12,29,30,304,120,0,12
"4225","060373007022","Block Group 2, Census Tract 3007.02, Los Angeles County, California",3101,533,0,12,0,12,0,12,0,12,0,12,0,12,0,12,0,12,0,12,0,12,24,40,0,12,0,12,0,12,0,12,0,12,16,29,0,12,24,29,40,60,0,12,0,12,0,12,0,12,3188,548,68,70,3188,548,0,12,0,12,10,17,13,21,3188,548,184,126,0,12,0,12,2691,534,173,164,0,12
"4226","060372311003","Block Group 3, Census Tract 2311, Los Angeles County, California",1042,309,39,35,0,12,0,12,0,12,0,12,0,12,0,12,0,12,58,48,92,64,0,12,0,12,0,12,0,12,0,12,0,12,18,18,34,25,0,12,0,12,0,12,0,12,0,12,0,12,1112,345,539,300,1122,344,26,35,95,55,94,60,0,12,1122,344,0,12,0,12,222,230,15,23,852,312,0,12
"4227","060372317203","Block Group 3, Census Tract 2317.20, Los Angeles County, California",930,307,0,12,0,12,0,12,0,12,0,12,0,12,0,12,0,12,234,128,99,95,0,12,0,12,0,12,0,12,0,12,0,12,0,12,17,26,0,12,0,12,0,12,0,12,0,12,0,12,1042,352,327,212,1042,352,0,12,129,85,88,56,17,26,1042,352,0,12,0,12,237,165,7,12,798,324,0,12
"4228","060372756033","Block Group 3, Census Tract 2756.03, Los Angeles County, California",1017,140,0,12,0,12,0,12,0,12,0,12,0,12,0,12,0,12,0,12,0,12,0,12,0,12,0,12,0,12,0,12,0,12,0,12,0,12,0,12,0,12,48,49,0,12,0,12,0,12,1036,138,27,29,1036,138,0,12,11,17,0,12,0,12,1036,138,345,99,0,12,9,13,502,101,123,66,0,12
"4229","060372756031","Block Group 1, Census Tract 2756.03, Los Angeles County, California",798,174,0,12,0,12,0,12,0,12,0,12,0,12,0,12,0,12,0,12,0,12,0,12,0,12,0,12,0,12,0,12,0,12,12,21,0,12,0,12,0,12,0,12,0,12,0,12,0,12,877,200,65,108,877,200,0,12,9,15,9,16,0,12,877,200,130,85,0,12,42,45,386,161,253,141,0,12
"4230","060372756032","Block Group 2, Census Tract 2756.03, Los Angeles County, California",615,164,0,12,0,12,0,12,0,12,0,12,0,12,0,12,0,12,0,12,0,12,0,12,0,12,0,12,0,12,0,12,0,12,0,12,0,12,0,12,0,12,14,20,0,12,0,12,0,12,624,166,80,62,624,166,0,12,6,14,8,22,0,12,624,166,173,141,0,12,17,25,199,69,235,102,0,12
"4231","060372755001","Block Group 1, Census Tract 2755, Los Angeles County, California",1223,300,0,12,0,12,0,12,0,12,34,52,0,12,0,12,0,12,7,11,0,12,0,12,0,12,0,12,0,12,0,12,0,12,31,44,83,63,0,12,0,12,10,16,10,16,0,12,0,12,1307,338,299,233,1307,338,0,12,87,65,54,59,0,12,1307,338,147,128,0,12,61,56,468,205,600,300,0,12
"4232","060372755002","Block Group 2, Census Tract 2755, Los Angeles County, California",916,238,0,12,0,12,0,12,0,12,0,12,0,12,0,12,0,12,33,36,9,13,0,12,0,12,0,12,0,12,0,12,0,12,9,13,0,12,0,12,0,12,10,16,0,12,0,12,0,12,956,243,38,33,956,243,0,12,33,35,24,22,10,17,956,243,160,110,0,12,168,171,235,135,342,148,0,12
"4233","060372755003","Block Group 3, Census Tract 2755, Los Angeles County, California",637,194,0,12,0,12,0,12,0,12,0,12,0,12,0,12,0,12,43,47,10,28,0,12,0,12,11,17,0,12,0,12,0,12,0,12,41,49,0,12,0,12,0,12,0,12,0,12,0,12,658,205,141,124,666,205,0,12,29,30,12,19,0,12,666,205,92,56,0,12,23,34,222,99,290,183,0,12
"4234","060372755004","Block Group 4, Census Tract 2755, Los Angeles County, California",2362,424,11,17,0,12,0,12,0,12,0,12,0,12,0,12,0,12,117,82,17,19,0,12,0,12,0,12,0,12,0,12,0,12,0,12,15,24,0,12,0,12,0,12,0,12,19,29,0,12,2520,440,1335,446,2520,440,0,12,125,96,124,97,0,12,2520,440,55,61,0,12,124,110,60,52,2260,474,0,12
"4235","060372751021","Block Group 1, Census Tract 2751.02, Los Angeles County, California",3121,528,0,12,0,12,0,12,0,12,0,12,0,12,0,12,0,12,98,68,41,52,0,12,0,12,0,12,0,12,0,12,17,25,9,16,0,12,0,12,0,12,0,12,0,12,0,12,0,12,3416,619,666,386,3416,619,41,43,408,188,330,185,0,12,3416,619,98,103,0,12,216,135,435,133,2636,623,0,12
"4236","060372094032","Block Group 2, Census Tract 2094.03, Los Angeles County, California",1870,519,26,33,4,7,0,12,0,12,0,12,0,12,0,12,0,12,385,245,285,142,0,12,0,12,5,12,0,12,0,12,0,12,45,48,6,9,6,12,0,12,40,45,6,12,0,12,0,12,1878,562,639,221,1878,562,17,22,216,201,346,165,0,12,1998,569,87,58,5,12,39,46,101,61,1761,565,0,12
"4237","060372696012","Block Group 2, Census Tract 2696.01, Los Angeles County, California",1174,402,0,12,0,12,0,12,0,12,0,12,0,12,0,12,0,12,48,39,66,103,0,12,0,12,0,12,0,12,0,12,0,12,0,12,0,12,0,12,0,12,0,12,0,12,0,12,0,12,1245,459,119,130,1245,459,25,40,24,29,132,92,30,46,1245,459,21,37,0,12,420,376,113,118,691,257,0,12
"4238","060374309013","Block Group 3, Census Tract 4309.01, Los Angeles County, California",2001,417,0,12,0,12,0,12,0,12,0,12,0,12,0,12,0,12,81,110,78,115,0,12,0,12,0,12,0,12,0,12,0,12,38,39,67,64,0,12,0,12,39,44,8,13,0,12,0,12,2085,424,236,175,2114,429,37,53,90,72,90,79,0,12,2114,429,301,165,0,12,116,155,315,136,1367,463,0,12
"4239","060374087242","Block Group 2, Census Tract 4087.24, Los Angeles County, California",3824,405,0,12,0,12,22,32,0,12,31,29,0,12,0,12,0,12,460,156,69,44,32,34,0,12,353,134,32,49,0,12,0,12,0,12,19,29,26,40,0,12,46,33,20,25,0,12,0,12,4271,430,636,280,4273,434,60,56,340,129,391,220,12,18,4273,434,1525,305,0,12,67,87,80,62,2530,463,0,12
"4240","060374087231","Block Group 1, Census Tract 4087.23, Los Angeles County, California",2894,222,23,35,0,12,0,12,0,12,30,47,0,12,0,12,0,12,55,32,22,22,0,12,0,12,355,93,57,29,0,12,0,12,26,26,20,22,0,12,0,12,125,50,95,41,0,12,0,12,2975,216,157,77,2957,223,37,41,90,47,89,60,9,13,2975,216,1706,166,0,12,70,96,318,65,770,162,5,9
"4241","060372393103","Block Group 3, Census Tract 2393.10, Los Angeles County, California",1137,316,17,26,35,55,0,12,0,12,0,12,0,12,0,12,0,12,138,79,120,100,0,12,0,12,0,12,0,12,0,12,0,12,16,17,11,11,0,12,0,12,0,12,0,12,0,12,0,12,1246,345,416,228,1282,344,0,12,38,35,99,55,0,12,1282,344,0,12,0,12,174,139,0,12,1108,349,0,12
"4242","060372352011","Block Group 1, Census Tract 2352.01, Los Angeles County, California",873,228,0,12,0,12,0,12,0,12,0,12,0,12,0,12,0,12,72,98,23,38,0,12,0,12,0,12,0,12,0,12,0,12,0,12,0,12,0,12,0,12,0,12,0,12,0,12,0,12,931,259,300,142,944,265,39,51,14,23,104,82,17,26,944,265,5,9,0,12,504,174,38,31,389,213,0,12
"4243","060372352013","Block Group 3, Census Tract 2352.01, Los Angeles County, California",939,197,0,12,0,12,0,12,0,12,0,12,0,12,0,12,0,12,25,31,28,27,0,12,0,12,0,12,0,12,0,12,0,12,6,9,15,24,0,12,0,12,0,12,0,12,3,8,0,12,945,198,105,66,945,198,0,12,68,64,35,35,0,12,945,198,0,12,0,12,486,169,12,19,396,175,0,12
"4244","060375024022","Block Group 2, Census Tract 5024.02, Los Angeles County, California",809,191,9,13,0,12,0,12,0,12,0,12,0,12,0,12,0,12,36,32,0,12,0,12,0,12,0,12,0,12,0,12,0,12,8,13,9,13,0,12,0,12,0,12,0,12,0,12,0,12,843,197,41,46,843,197,20,19,15,20,64,58,0,12,843,197,11,17,5,8,0,12,94,85,733,200,0,12
"4245","060375024021","Block Group 1, Census Tract 5024.02, Los Angeles County, California",772,209,0,12,0,12,0,12,0,12,0,12,0,12,0,12,0,12,24,23,0,12,0,12,0,12,0,12,0,12,0,12,0,12,9,13,16,24,0,12,0,12,0,12,0,12,0,12,0,12,787,211,108,99,787,211,23,26,0,12,14,16,5,10,787,211,0,12,0,12,0,12,128,131,659,193,0,12
"4246","060375710004","Block Group 4, Census Tract 5710, Los Angeles County, California",826,252,0,12,0,12,0,12,0,12,0,12,0,12,0,12,0,12,0,12,0,12,0,12,0,12,7,11,0,12,0,12,0,12,0,12,0,12,0,12,0,12,20,33,0,12,0,12,0,12,900,293,19,30,900,293,0,12,0,12,27,43,0,12,900,293,118,92,0,12,0,12,523,207,249,183,0,12
"4247","060375710003","Block Group 3, Census Tract 5710, Los Angeles County, California",969,190,0,12,0,12,0,12,0,12,0,12,0,12,0,12,0,12,15,24,0,12,0,12,0,12,0,12,0,12,0,12,0,12,0,12,0,12,0,12,0,12,0,12,0,12,0,12,0,12,1050,206,56,63,1074,216,11,17,13,19,36,49,13,21,1074,216,44,43,0,12,0,12,643,202,280,152,0,12
"4248","060375710006","Block Group 6, Census Tract 5710, Los Angeles County, California",1282,281,0,12,0,12,0,12,0,12,0,12,0,12,0,12,0,12,0,12,0,12,0,12,0,12,0,12,0,12,0,12,0,12,0,12,0,12,0,12,0,12,0,12,0,12,0,12,0,12,1446,305,41,43,1446,305,0,12,10,17,0,12,0,12,1446,305,186,179,0,12,0,12,718,185,442,153,0,12
"4249","060375710001","Block Group 1, Census Tract 5710, Los Angeles County, California",739,142,0,12,0,12,0,12,0,12,0,12,0,12,0,12,0,12,0,12,0,12,0,12,0,12,0,12,0,12,0,12,0,12,22,34,0,12,0,12,0,12,12,18,0,12,0,12,0,12,739,142,19,33,739,142,0,12,0,12,0,12,0,12,739,142,82,80,0,12,30,49,486,125,109,73,0,12
"4250","060375550021","Block Group 1, Census Tract 5550.02, Los Angeles County, California",1316,360,33,52,0,12,0,12,0,12,0,12,0,12,0,12,0,12,124,110,27,36,0,12,0,12,6,11,0,12,0,12,0,12,0,12,0,12,0,12,0,12,7,12,0,12,0,12,0,12,1354,362,171,140,1372,367,0,12,96,80,25,28,0,12,1381,369,152,107,0,12,107,126,423,134,688,272,0,12
"4251","060375723012","Block Group 2, Census Tract 5723.01, Los Angeles County, California",1655,321,0,12,0,12,0,12,0,12,0,12,0,12,0,12,0,12,243,122,129,78,0,12,0,12,5,8,0,12,0,12,0,12,18,28,0,12,0,12,0,12,0,12,0,12,0,12,0,12,1741,332,244,186,1755,334,14,21,100,82,204,113,0,12,1755,334,205,109,22,35,142,135,230,149,1110,331,0,12
"4252","060375751021","Block Group 1, Census Tract 5751.02, Los Angeles County, California",1918,346,8,12,0,12,0,12,0,12,0,12,0,12,0,12,0,12,55,51,52,40,0,12,0,12,43,40,13,20,0,12,0,12,1,7,54,59,0,12,0,12,16,37,0,12,0,12,0,12,2089,375,673,350,2100,374,11,16,75,62,80,61,32,49,2100,374,283,159,0,12,85,91,285,115,1405,294,0,12
"4253","060372182202","Block Group 2, Census Tract 2182.20, Los Angeles County, California",1797,320,0,12,0,12,0,12,0,12,0,12,0,12,0,12,0,12,278,143,80,61,0,12,0,12,0,12,0,12,0,12,0,12,0,12,42,47,0,12,0,12,0,12,0,12,0,12,0,12,1898,328,444,235,1898,328,0,12,123,77,203,102,0,12,1898,328,74,69,0,12,380,147,258,120,1159,317,0,12
"4254","060372182203","Block Group 3, Census Tract 2182.20, Los Angeles County, California",853,262,0,12,0,12,0,12,0,12,0,12,0,12,0,12,0,12,74,70,0,12,0,12,0,12,0,12,0,12,0,12,0,12,10,16,0,12,0,12,0,12,24,36,0,12,0,12,0,12,906,285,62,53,906,285,0,12,94,59,139,107,0,12,906,285,24,36,0,12,71,70,63,63,748,305,0,12
"4255","060372222002","Block Group 2, Census Tract 2222, Los Angeles County, California",1676,412,10,16,0,12,0,12,0,12,0,12,0,12,0,12,0,12,387,203,108,115,0,12,0,12,0,12,0,12,0,12,0,12,50,43,0,12,0,12,0,12,0,12,0,12,0,12,0,12,1822,489,575,366,1794,501,0,12,76,72,156,91,0,12,1822,489,10,15,0,12,334,139,66,71,1396,485,0,12
"4256","060371236012","Block Group 2, Census Tract 1236.01, Los Angeles County, California",1927,318,0,12,0,12,0,12,0,12,0,12,0,12,0,12,0,12,0,12,0,12,43,41,0,12,0,12,0,12,0,12,0,12,52,53,31,43,43,41,30,25,5,11,0,12,5,12,0,12,1975,340,161,170,1975,340,10,15,46,45,7,12,0,12,2065,350,22,23,0,12,113,68,1427,277,469,197,0,12
"4257","060371236013","Block Group 3, Census Tract 1236.01, Los Angeles County, California",1658,335,0,12,0,12,0,12,0,12,0,12,0,12,0,12,0,12,168,121,0,12,41,39,0,12,0,12,0,12,0,12,0,12,10,14,0,12,8,11,0,12,0,12,0,12,0,12,0,12,1749,356,319,144,1749,356,44,72,58,53,156,98,11,27,1749,356,77,72,0,12,154,140,643,183,794,302,0,12
"4258","060371235102","Block Group 2, Census Tract 1235.10, Los Angeles County, California",1819,336,0,12,0,12,0,12,0,12,0,12,0,12,0,12,0,12,141,72,0,12,31,38,30,45,7,11,6,10,0,12,0,12,55,57,42,64,121,71,0,12,0,12,0,12,0,12,0,12,1866,361,369,131,1866,361,40,65,158,104,158,89,0,12,1866,361,116,103,0,12,110,105,810,233,782,260,15,25
"4259","060371235201","Block Group 1, Census Tract 1235.20, Los Angeles County, California",2652,242,0,12,0,12,0,12,0,12,0,12,0,12,0,12,0,12,222,89,77,67,45,33,17,20,4,8,0,12,0,12,0,12,16,15,4,7,38,39,12,20,6,12,0,12,0,12,0,12,2816,234,685,303,2816,234,8,11,119,84,178,88,0,12,2816,234,51,28,0,12,5,8,1082,222,1638,226,0,12
"4260","060371237004","Block Group 4, Census Tract 1237, Los Angeles County, California",1061,475,0,12,0,12,0,12,0,12,0,12,0,12,0,12,0,12,0,12,0,12,33,39,42,49,0,12,0,12,0,12,17,25,10,16,0,12,8,13,23,37,10,14,0,12,0,12,0,12,1061,475,135,104,1061,475,0,12,59,61,117,115,0,12,1061,475,20,28,0,12,44,36,647,228,341,458,0,12
"4261","060371237003","Block Group 3, Census Tract 1237, Los Angeles County, California",1440,418,0,12,0,12,0,12,0,12,0,12,0,12,0,12,0,12,71,67,0,12,20,22,0,12,0,12,0,12,15,27,0,12,86,78,0,12,24,38,57,81,0,12,0,12,0,12,0,12,1532,463,311,360,1532,463,0,12,63,92,22,26,0,12,1532,463,35,36,0,12,100,146,684,196,634,419,0,12
"4262","060371237002","Block Group 2, Census Tract 1237, Los Angeles County, California",789,300,0,12,0,12,0,12,0,12,0,12,0,12,0,12,0,12,0,12,0,12,67,58,0,12,0,12,0,12,0,12,0,12,0,12,0,12,11,21,63,57,0,12,0,12,0,12,0,12,817,304,45,48,817,304,0,12,0,12,18,26,0,12,817,304,0,12,0,12,58,69,639,264,95,109,25,35
"4263","060371241023","Block Group 3, Census Tract 1241.02, Los Angeles County, California",777,185,0,12,0,12,0,12,0,12,0,12,0,12,0,12,0,12,0,12,0,12,0,12,0,12,0,12,0,12,0,12,0,12,0,12,0,12,0,12,0,12,0,12,0,12,0,12,0,12,773,191,139,128,810,202,0,12,50,44,37,39,0,12,810,202,0,12,0,12,25,27,494,134,187,119,0,12
"4264","060371242011","Block Group 1, Census Tract 1242.01, Los Angeles County, California",848,317,0,12,0,12,0,12,0,12,0,12,0,12,0,12,0,12,83,93,27,42,7,12,0,12,18,20,0,12,0,12,0,12,6,17,0,12,0,12,0,12,9,16,0,12,0,12,0,12,848,317,27,52,848,317,17,25,0,12,37,38,0,12,848,317,115,71,0,12,6,29,165,96,521,283,0,12
"4265","060371252001","Block Group 1, Census Tract 1252, Los Angeles County, California",1399,374,0,12,0,12,0,12,0,12,0,12,0,12,0,12,0,12,119,107,0,12,0,12,0,12,0,12,10,15,0,12,0,12,36,49,0,12,0,12,0,12,0,12,0,12,0,12,0,12,1485,418,375,185,1485,418,0,12,91,99,176,139,0,12,1485,418,60,55,0,12,36,41,667,193,713,364,0,12
"4266","060371252003","Block Group 3, Census Tract 1252, Los Angeles County, California",1291,288,0,12,0,12,0,12,0,12,0,12,0,12,0,12,0,12,0,12,0,12,70,106,0,12,8,14,0,12,0,12,0,12,0,12,0,12,0,12,0,12,8,13,0,12,0,12,0,12,1337,311,75,62,1337,311,22,33,8,13,12,19,0,12,1337,311,144,92,0,12,50,44,791,258,220,141,0,12
"4267","060371253102","Block Group 2, Census Tract 1253.10, Los Angeles County, California",884,386,0,12,0,12,0,12,0,12,0,12,0,12,0,12,0,12,85,97,0,12,0,12,0,12,1,5,0,12,0,12,0,12,0,12,0,12,0,12,0,12,0,12,0,12,0,12,0,12,1031,500,83,68,1031,500,0,12,41,51,1,5,0,12,1031,500,3,5,0,12,0,12,568,271,458,424,0,12
"4268","060373012042","Block Group 2, Census Tract 3012.04, Los Angeles County, California",2345,501,0,12,0,12,13,27,0,12,0,12,8,19,0,12,0,12,0,12,0,12,26,41,23,38,29,27,11,18,0,12,0,12,0,12,0,12,60,61,104,154,0,12,0,12,0,12,0,12,2372,514,377,255,2372,514,0,12,27,46,106,101,0,12,2372,514,489,317,0,12,246,214,1098,478,539,251,0,12
"4269","060373012041","Block Group 1, Census Tract 3012.04, Los Angeles County, California",1749,580,0,12,0,12,0,12,0,12,0,12,0,12,0,12,0,12,6,12,0,12,41,43,0,12,9,14,0,12,0,12,0,12,0,12,15,11,20,30,15,33,5,11,0,12,0,12,0,12,1821,630,113,82,1821,630,42,62,25,45,34,46,85,115,1911,628,333,258,0,12,160,178,1148,599,250,176,0,12
"4270","060375001002","Block Group 2, Census Tract 5001, Los Angeles County, California",1337,333,0,12,0,12,0,12,0,12,0,12,0,12,0,12,0,12,0,12,0,12,0,12,0,12,0,12,0,12,0,12,0,12,0,12,8,14,0,12,0,12,0,12,6,13,0,12,0,12,1447,413,20,22,1447,413,0,12,0,12,0,12,0,12,1470,409,77,54,0,12,0,12,563,180,800,406,13,21
"4271","060375001003","Block Group 3, Census Tract 5001, Los Angeles County, California",1189,470,0,12,0,12,0,12,0,12,0,12,0,12,0,12,0,12,89,91,0,12,0,12,0,12,0,12,0,12,0,12,0,12,7,11,0,12,0,12,0,12,12,19,0,12,0,12,0,12,1370,535,60,59,1370,535,33,54,28,47,40,38,0,12,1370,535,356,329,0,12,5,12,464,273,532,258,0,12
"4272","060372412011","Block Group 1, Census Tract 2412.01, Los Angeles County, California",1114,254,0,12,0,12,0,12,0,12,0,12,0,12,0,12,0,12,51,43,38,51,0,12,0,12,0,12,0,12,0,12,0,12,11,15,0,12,0,12,0,12,0,12,0,12,0,12,0,12,1145,262,204,113,1156,266,6,12,63,59,58,40,0,12,1156,266,14,17,0,12,747,221,13,32,376,176,0,12
"4273","060372412012","Block Group 2, Census Tract 2412.01, Los Angeles County, California",862,236,11,17,0,12,0,12,0,12,0,12,0,12,0,12,0,12,69,51,70,44,0,12,0,12,0,12,0,12,0,12,0,12,5,8,0,12,0,12,0,12,0,12,0,12,0,12,0,12,915,248,240,164,920,250,11,17,77,68,94,77,0,12,920,250,0,12,0,12,306,112,18,22,596,217,0,12
"4274","060372412013","Block Group 3, Census Tract 2412.01, Los Angeles County, California",867,244,0,12,13,21,0,12,0,12,0,12,0,12,0,12,0,12,161,75,37,40,0,12,0,12,0,12,0,12,0,12,0,12,6,9,0,12,0,12,0,12,0,12,0,12,0,12,0,12,939,261,291,127,939,261,15,25,48,54,138,64,0,12,939,261,3,7,0,12,185,76,3,7,748,257,0,12
"4275","060372398011","Block Group 1, Census Tract 2398.01, Los Angeles County, California",828,270,0,12,0,12,0,12,0,12,0,12,0,12,0,12,0,12,63,52,42,40,0,12,0,12,0,12,0,12,0,12,0,12,31,30,5,8,0,12,0,12,0,12,0,12,0,12,0,12,867,285,185,165,867,285,27,33,132,83,57,67,0,12,874,286,0,12,0,12,271,231,4,5,594,227,0,12
"4276","060372398012","Block Group 2, Census Tract 2398.01, Los Angeles County, California",1595,325,12,12,0,12,0,12,0,12,0,12,0,12,0,12,0,12,227,96,52,34,0,12,0,12,0,12,0,12,0,12,0,12,56,56,11,17,0,12,0,12,0,12,0,12,0,12,0,12,1826,381,583,259,1835,379,18,17,111,59,75,45,28,32,1835,379,0,12,0,12,386,248,0,12,1419,307,0,12
"4277","060372398013","Block Group 3, Census Tract 2398.01, Los Angeles County, California",956,281,8,14,0,12,0,12,0,12,0,12,0,12,0,12,0,12,150,78,42,36,0,12,0,12,0,12,0,12,0,12,0,12,0,12,12,19,0,12,0,12,0,12,0,12,0,12,0,12,979,287,323,219,996,290,45,47,62,46,83,59,0,12,996,290,5,7,0,12,89,78,0,12,902,285,0,12
"4278","060372349011","Block Group 1, Census Tract 2349.01, Los Angeles County, California",920,434,10,20,0,12,0,12,0,12,0,12,0,12,0,12,0,12,28,42,12,18,0,12,0,12,0,12,0,12,0,12,0,12,0,12,0,12,0,12,0,12,0,12,0,12,0,12,0,12,1015,454,664,369,1015,454,0,12,0,12,50,84,0,12,1015,454,0,12,0,12,661,378,14,18,340,251,0,12
"4279","060377005012","Block Group 2, Census Tract 7005.01, Los Angeles County, California",1181,293,0,12,0,12,0,12,0,12,0,12,0,12,0,12,0,12,0,12,0,12,32,48,0,12,0,12,0,12,0,12,0,12,0,12,0,12,0,12,0,12,0,12,0,12,0,12,0,12,1181,293,63,49,1181,293,0,12,0,12,8,14,0,12,1181,293,69,62,49,77,192,175,700,202,137,118,0,12
"4280","060371831031","Block Group 1, Census Tract 1831.03, Los Angeles County, California",1999,383,0,12,0,12,0,12,0,12,0,12,0,12,0,12,0,12,85,62,69,106,0,12,0,12,13,20,0,12,0,12,0,12,36,36,61,68,0,12,0,12,0,12,0,12,0,12,0,12,2107,438,266,241,2107,438,0,12,192,153,19,22,0,12,2107,438,148,92,0,12,194,134,412,182,1234,464,79,81
"4281","060371831032","Block Group 2, Census Tract 1831.03, Los Angeles County, California",2083,324,19,29,0,12,0,12,0,12,0,12,0,12,0,12,0,12,167,119,48,55,0,12,0,12,0,12,0,12,0,12,0,12,60,45,19,30,0,12,0,12,0,12,0,12,0,12,0,12,2248,347,328,271,2248,347,0,12,27,37,159,89,22,33,2248,347,248,122,0,12,73,71,165,106,1680,358,0,12
"4282","060371278051","Block Group 1, Census Tract 1278.05, Los Angeles County, California",1032,261,0,12,0,12,0,12,0,12,0,12,0,12,0,12,0,12,79,60,42,44,8,16,0,12,7,14,0,12,0,12,0,12,26,24,43,34,7,14,3,6,0,12,0,12,0,12,0,12,820,258,109,93,820,258,0,12,43,44,90,65,0,12,1103,273,51,42,0,12,248,192,248,105,544,222,0,12
"4283","060371278052","Block Group 2, Census Tract 1278.05, Los Angeles County, California",1289,333,24,39,0,12,0,12,0,12,0,12,0,12,0,12,0,12,208,141,67,48,9,16,0,12,0,12,0,12,0,12,0,12,0,12,0,12,0,12,0,12,0,12,0,12,0,12,0,12,1327,350,177,110,1327,350,0,12,90,82,48,35,0,12,1327,350,0,12,12,19,26,40,264,120,1025,356,0,12
"4284","060371278053","Block Group 3, Census Tract 1278.05, Los Angeles County, California",1185,337,0,12,0,12,0,12,0,12,0,12,0,12,0,12,0,12,231,116,47,46,0,12,0,12,13,17,0,12,0,12,0,12,43,33,22,27,0,12,0,12,13,20,0,12,0,12,0,12,1197,339,119,156,1197,339,25,38,196,130,141,135,13,21,1197,339,217,197,0,12,12,18,141,76,827,311,0,12
"4285","060371276052","Block Group 2, Census Tract 1276.05, Los Angeles County, California",3296,453,19,29,19,31,0,12,0,12,0,12,0,12,0,12,0,12,371,153,209,102,25,33,18,30,0,12,0,12,0,12,7,11,30,38,0,12,0,12,0,12,0,12,0,12,0,12,0,12,3673,523,1083,378,3673,523,64,77,185,81,114,85,0,12,3673,523,336,338,0,12,69,56,202,78,2913,520,26,42
"4286","060371276051","Block Group 1, Census Tract 1276.05, Los Angeles County, California",604,233,0,12,0,12,0,12,0,12,0,12,0,12,0,12,0,12,69,56,39,43,28,32,0,12,0,12,0,12,0,12,0,12,14,22,0,12,0,12,0,12,0,12,0,12,0,12,0,12,656,249,123,81,656,249,0,12,18,27,84,74,0,12,656,249,0,12,0,12,32,38,153,85,445,245,0,12
"4287","060372098102","Block Group 2, Census Tract 2098.10, Los Angeles County, California",1264,206,0,12,13,20,0,12,0,12,0,12,0,12,0,12,0,12,214,72,124,59,0,12,0,12,26,28,0,12,0,12,0,12,42,43,41,31,0,12,0,12,12,16,17,21,0,12,0,12,1109,199,319,155,1109,199,37,44,117,69,193,74,5,8,1303,207,99,70,0,12,73,67,241,114,890,182,0,12
"4288","060372124101","Block Group 1, Census Tract 2124.10, Los Angeles County, California",1149,259,0,12,0,12,0,12,0,12,0,12,0,12,0,12,0,12,0,12,0,12,0,12,0,12,174,96,5,10,0,12,0,12,0,12,0,12,0,12,0,12,42,45,0,12,0,12,0,12,1262,290,117,95,1262,290,0,12,83,64,86,63,0,12,1262,290,795,209,0,12,91,111,118,69,190,158,0,12
"4289","060379105011","Block Group 1, Census Tract 9105.01, Los Angeles County, California",1244,245,0,12,0,12,0,12,0,12,0,12,0,12,0,12,0,12,108,79,35,38,0,12,0,12,0,12,0,12,0,12,0,12,57,44,17,26,0,12,0,12,10,15,0,12,0,12,0,12,1337,286,521,223,1337,286,55,45,26,31,133,91,0,12,1337,286,38,33,0,12,327,138,148,64,794,261,0,12
"4290","060379105012","Block Group 2, Census Tract 9105.01, Los Angeles County, California",1621,438,0,12,0,12,0,12,0,12,0,12,0,12,0,12,0,12,105,69,10,16,0,12,0,12,0,12,0,12,0,12,0,12,0,12,0,12,0,12,0,12,0,12,0,12,0,12,0,12,1999,537,1130,415,1999,537,48,66,99,67,61,50,0,12,1999,537,9,17,0,12,846,342,229,119,910,328,0,12
"4291","060372051101","Block Group 1, Census Tract 2051.10, Los Angeles County, California",3418,269,6,10,27,41,0,12,0,12,0,12,0,12,0,12,0,12,461,150,708,181,0,12,0,12,0,12,0,12,0,12,0,12,51,29,40,30,0,12,0,12,4,6,0,12,0,12,0,12,3904,288,990,356,3904,288,68,63,394,118,491,141,0,12,3904,288,87,66,0,12,18,21,59,44,3740,310,0,12
"4292","060372148001","Block Group 1, Census Tract 2148, Los Angeles County, California",931,228,0,12,0,12,0,12,0,12,0,12,0,12,0,12,0,12,0,12,0,12,9,13,0,12,0,12,0,12,0,12,0,12,0,12,0,12,0,12,0,12,0,12,0,12,0,12,0,12,950,237,75,72,950,237,0,12,16,24,17,27,0,12,950,237,65,48,0,12,19,31,816,240,50,40,0,12
"4293","060372148002","Block Group 2, Census Tract 2148, Los Angeles County, California",895,190,0,12,0,12,0,12,0,12,0,12,0,12,0,12,0,12,0,12,0,12,0,12,0,12,0,12,0,12,0,12,0,12,0,12,0,12,0,12,0,12,0,12,0,12,0,12,0,12,1019,226,128,116,1019,226,0,12,16,24,0,12,0,12,1019,226,70,48,0,12,99,108,751,225,39,36,0,12
"4294","060376036002","Block Group 2, Census Tract 6036, Los Angeles County, California",822,243,0,12,0,12,0,12,0,12,0,12,0,12,0,12,0,12,22,24,0,12,0,12,0,12,28,29,0,12,0,12,0,12,0,12,11,17,0,12,0,12,51,42,0,12,0,12,0,12,816,243,58,50,822,243,0,12,35,33,29,31,0,12,822,243,194,112,0,12,17,20,218,144,356,195,0,12
"4295","060376036003","Block Group 3, Census Tract 6036, Los Angeles County, California",1860,478,0,12,0,12,0,12,0,12,0,12,0,12,0,12,0,12,26,37,0,12,0,12,0,12,58,65,38,60,0,12,0,12,56,79,0,12,0,12,0,12,22,36,10,15,0,12,0,12,2008,518,199,225,2008,518,28,39,52,53,47,54,12,18,2008,518,839,408,0,12,210,160,422,224,492,202,0,12
"4296","060377004003","Block Group 3, Census Tract 7004, Los Angeles County, California",1609,304,0,12,0,12,0,12,0,12,0,12,0,12,0,12,0,12,0,12,0,12,0,12,0,12,0,12,0,12,0,12,0,12,18,28,0,12,0,12,0,12,0,12,0,12,0,12,0,12,1669,322,144,91,1669,322,0,12,31,36,25,28,0,12,1669,322,145,91,0,12,77,64,1248,272,55,50,0,12
"4297","060377004002","Block Group 2, Census Tract 7004, Los Angeles County, California",585,161,0,12,0,12,0,12,0,12,0,12,0,12,0,12,0,12,0,12,0,12,0,12,0,12,0,12,0,12,0,12,0,12,0,12,0,12,0,12,0,12,0,12,0,12,0,12,0,12,624,180,15,26,624,180,0,12,0,12,13,21,0,12,624,180,29,35,0,12,0,12,548,175,28,47,0,12
"4298","060375738001","Block Group 1, Census Tract 5738, Los Angeles County, California",884,204,0,12,0,12,0,12,0,12,0,12,0,12,0,12,0,12,9,15,0,12,0,12,0,12,0,12,0,12,0,12,0,12,0,12,0,12,0,12,0,12,0,12,0,12,0,12,0,12,958,220,37,36,958,220,13,20,12,18,17,19,0,12,958,220,49,34,0,12,57,88,621,180,182,128,0,12
"4299","060375738004","Block Group 4, Census Tract 5738, Los Angeles County, California",1385,337,0,12,0,12,0,12,0,12,0,12,0,12,0,12,0,12,0,12,3,8,0,12,0,12,5,8,0,12,0,12,0,12,0,12,0,12,0,12,0,12,0,12,0,12,0,12,0,12,1417,341,153,107,1417,341,0,12,0,12,22,36,0,12,1417,341,80,64,49,44,0,12,854,217,104,75,225,190
"4300","060375768013","Block Group 3, Census Tract 5768.01, Los Angeles County, California",2012,328,0,12,0,12,0,12,0,12,0,12,0,12,0,12,0,12,81,91,0,12,0,12,0,12,16,25,0,12,0,12,0,12,0,12,0,12,0,12,0,12,9,15,8,15,0,12,0,12,2106,345,658,311,2106,345,0,12,52,47,43,66,0,12,2106,345,88,93,0,12,307,184,736,219,975,257,0,12
"4301","060375768011","Block Group 1, Census Tract 5768.01, Los Angeles County, California",686,327,0,12,0,12,0,12,0,12,0,12,0,12,0,12,0,12,47,71,0,12,0,12,0,12,0,12,0,12,0,12,0,12,0,12,0,12,0,12,0,12,0,12,0,12,0,12,0,12,686,327,44,40,686,327,0,12,15,25,48,73,0,12,686,327,9,16,0,12,126,113,139,61,412,304,0,12
"4302","060376507025","Block Group 5, Census Tract 6507.02, Los Angeles County, California",842,226,0,12,0,12,0,12,0,12,0,12,0,12,0,12,0,12,0,12,0,12,37,56,0,12,8,12,0,12,0,12,0,12,0,12,0,12,0,12,0,12,7,11,0,12,0,12,0,12,896,245,20,21,896,245,0,12,11,16,37,56,0,12,896,245,232,187,0,12,0,12,599,200,19,33,0,12
"4303","060376507023","Block Group 3, Census Tract 6507.02, Los Angeles County, California",1343,217,0,12,0,12,0,12,0,12,0,12,0,12,0,12,0,12,0,12,0,12,0,12,0,12,10,16,9,13,0,12,0,12,12,19,0,12,0,12,0,12,23,26,0,12,0,12,0,12,1457,214,0,12,1466,217,21,31,0,12,0,12,0,12,1466,217,269,125,0,12,0,12,836,172,250,119,0,12
"4304","060376507024","Block Group 4, Census Tract 6507.02, Los Angeles County, California",565,199,0,12,0,12,0,12,0,12,0,12,0,12,0,12,0,12,0,12,0,12,0,12,0,12,0,12,0,12,0,12,0,12,0,12,0,12,0,12,0,12,0,12,0,12,0,12,0,12,580,199,62,77,580,199,0,12,0,12,0,12,0,12,580,199,126,89,0,12,0,12,288,95,150,163,0,12
"4305","060371066043","Block Group 3, Census Tract 1066.04, Los Angeles County, California",685,343,0,12,0,12,0,12,0,12,0,12,0,12,0,12,0,12,8,15,0,12,0,12,0,12,0,12,0,12,0,12,0,12,9,13,147,149,0,12,0,12,0,12,0,12,0,12,0,12,779,423,0,12,779,423,8,13,36,36,37,42,0,12,779,423,0,12,0,12,0,12,32,37,747,424,0,12
"4306","060371066042","Block Group 2, Census Tract 1066.04, Los Angeles County, California",2423,567,27,46,0,12,0,12,0,12,0,12,0,12,0,12,0,12,124,106,250,129,0,12,0,12,0,12,0,12,0,12,0,12,135,132,12,21,0,12,0,12,0,12,0,12,0,12,0,12,2620,617,395,248,2626,618,0,12,31,38,197,126,0,12,2636,619,77,95,1,2,12,15,152,103,2393,619,0,12
"4307","060372111203","Block Group 3, Census Tract 2111.20, Los Angeles County, California",1504,387,0,12,0,12,0,12,0,12,0,12,0,12,0,12,0,12,75,87,7,26,0,12,0,12,154,103,30,48,0,12,0,12,0,12,0,12,0,12,0,12,44,54,11,20,0,12,0,12,1605,392,289,205,1605,392,0,12,126,116,173,105,22,41,1605,392,893,283,0,12,127,147,35,47,550,295,0,12
"4308","060372094021","Block Group 1, Census Tract 2094.02, Los Angeles County, California",1830,306,0,12,0,12,0,12,0,12,0,12,0,12,0,12,0,12,338,135,295,164,0,12,0,12,7,11,10,15,0,12,0,12,19,31,47,54,0,12,0,12,7,11,0,12,0,12,0,12,2025,356,1112,335,2025,356,55,65,219,105,376,130,12,20,2025,356,104,112,0,12,22,30,252,155,1647,354,0,12
"4309","060374333041","Block Group 1, Census Tract 4333.04, Los Angeles County, California",1915,343,0,12,0,12,0,12,0,12,0,12,0,12,0,12,0,12,63,62,97,98,0,12,0,12,55,37,24,37,0,12,0,12,8,12,17,22,0,12,0,12,99,69,123,75,0,12,0,12,1788,358,407,220,1792,359,9,14,54,51,105,86,0,12,1983,361,695,248,0,12,29,19,87,49,1166,352,0,12
"4310","060374333042","Block Group 2, Census Tract 4333.04, Los Angeles County, California",2880,569,11,17,14,21,0,12,0,12,0,12,0,12,0,12,0,12,286,179,233,152,0,12,0,12,128,116,115,94,0,12,178,281,41,30,74,64,0,12,0,12,64,46,22,24,0,12,0,12,3080,622,820,437,3080,622,26,41,212,159,349,170,0,12,3080,622,603,288,0,12,24,25,100,103,2332,622,0,12
"4311","060371066451","Block Group 1, Census Tract 1066.45, Los Angeles County, California",1478,277,0,12,0,12,0,12,0,12,0,12,0,12,0,12,0,12,0,12,0,12,0,12,0,12,0,12,0,12,0,12,0,12,0,12,0,12,0,12,9,16,0,12,0,12,0,12,0,12,1669,330,52,56,1669,330,7,11,62,45,9,13,0,12,1669,330,115,97,0,12,11,18,1167,298,335,154,0,12
"4312","060371042041","Block Group 1, Census Tract 1042.04, Los Angeles County, California",1696,326,0,12,0,12,0,12,0,12,0,12,0,12,0,12,0,12,186,73,124,70,0,12,0,12,9,10,0,12,0,12,0,12,23,29,73,60,0,12,6,12,4,10,5,10,0,12,0,12,1378,318,327,178,1378,318,17,20,53,49,45,39,0,12,1758,345,56,40,0,12,119,60,151,69,1405,309,0,12
"4313","060371042042","Block Group 2, Census Tract 1042.04, Los Angeles County, California",1792,254,0,12,0,12,0,12,0,12,0,12,0,12,0,12,0,12,161,71,67,42,0,12,0,12,0,12,0,12,0,12,0,12,11,14,43,34,0,12,0,12,10,14,0,12,0,12,0,12,1891,280,154,90,1921,282,34,30,50,47,131,64,10,14,1921,282,190,89,0,12,20,22,208,72,1465,293,0,12
"4314","060372976021","Block Group 1, Census Tract 2976.02, Los Angeles County, California",853,217,0,12,0,12,0,12,0,12,0,12,0,12,0,12,0,12,0,12,0,12,0,12,0,12,0,12,0,12,0,12,0,12,41,64,0,12,0,12,0,12,0,12,0,12,0,12,0,12,857,218,138,145,857,218,0,12,56,48,38,35,0,12,857,218,32,49,0,12,13,20,455,143,293,170,0,12
"4315","060372083023","Block Group 3, Census Tract 2083.02, Los Angeles County, California",2813,515,39,48,0,12,0,12,0,12,0,12,0,12,0,12,0,12,503,191,307,184,0,12,0,12,0,12,0,12,0,12,0,12,53,38,84,58,0,12,0,12,0,12,12,19,0,12,0,12,3021,533,1183,427,3021,533,14,22,367,194,311,175,7,11,3021,533,173,112,0,12,312,202,50,39,2462,512,0,12
"4316","060372083021","Block Group 1, Census Tract 2083.02, Los Angeles County, California",554,212,0,12,0,12,0,12,0,12,0,12,0,12,0,12,0,12,34,35,31,33,0,12,0,12,0,12,0,12,0,12,0,12,0,12,0,12,0,12,0,12,0,12,0,12,0,12,0,12,569,218,177,95,569,218,6,11,58,43,56,61,0,12,569,218,83,54,0,12,43,25,44,40,371,214,0,12
"4317","060372060323","Block Group 3, Census Tract 2060.32, Los Angeles County, California",2575,662,54,54,0,12,0,12,0,12,0,12,0,12,0,12,0,12,294,164,187,135,0,12,0,12,78,54,31,33,0,12,0,12,0,12,39,50,0,12,0,12,56,51,77,77,0,12,0,12,2714,734,1107,546,2714,734,30,46,148,129,181,121,0,12,2725,734,508,137,0,12,58,63,93,116,2066,699,0,12
"4318","060372060321","Block Group 1, Census Tract 2060.32, Los Angeles County, California",983,342,0,12,0,12,0,12,0,12,0,12,0,12,0,12,0,12,8,14,57,55,0,12,0,12,0,12,0,12,0,12,0,12,34,33,0,12,0,12,0,12,30,17,66,60,0,12,0,12,1072,386,367,206,1072,386,0,12,49,58,19,25,9,14,1072,386,103,73,0,12,67,53,205,227,651,357,46,56
"4319","060379200121","Block Group 1, Census Tract 9200.12, Los Angeles County, California",1056,109,0,12,0,12,0,12,0,12,0,12,0,12,0,12,0,12,22,24,0,12,0,12,0,12,0,12,0,12,0,12,0,12,20,30,0,12,0,12,0,12,0,12,0,12,0,12,0,12,1095,110,95,55,1111,114,9,14,54,43,88,52,0,12,1111,114,9,13,0,12,0,12,818,113,214,95,0,12
"4320","060379200111","Block Group 1, Census Tract 9200.11, Los Angeles County, California",167,46,0,12,0,12,0,12,0,12,0,12,0,12,0,12,0,12,0,12,0,12,0,12,0,12,0,12,0,12,0,12,0,12,0,12,0,12,0,12,0,12,0,12,0,12,0,12,0,12,90,34,13,13,90,34,5,7,10,11,0,12,4,6,172,47,0,12,0,12,16,22,77,32,54,33,0,12
"4321","060375319013","Block Group 3, Census Tract 5319.01, Los Angeles County, California",2019,395,0,12,0,12,0,12,0,12,0,12,0,12,0,12,0,12,223,108,129,83,0,12,0,12,0,12,0,12,0,12,0,12,101,80,140,90,0,12,0,12,0,12,0,12,0,12,0,12,2074,416,384,192,2074,416,0,12,134,87,117,93,0,12,2074,416,0,12,0,12,22,36,7,12,2045,426,0,12
"4322","060371066433","Block Group 3, Census Tract 1066.43, Los Angeles County, California",830,234,0,12,0,12,0,12,0,12,0,12,0,12,0,12,0,12,4,18,1,14,0,12,0,12,0,12,0,12,0,12,0,12,0,12,0,12,0,12,0,12,0,12,0,12,0,12,0,12,865,269,17,20,865,269,0,12,0,12,2,15,0,12,865,269,47,54,0,12,0,12,605,198,177,198,20,32
"4323","060374310011","Block Group 1, Census Tract 4310.01, Los Angeles County, California",588,246,0,12,0,12,0,12,0,12,0,12,0,12,0,12,0,12,0,12,0,12,0,12,0,12,0,12,0,12,0,12,0,12,0,12,0,12,0,12,0,12,0,12,0,12,0,12,0,12,590,256,0,12,602,257,0,12,39,40,11,17,0,12,602,257,72,106,0,12,0,12,234,143,186,194,0,12
"4324","060372117031","Block Group 1, Census Tract 2117.03, Los Angeles County, California",2603,419,0,12,0,12,0,12,0,12,0,12,0,12,0,12,0,12,283,164,137,133,15,24,0,12,30,32,0,12,0,12,0,12,27,43,28,43,0,12,0,12,23,28,7,13,0,12,0,12,2768,471,248,140,2768,471,29,40,87,86,403,240,0,12,2768,471,688,265,0,12,114,166,163,119,1790,458,0,12
"4325","060372117032","Block Group 2, Census Tract 2117.03, Los Angeles County, California",1987,405,0,12,0,12,0,12,0,12,78,126,0,12,0,12,0,12,0,12,0,12,17,27,23,36,144,140,12,22,0,12,0,12,0,12,0,12,0,12,0,12,68,54,0,12,0,12,0,12,2073,428,399,291,2073,428,78,126,91,63,112,130,0,12,2073,428,1076,374,0,12,239,183,388,215,279,219,0,12
"4326","060372083011","Block Group 1, Census Tract 2083.01, Los Angeles County, California",2034,179,17,18,22,29,0,12,0,12,0,12,0,12,0,12,0,12,353,110,643,174,0,12,0,12,0,12,14,16,0,12,0,12,15,17,16,18,0,12,0,12,0,12,14,15,0,12,0,12,2148,178,744,211,2148,178,0,12,436,141,366,132,0,12,2148,178,78,57,8,14,34,26,11,12,1989,188,7,11
"4327","060372075021","Block Group 1, Census Tract 2075.02, Los Angeles County, California",2826,193,0,12,0,12,0,12,0,12,0,12,0,12,0,12,0,12,0,12,0,12,0,12,0,12,32,32,0,12,0,12,0,12,0,12,27,42,0,12,0,12,558,155,632,155,0,12,0,12,2888,208,1053,184,2888,208,0,12,69,77,50,52,0,12,2888,208,1701,202,0,12,280,124,677,175,170,93,0,12
"4328","060372073012","Block Group 2, Census Tract 2073.01, Los Angeles County, California",3776,354,0,12,0,12,0,12,0,12,0,12,0,12,0,12,0,12,62,74,12,20,37,55,0,12,0,12,0,12,0,12,0,12,0,12,0,12,0,12,0,12,122,95,220,189,0,12,0,12,3921,375,614,203,3921,375,0,12,314,174,149,121,0,12,3921,375,501,167,0,12,761,272,1661,303,672,222,0,12
"4329","060372073011","Block Group 1, Census Tract 2073.01, Los Angeles County, California",990,204,0,12,0,12,0,12,0,12,0,12,0,12,0,12,0,12,44,59,0,12,0,12,0,12,0,12,0,12,0,12,0,12,47,54,0,12,0,12,0,12,0,12,0,12,0,12,0,12,990,204,565,175,990,204,0,12,106,100,25,39,0,12,990,204,217,113,0,12,198,137,237,133,257,102,0,12
"4330","060372071021","Block Group 1, Census Tract 2071.02, Los Angeles County, California",2870,289,0,12,0,12,0,12,0,12,0,12,0,12,0,12,0,12,32,38,0,12,0,12,0,12,150,97,91,73,0,12,0,12,0,12,0,12,0,12,0,12,96,61,550,145,0,12,0,12,2926,310,963,309,2926,310,0,12,46,62,147,100,7,11,2926,310,1695,233,0,12,220,134,248,112,667,305,74,112
"4331","060372071011","Block Group 1, Census Tract 2071.01, Los Angeles County, California",3457,318,0,12,0,12,0,12,0,12,39,42,0,12,0,12,0,12,53,52,0,12,0,12,0,12,223,106,164,94,7,11,0,12,0,12,15,24,0,12,0,12,149,89,281,122,0,12,0,12,3717,318,1003,250,3717,318,33,47,119,73,147,108,14,20,3717,318,1935,369,0,12,498,186,552,210,528,221,0,12
"4332","060374023042","Block Group 2, Census Tract 4023.04, Los Angeles County, California",1693,340,0,12,0,12,0,12,0,12,0,12,0,12,0,12,0,12,185,89,184,99,0,12,0,12,10,13,0,12,0,12,0,12,9,13,54,40,0,12,0,12,0,12,0,12,0,12,0,12,1826,370,512,220,1826,370,44,34,144,80,237,87,0,12,1826,370,40,34,0,12,38,46,108,96,1640,370,0,12
"4333","060374023041","Block Group 1, Census Tract 4023.04, Los Angeles County, California",1967,240,14,15,11,16,6,9,0,12,0,12,0,12,0,12,0,12,279,64,177,74,0,12,0,12,27,28,12,18,0,12,0,12,18,16,62,52,0,12,0,12,0,12,0,12,0,12,0,12,2219,272,696,218,2231,275,40,41,146,69,287,94,15,23,2231,275,142,117,6,9,28,28,95,86,1956,275,4,6
"4334","060372111212","Block Group 2, Census Tract 2111.21, Los Angeles County, California",1338,302,13,19,0,12,0,12,0,12,6,9,0,12,0,12,0,12,29,23,54,44,0,12,0,12,19,21,0,12,0,12,0,12,0,12,6,9,0,12,0,12,6,9,0,12,0,12,0,12,1392,317,197,118,1392,317,12,18,85,103,54,39,0,12,1392,317,522,178,0,12,116,73,227,69,442,167,0,12
"4335","060371892011","Block Group 1, Census Tract 1892.01, Los Angeles County, California",1596,251,0,12,0,12,0,12,0,12,0,12,0,12,0,12,0,12,23,39,35,39,119,86,30,50,0,12,0,12,0,12,0,12,9,21,0,12,0,12,55,55,0,12,0,12,30,40,0,12,1625,265,471,181,1639,263,0,12,56,48,122,87,0,12,1639,263,133,67,0,12,85,76,1130,198,262,134,0,12
"4336","060371892012","Block Group 2, Census Tract 1892.01, Los Angeles County, California",1505,240,0,12,0,12,0,12,0,12,0,12,0,12,0,12,0,12,10,15,0,12,31,49,0,12,11,17,0,12,0,12,0,12,11,17,10,16,0,12,10,15,0,12,0,12,9,16,0,12,1577,259,177,79,1577,259,0,12,32,31,71,52,0,12,1577,259,145,68,0,12,60,56,1191,259,94,66,0,12
"4337","060371852042","Block Group 2, Census Tract 1852.04, Los Angeles County, California",675,134,0,12,0,12,0,12,0,12,0,12,0,12,0,12,0,12,9,12,0,12,0,12,0,12,0,12,0,12,0,12,0,12,29,21,13,17,0,12,0,12,0,12,0,12,0,12,0,12,704,139,48,40,704,139,0,12,11,13,20,21,0,12,704,139,128,65,0,12,14,20,162,59,353,119,0,12
"4338","060376506022","Block Group 2, Census Tract 6506.02, Los Angeles County, California",1651,367,0,12,0,12,0,12,0,12,0,12,0,12,0,12,0,12,0,12,0,12,0,12,0,12,26,43,67,106,0,12,0,12,0,12,0,12,0,12,0,12,0,12,0,12,0,12,0,12,1837,459,322,290,1837,459,64,101,33,38,123,127,0,12,1837,459,1011,490,0,12,48,58,450,170,307,172,0,12
"4339","060376505021","Block Group 1, Census Tract 6505.02, Los Angeles County, California",985,281,0,12,0,12,0,12,0,12,0,12,0,12,0,12,0,12,0,12,0,12,0,12,0,12,22,28,0,12,0,12,0,12,0,12,0,12,0,12,0,12,19,24,0,12,0,12,0,12,1017,310,19,30,1017,310,0,12,24,25,0,12,0,12,1017,310,246,124,0,12,194,217,489,133,30,43,0,12
"4340","060376505022","Block Group 2, Census Tract 6505.02, Los Angeles County, California",598,206,0,12,0,12,0,12,0,12,0,12,0,12,0,12,0,12,0,12,0,12,0,12,0,12,0,12,0,12,19,31,0,12,0,12,0,12,0,12,0,12,0,12,0,12,0,12,0,12,648,235,16,18,648,235,0,12,9,15,0,12,0,12,648,235,69,84,0,12,14,16,322,152,224,189,0,12
"4341","060372972021","Block Group 1, Census Tract 2972.02, Los Angeles County, California",1387,222,0,12,0,12,0,12,0,12,0,12,0,12,0,12,0,12,25,40,0,12,0,12,0,12,0,12,0,12,0,12,0,12,0,12,0,12,35,44,0,12,0,12,0,12,0,12,0,12,1580,267,58,49,1580,267,0,12,25,40,43,45,0,12,1580,267,36,43,0,12,13,14,915,174,604,259,0,12
"4342","060372696013","Block Group 3, Census Tract 2696.01, Los Angeles County, California",1120,318,0,12,0,12,0,12,0,12,0,12,0,12,0,12,0,12,44,51,0,12,0,12,0,12,11,16,0,12,0,12,0,12,28,29,0,12,0,12,0,12,0,12,0,12,0,12,9,14,1154,338,210,178,1154,338,0,12,0,12,0,12,0,12,1154,338,107,87,0,12,214,109,225,121,585,276,0,12
"4343","060372679022","Block Group 2, Census Tract 2679.02, Los Angeles County, California",1257,214,0,12,0,12,0,12,0,12,0,12,0,12,0,12,0,12,0,12,0,12,0,12,0,12,0,12,0,12,14,21,0,12,0,12,0,12,0,12,0,12,0,12,0,12,0,12,0,12,1288,221,123,105,1288,221,0,12,0,12,0,12,0,12,1288,221,217,104,0,12,0,12,937,233,98,57,0,12
"4344","060379102091","Block Group 1, Census Tract 9102.09, Los Angeles County, California",4631,343,7,13,0,17,0,17,0,17,0,17,0,17,0,17,0,17,35,35,0,17,0,17,0,17,13,16,0,17,0,17,0,17,0,17,20,23,0,17,0,17,24,38,27,38,0,17,0,17,5064,355,542,370,5134,370,36,36,43,40,148,87,0,17,5134,370,620,227,0,17,807,316,2086,312,1558,334,0,17
"4345","060379102081","Block Group 1, Census Tract 9102.08, Los Angeles County, California",2190,383,0,12,0,12,0,12,0,12,0,12,0,12,0,12,0,12,30,32,0,12,0,12,0,12,0,12,0,12,0,12,0,12,0,12,55,80,0,12,0,12,0,12,0,12,0,12,0,12,2297,413,213,151,2297,413,33,33,11,17,79,56,26,29,2297,413,337,92,0,12,250,173,653,198,909,294,0,12
"4346","060379102071","Block Group 1, Census Tract 9102.07, Los Angeles County, California",1744,378,0,12,0,12,0,12,0,12,0,12,0,12,0,12,0,12,35,42,0,12,0,12,0,12,0,12,0,12,0,12,0,12,0,12,0,12,0,12,0,12,5,9,0,12,0,12,0,12,1881,442,297,245,1881,442,0,12,19,28,33,36,0,12,1881,442,245,196,78,98,209,185,477,189,813,313,9,14
"4347","060371249032","Block Group 2, Census Tract 1249.03, Los Angeles County, California",1083,240,0,12,0,12,0,12,0,12,0,12,0,12,0,12,0,12,0,12,0,12,22,37,0,12,3,7,6,15,0,12,0,12,14,21,15,16,23,37,7,17,0,12,25,35,0,12,0,12,947,228,145,85,947,228,0,12,8,14,0,12,0,12,1135,252,151,93,0,12,82,68,722,209,180,77,0,12
"4348","060371242041","Block Group 1, Census Tract 1242.04, Los Angeles County, California",1529,332,0,12,0,12,0,12,0,12,0,12,0,12,0,12,0,12,129,81,0,12,33,30,0,12,0,12,0,12,0,12,0,12,65,57,20,35,19,28,0,12,0,12,0,12,0,12,0,12,1541,334,487,270,1541,334,0,12,49,57,70,57,16,24,1541,334,71,74,0,12,50,40,484,172,830,313,0,12
"4349","060371242042","Block Group 2, Census Tract 1242.04, Los Angeles County, California",651,237,0,12,0,12,0,12,0,12,0,12,0,12,0,12,0,12,71,76,63,89,0,12,0,12,7,11,0,12,0,12,0,12,0,12,0,12,0,12,0,12,0,12,0,12,0,12,0,12,651,237,130,117,651,237,0,12,115,79,48,53,0,12,651,237,41,44,0,12,20,31,179,90,386,220,0,12
"4350","060371242031","Block Group 1, Census Tract 1242.03, Los Angeles County, California",738,197,0,12,0,12,0,12,0,12,0,12,0,12,0,12,0,12,22,20,37,44,19,27,0,12,0,12,0,12,0,12,0,12,5,8,0,12,0,12,0,12,0,12,0,12,0,12,0,12,775,211,60,55,775,211,0,12,22,20,41,33,0,12,775,211,21,19,0,12,15,24,351,128,388,174,0,12
"4351","060371242032","Block Group 2, Census Tract 1242.03, Los Angeles County, California",1528,239,0,12,4,7,0,12,0,12,0,12,0,12,0,12,0,12,146,77,22,27,0,12,0,12,13,19,16,26,0,12,0,12,18,20,10,16,14,22,0,12,16,23,0,12,0,12,0,12,1609,266,301,171,1609,266,4,7,101,67,77,49,8,13,1609,266,111,87,7,11,31,30,441,125,969,247,0,12
"4352","060371241051","Block Group 1, Census Tract 1241.05, Los Angeles County, California",1266,231,0,12,0,12,0,12,0,12,0,12,0,12,0,12,0,12,111,53,16,19,10,15,0,12,0,12,0,12,0,12,0,12,0,12,0,12,0,12,0,12,0,12,0,12,0,12,0,12,1294,243,194,153,1294,243,25,30,113,64,74,52,6,9,1294,243,16,16,0,12,64,66,422,127,742,225,13,22
"4353","060371241052","Block Group 2, Census Tract 1241.05, Los Angeles County, California",1115,255,0,12,0,12,0,12,0,12,0,12,0,12,0,12,0,12,214,82,36,51,36,37,0,12,0,12,0,12,0,12,0,12,3,4,0,12,29,23,0,12,0,12,0,12,0,12,0,12,1244,263,201,120,1244,263,3,5,146,92,126,84,0,12,1244,263,113,114,0,12,17,15,399,138,693,263,0,12
"4354","060371241031","Block Group 1, Census Tract 1241.03, Los Angeles County, California",544,104,5,7,0,12,0,12,0,12,0,12,0,12,0,12,0,12,12,13,0,12,0,12,0,12,0,12,0,12,0,12,0,12,18,16,31,36,13,16,0,12,0,12,0,12,0,12,0,12,574,122,47,45,585,128,0,12,0,12,32,24,0,12,585,128,36,41,0,12,0,12,237,83,312,129,0,12
"4355","060371241032","Block Group 2, Census Tract 1241.03, Los Angeles County, California",1248,275,0,12,0,12,0,12,0,12,0,12,0,12,0,12,0,12,131,58,85,61,0,12,26,40,4,6,0,12,0,12,0,12,0,12,4,9,9,14,0,12,0,12,0,12,0,12,0,12,1365,301,257,150,1365,301,0,12,87,65,38,24,0,12,1365,301,103,108,0,12,39,27,238,116,962,302,0,12
"4356","060371221211","Block Group 1, Census Tract 1221.21, Los Angeles County, California",1561,246,13,20,0,12,0,12,0,12,0,12,0,12,0,12,0,12,140,57,71,48,11,13,0,12,13,18,9,12,0,12,0,12,20,17,16,17,8,11,0,12,0,12,18,25,0,12,0,12,1665,266,225,120,1671,267,20,23,108,77,134,72,0,12,1671,267,132,81,0,12,121,93,200,85,1194,268,7,11
"4357","060371221212","Block Group 2, Census Tract 1221.21, Los Angeles County, California",1139,303,0,12,0,12,0,12,0,12,0,12,0,12,0,12,0,12,52,43,52,36,0,12,0,12,0,12,0,12,0,12,0,12,51,43,23,22,0,12,0,12,0,12,0,12,0,12,0,12,1158,311,67,87,1158,311,19,20,15,13,74,68,7,9,1158,311,30,43,0,12,1,2,53,40,1069,299,0,12
"4358","060371212221","Block Group 1, Census Tract 1212.22, Los Angeles County, California",2790,574,0,12,34,43,0,12,0,12,0,12,0,12,0,12,0,12,349,158,161,127,0,12,0,12,0,12,0,12,0,12,0,12,14,22,20,34,0,12,0,12,0,12,0,12,0,12,0,12,3114,688,1028,496,3114,688,27,42,384,189,274,149,0,12,3114,688,58,81,0,12,53,69,184,105,2802,696,0,12
"4359","060371212222","Block Group 2, Census Tract 1212.22, Los Angeles County, California",808,305,5,15,0,12,0,12,0,12,0,12,0,12,0,12,0,12,17,40,78,104,0,12,0,12,0,12,0,12,0,12,0,12,71,67,56,79,0,12,0,12,0,12,0,12,0,12,0,12,845,316,133,172,845,316,5,15,39,43,88,78,0,12,845,316,0,12,0,12,0,12,14,23,826,311,0,12
"4360","060371212223","Block Group 3, Census Tract 1212.22, Los Angeles County, California",1101,361,0,12,0,12,0,12,0,12,0,12,0,12,0,12,0,12,46,51,40,46,0,12,0,12,6,11,7,14,0,12,0,12,24,38,33,52,0,12,0,12,0,12,0,12,0,12,0,12,1180,378,133,181,1180,378,48,41,58,57,109,47,0,12,1180,378,71,81,0,12,0,12,82,86,1005,381,8,15
"4361","060371212211","Block Group 1, Census Tract 1212.21, Los Angeles County, California",577,177,0,12,0,12,0,12,0,12,0,12,0,12,0,12,0,12,56,45,18,21,0,12,0,12,8,16,0,12,0,12,0,12,9,11,8,12,0,12,0,12,0,12,0,12,0,12,0,12,637,198,85,55,637,198,5,7,45,30,8,12,0,12,637,198,32,38,0,12,0,12,66,41,535,205,0,12
"4362","060371212212","Block Group 2, Census Tract 1212.21, Los Angeles County, California",1652,296,0,12,0,12,0,12,0,12,0,12,0,12,0,12,0,12,93,52,8,14,0,12,0,12,0,12,0,12,0,12,0,12,43,36,9,14,0,12,0,12,0,12,0,12,0,12,0,12,1783,316,228,123,1783,316,0,12,100,61,115,57,21,28,1783,316,36,41,0,12,13,13,222,93,1485,295,0,12
"4363","060371211012","Block Group 2, Census Tract 1211.01, Los Angeles County, California",1731,264,47,43,0,12,0,12,0,12,0,12,0,12,0,12,0,12,153,73,108,58,7,9,0,12,0,12,0,12,0,12,0,12,12,9,19,21,10,14,0,12,0,12,0,12,0,12,0,12,1878,297,208,116,1878,297,43,53,106,71,125,76,0,12,1878,297,124,67,0,12,16,15,304,96,1391,328,0,12
"4364","060371882012","Block Group 2, Census Tract 1882.01, Los Angeles County, California",905,256,0,12,0,12,0,12,0,12,0,12,0,12,0,12,0,12,0,12,0,12,0,12,0,12,0,12,0,12,0,12,0,12,0,12,0,12,0,12,0,12,0,12,0,12,0,12,0,12,927,255,154,157,927,255,0,12,0,12,79,98,0,12,927,255,105,106,0,12,0,12,615,188,68,51,105,151
"4365","060371882013","Block Group 3, Census Tract 1882.01, Los Angeles County, California",977,183,0,12,0,12,0,12,0,12,0,12,0,12,0,12,0,12,0,12,0,12,0,12,0,12,0,12,0,12,0,12,0,12,47,44,0,12,0,12,0,12,0,12,0,12,0,12,0,12,989,186,24,21,998,189,0,12,46,57,33,42,0,12,998,189,88,98,0,12,91,107,601,148,160,107,0,12
"4366","060371882011","Block Group 1, Census Tract 1882.01, Los Angeles County, California",1423,195,0,12,0,12,0,12,0,12,0,12,0,12,0,12,0,12,0,12,33,50,0,12,0,12,8,13,0,12,0,12,0,12,7,11,1,3,0,12,0,12,0,12,0,12,0,12,0,12,1548,229,135,71,1548,229,0,12,32,25,19,22,0,12,1548,229,239,109,0,12,45,32,997,153,232,139,0,12
"4367","060371871011","Block Group 1, Census Tract 1871.01, Los Angeles County, California",977,278,0,12,0,12,0,12,0,12,0,12,0,12,0,12,0,12,27,39,66,64,0,12,0,12,0,12,0,12,0,12,0,12,0,12,0,12,0,12,0,12,0,12,0,12,0,12,0,12,1011,284,57,39,1011,284,0,12,64,65,61,54,0,12,1011,284,226,143,0,12,24,37,333,164,392,198,0,12
"4368","060371871012","Block Group 2, Census Tract 1871.01, Los Angeles County, California",2325,394,37,62,0,12,0,12,0,12,0,12,0,12,0,12,0,12,21,33,50,58,0,12,0,12,11,18,0,12,0,12,0,12,44,69,91,84,97,69,0,12,43,47,6,10,0,12,0,12,2387,421,267,214,2387,421,0,12,143,139,119,96,32,48,2427,424,463,125,0,12,0,12,907,221,1034,324,0,12
"4369","060371344211","Block Group 1, Census Tract 1344.21, Los Angeles County, California",4114,257,0,12,0,12,0,12,0,12,0,12,0,12,0,12,0,12,10,15,0,12,12,19,0,12,8,16,0,12,0,12,0,12,0,12,0,12,6,12,0,12,9,15,0,12,0,12,0,12,4234,277,129,97,4234,277,0,12,37,41,152,75,0,12,4234,277,383,128,0,12,114,99,3227,270,321,170,16,24
"4370","060372946102","Block Group 2, Census Tract 2946.10, Los Angeles County, California",2662,456,0,12,0,12,0,12,0,12,0,12,0,12,0,12,0,12,191,91,109,70,0,12,0,12,32,49,0,12,0,12,0,12,119,77,101,77,0,12,0,12,0,12,0,12,0,12,0,12,2966,519,824,317,2966,519,61,56,223,113,122,60,0,12,2966,519,232,215,0,12,44,52,85,67,2605,446,0,12
"4371","060372946101","Block Group 1, Census Tract 2946.10, Los Angeles County, California",1304,483,0,12,0,12,0,12,0,12,0,12,0,12,0,12,0,12,68,66,95,91,0,12,0,12,0,12,0,12,0,12,0,12,16,16,0,12,0,12,0,12,0,12,0,12,0,12,0,12,1368,508,192,156,1368,508,0,12,130,111,146,110,11,18,1368,508,0,12,0,12,1,4,60,49,1307,508,0,12
"4372","060372946202","Block Group 2, Census Tract 2946.20, Los Angeles County, California",2022,503,0,12,0,12,0,12,0,12,0,12,0,12,0,12,0,12,158,98,163,112,0,12,0,12,0,12,0,12,0,12,0,12,92,70,26,30,0,12,0,12,0,12,0,12,0,12,0,12,2238,550,342,285,2239,550,0,12,94,59,179,135,0,12,2239,550,0,12,0,12,32,48,43,46,2142,552,0,12
"4373","060372946201","Block Group 1, Census Tract 2946.20, Los Angeles County, California",1748,453,53,59,0,12,0,12,0,12,0,12,0,12,0,12,0,12,131,101,120,88,0,12,0,12,0,12,0,12,0,12,0,12,129,69,109,66,0,12,0,12,0,12,0,12,0,12,0,12,1842,469,323,336,1842,469,0,12,80,61,49,56,0,12,1842,469,0,12,0,12,10,15,57,88,1775,450,0,12
"4374","060372946203","Block Group 3, Census Tract 2946.20, Los Angeles County, California",590,248,0,12,0,12,0,12,0,12,0,12,0,12,0,12,0,12,41,45,27,41,0,12,0,12,0,12,0,12,0,12,0,12,0,12,0,12,0,12,0,12,0,12,0,12,0,12,0,12,602,249,137,169,602,249,0,12,13,21,7,11,0,12,602,249,0,12,67,108,30,36,56,62,449,236,0,12
"4375","060372948302","Block Group 2, Census Tract 2948.30, Los Angeles County, California",1083,254,0,12,0,12,0,12,0,12,0,12,0,12,0,12,0,12,46,29,37,43,0,12,0,12,5,8,0,12,0,12,0,12,34,35,26,25,0,12,0,12,0,12,0,12,0,12,0,12,1138,265,386,252,1148,270,11,17,101,58,70,53,0,12,1148,270,33,26,0,12,90,112,15,24,1010,268,0,12
"4376","060372948301","Block Group 1, Census Tract 2948.30, Los Angeles County, California",2764,303,42,31,0,12,0,12,0,12,0,12,0,12,0,12,0,12,391,102,234,91,0,12,0,12,0,12,0,12,0,12,0,12,72,42,37,34,0,12,0,12,0,12,0,12,0,12,0,12,2986,344,794,283,2986,344,107,92,182,75,366,119,29,32,2986,344,0,12,0,12,51,58,17,23,2857,327,0,12
"4377","060372965001","Block Group 1, Census Tract 2965, Los Angeles County, California",1077,460,0,12,0,12,0,12,0,12,0,12,0,12,0,12,0,12,82,99,29,45,0,12,0,12,0,12,0,12,0,12,0,12,0,12,40,49,0,12,0,12,0,12,0,12,0,12,0,12,1116,468,457,334,1116,468,0,12,30,46,11,18,0,12,1116,468,1,2,0,12,303,335,86,59,718,292,0,12
"4378","060372965003","Block Group 3, Census Tract 2965, Los Angeles County, California",1079,379,0,12,0,12,0,12,0,12,0,12,0,12,0,12,0,12,52,53,0,12,0,12,0,12,0,12,0,12,0,12,0,12,0,12,30,47,0,12,0,12,0,12,0,12,0,12,0,12,1119,384,72,59,1119,384,0,12,135,134,28,32,0,12,1119,384,116,145,0,12,0,12,65,56,850,321,10,18
"4379","060372965002","Block Group 2, Census Tract 2965, Los Angeles County, California",1126,315,0,12,0,12,0,12,0,12,0,12,0,12,0,12,0,12,34,28,28,43,0,12,0,12,10,16,0,12,0,12,0,12,0,12,54,84,0,12,0,12,0,12,0,12,0,12,0,12,1212,352,439,285,1212,352,0,12,28,36,125,118,0,12,1212,352,33,52,0,12,95,73,170,80,885,343,0,12
"4380","060376207022","Block Group 2, Census Tract 6207.02, Los Angeles County, California",2020,499,0,12,0,12,0,12,0,12,0,12,0,12,0,12,0,12,0,12,0,12,0,12,0,12,0,12,0,12,0,12,0,12,0,12,0,12,0,12,0,12,0,12,0,12,0,12,0,12,2039,463,89,98,2125,536,0,12,44,70,23,37,0,12,2148,535,418,260,17,28,129,158,1151,300,344,294,0,12
"4381","060376207023","Block Group 3, Census Tract 6207.02, Los Angeles County, California",1133,276,0,12,0,12,0,12,0,12,0,12,0,12,0,12,0,12,0,12,0,12,0,12,0,12,0,12,0,12,0,12,0,12,0,12,0,12,0,12,0,12,0,12,0,12,0,12,0,12,1174,290,38,58,1174,290,0,12,0,12,0,12,0,12,1174,290,249,209,0,12,0,12,779,279,101,98,0,12
"4382","060376207024","Block Group 4, Census Tract 6207.02, Los Angeles County, California",1376,273,0,12,0,12,0,12,0,12,0,12,0,12,0,12,0,12,0,12,0,12,0,12,0,12,0,12,0,12,0,12,0,12,0,12,0,12,0,12,0,12,0,12,0,12,0,12,0,12,1525,324,0,12,1525,324,0,12,0,12,0,12,0,12,1525,324,182,136,0,12,0,12,1051,323,91,100,0,12
"4383","060376207021","Block Group 1, Census Tract 6207.02, Los Angeles County, California",872,303,0,12,0,12,0,12,0,12,0,12,0,12,0,12,0,12,0,12,0,12,0,12,0,12,0,12,0,12,0,12,0,12,0,12,0,12,0,12,0,12,0,12,0,12,0,12,0,12,872,303,0,12,872,303,0,12,22,35,19,33,0,12,872,303,10,16,0,12,30,44,584,215,248,201,0,12
"4384","060376214002","Block Group 2, Census Tract 6214, Los Angeles County, California",1194,187,0,12,0,12,0,12,0,12,0,12,0,12,0,12,0,12,0,12,0,12,19,29,0,12,0,12,0,12,0,12,0,12,0,12,0,12,0,12,0,12,0,12,0,12,0,12,0,12,1306,212,48,45,1306,212,9,15,16,27,0,12,0,12,1306,212,148,69,0,12,17,19,967,220,76,57,0,12
"4385","060376214001","Block Group 1, Census Tract 6214, Los Angeles County, California",1513,223,0,12,0,12,0,12,0,12,0,12,0,12,0,12,0,12,1,3,0,12,0,12,0,12,0,12,0,12,9,13,0,12,0,12,0,12,20,33,0,12,0,12,0,12,0,12,0,12,1579,225,53,46,1579,225,0,12,35,34,0,12,0,12,1579,225,221,135,0,12,99,113,940,203,169,97,33,56
"4386","060377022024","Block Group 4, Census Tract 7022.02, Los Angeles County, California",933,172,0,12,0,12,0,12,0,12,0,12,0,12,0,12,0,12,12,19,0,12,0,12,0,12,6,9,0,12,0,12,0,12,13,19,0,12,0,12,0,12,0,12,0,12,0,12,0,12,1043,190,0,12,1043,190,9,13,0,12,16,24,0,12,1043,190,106,68,0,12,0,12,753,165,43,44,0,12
"4387","060377022023","Block Group 3, Census Tract 7022.02, Los Angeles County, California",744,211,0,12,0,12,0,12,0,12,0,12,0,12,0,12,0,12,0,12,0,12,0,12,0,12,0,12,0,12,0,12,0,12,20,29,0,12,0,12,0,12,0,12,0,12,0,12,0,12,756,221,108,114,756,221,11,18,0,12,7,13,0,12,756,221,45,50,0,12,0,12,451,135,225,123,0,12
"4388","060377022022","Block Group 2, Census Tract 7022.02, Los Angeles County, California",794,194,0,12,0,12,0,12,0,12,0,12,0,12,0,12,0,12,0,12,0,12,0,12,0,12,0,12,0,12,0,12,0,12,0,12,0,12,0,12,0,12,0,12,0,12,0,12,0,12,811,194,30,37,811,194,0,12,9,14,37,41,0,12,811,194,80,74,0,12,62,100,518,138,80,84,0,12
"4389","060377026002","Block Group 2, Census Tract 7026, Los Angeles County, California",1275,341,34,46,0,12,0,12,0,12,0,12,0,12,0,12,0,12,0,12,0,12,0,12,0,12,0,12,0,12,0,12,0,12,0,12,41,56,0,12,0,12,0,12,0,12,0,12,0,12,1310,342,16,26,1310,342,0,12,41,70,16,26,0,12,1310,342,70,72,0,12,128,198,638,216,474,295,0,12
"4390","060377026005","Block Group 5, Census Tract 7026, Los Angeles County, California",616,202,0,12,0,12,0,12,0,12,0,12,0,12,0,12,0,12,0,12,0,12,0,12,0,12,0,12,0,12,0,12,0,12,0,12,0,12,0,12,0,12,18,30,0,12,0,12,0,12,642,210,36,60,642,210,0,12,0,12,0,12,0,12,642,210,185,176,0,12,0,12,255,123,99,111,0,12
"4391","060377026004","Block Group 4, Census Tract 7026, Los Angeles County, California",1715,366,0,12,0,12,0,12,0,12,0,12,0,12,0,12,0,12,0,12,0,12,0,12,0,12,0,12,0,12,0,12,0,12,0,12,0,12,0,12,0,12,0,12,44,60,0,12,0,12,1750,372,6,6,1750,372,0,12,0,12,25,37,0,12,1750,372,518,203,0,12,86,112,687,214,210,131,0,12
"4392","060377032005","Block Group 5, Census Tract 7032, Los Angeles County, California",679,263,0,12,0,12,0,12,0,12,0,12,0,12,0,12,0,12,0,12,0,12,0,12,0,12,0,12,0,12,0,12,0,12,0,12,0,12,0,12,0,12,0,12,0,12,0,12,0,12,698,276,41,48,698,276,17,29,0,12,15,24,0,12,698,276,35,58,0,12,613,242,0,12,0,12,0,12
"4393","060372398024","Block Group 4, Census Tract 2398.02, Los Angeles County, California",936,311,0,12,0,12,0,12,0,12,0,12,0,12,0,12,0,12,43,68,65,77,0,12,0,12,0,12,0,12,0,12,0,12,0,12,0,12,0,12,0,12,0,12,0,12,0,12,0,12,1052,374,56,72,1052,374,0,12,0,12,0,12,0,12,1052,374,0,12,0,12,105,104,0,12,934,380,0,12
"4394","060372398021","Block Group 1, Census Tract 2398.02, Los Angeles County, California",1378,383,0,12,0,12,0,12,0,12,0,12,0,12,0,12,0,12,22,35,128,107,0,12,0,12,0,12,0,12,0,12,0,12,21,32,0,12,0,12,0,12,0,12,0,12,0,12,0,12,1455,426,610,424,1455,426,73,76,77,85,132,100,0,12,1455,426,26,33,0,12,714,392,15,23,685,287,0,12
"4395","060372397021","Block Group 1, Census Tract 2397.02, Los Angeles County, California",1228,334,0,12,0,12,0,12,0,12,0,12,0,12,0,12,0,12,122,82,0,12,0,12,0,12,0,12,0,12,0,12,0,12,10,16,8,12,0,12,0,12,0,12,0,12,0,12,0,12,1321,368,387,202,1321,368,16,25,8,13,118,75,10,16,1321,368,0,12,0,12,610,237,0,12,711,296,0,12
"4396","060372397023","Block Group 3, Census Tract 2397.02, Los Angeles County, California",789,358,0,12,0,12,0,12,0,12,0,12,0,12,0,12,0,12,81,64,16,25,0,12,0,12,0,12,0,12,0,12,0,12,23,37,41,44,0,12,0,12,0,12,0,12,0,12,0,12,842,370,467,252,898,396,0,12,10,15,40,52,23,37,898,396,0,12,0,12,276,184,0,12,622,353,0,12
"4397","060372397022","Block Group 2, Census Tract 2397.02, Los Angeles County, California",772,264,0,12,0,12,0,12,0,12,0,12,0,12,0,12,0,12,99,87,102,111,0,12,0,12,0,12,0,12,0,12,0,12,0,12,16,12,0,12,0,12,0,12,0,12,0,12,0,12,797,283,129,97,797,283,17,28,27,33,104,84,0,12,797,283,0,12,0,12,245,141,0,12,552,274,0,12
"4398","060372641031","Block Group 1, Census Tract 2641.03, Los Angeles County, California",2470,210,0,12,0,12,0,12,0,12,0,12,0,12,0,12,0,12,0,12,0,12,0,12,0,12,0,12,0,12,0,12,0,12,0,12,0,12,62,60,45,70,0,12,0,12,0,12,0,12,2658,247,344,136,2658,247,0,12,45,55,9,15,0,12,2658,247,197,97,0,12,12,19,2129,222,154,83,12,21
"4399","060376013021","Block Group 1, Census Tract 6013.02, Los Angeles County, California",424,301,0,12,0,12,0,12,0,12,0,12,0,12,0,12,0,12,29,44,0,12,0,12,0,12,0,12,0,12,0,12,0,12,0,12,0,12,0,12,0,12,0,12,0,12,0,12,0,12,424,301,0,12,424,301,31,47,0,12,93,90,0,12,424,301,0,12,0,12,280,188,64,75,60,90,0,12
"4400","060376013022","Block Group 2, Census Tract 6013.02, Los Angeles County, California",2208,517,0,12,0,12,0,12,0,12,0,12,0,12,0,12,0,12,37,34,0,12,0,12,0,12,0,12,0,12,0,12,0,12,0,12,0,12,0,12,0,12,0,12,0,12,0,12,0,12,2571,630,619,564,2586,627,56,74,166,170,130,104,0,12,2586,627,189,244,0,12,1429,538,288,237,585,319,2,5
"4401","060375523011","Block Group 1, Census Tract 5523.01, Los Angeles County, California",1354,358,0,12,0,12,0,12,0,12,0,12,0,12,0,12,0,12,23,41,11,18,0,12,0,12,35,36,0,12,0,12,0,12,14,22,27,46,0,12,0,12,0,12,0,12,0,12,0,12,1393,380,7,12,1393,380,45,66,27,31,140,134,0,12,1411,380,192,175,45,72,24,24,102,64,1048,362,0,12
"4402","060375523012","Block Group 2, Census Tract 5523.01, Los Angeles County, California",2080,344,15,21,0,12,0,12,0,12,0,12,0,12,0,12,0,12,20,23,27,26,71,107,0,12,25,28,0,12,0,12,0,12,29,48,19,32,0,12,14,22,49,46,0,12,0,12,0,12,2116,380,154,110,2116,380,0,12,0,12,40,36,14,22,2232,381,507,231,159,172,409,272,76,49,1064,347,0,12
"4403","060374331022","Block Group 2, Census Tract 4331.02, Los Angeles County, California",2094,503,0,12,0,12,0,12,0,12,0,12,0,12,0,12,0,12,153,144,61,63,0,12,0,12,258,137,82,66,0,12,0,12,0,12,24,28,0,12,0,12,51,44,120,82,0,12,0,12,2229,539,564,301,2229,539,23,27,96,77,220,162,29,44,2229,539,1186,383,0,12,0,12,0,12,1043,473,0,12
"4404","060378003282","Block Group 2, Census Tract 8003.28, Los Angeles County, California",1164,243,0,12,0,12,24,28,0,12,0,12,0,12,0,12,0,12,0,12,0,12,44,50,0,12,0,12,0,12,0,12,0,12,0,12,0,12,0,12,0,12,0,12,0,12,0,12,0,12,1186,240,74,75,1195,243,23,27,33,31,34,41,26,42,1195,243,192,115,0,12,0,12,911,226,83,75,0,12
"4405","060378002041","Block Group 1, Census Tract 8002.04, Los Angeles County, California",1630,312,0,12,0,12,0,12,0,12,0,12,0,12,0,12,0,12,0,12,0,12,0,12,0,12,32,35,14,25,0,12,0,12,0,12,0,12,24,36,0,12,0,12,0,12,0,12,0,12,1707,322,79,76,1707,322,91,132,26,35,43,63,0,12,1707,322,238,178,0,12,3,6,1314,299,73,72,79,126
"4406","060377022012","Block Group 2, Census Tract 7022.01, Los Angeles County, California",556,235,0,12,0,12,0,12,0,12,0,12,0,12,0,12,0,12,0,12,0,12,0,12,0,12,0,12,0,12,0,12,0,12,0,12,0,12,0,12,0,12,0,12,0,12,0,12,0,12,589,245,31,50,589,245,25,30,0,12,29,46,0,12,589,245,48,42,28,47,26,32,341,211,48,73,0,12
"4407","060377022014","Block Group 4, Census Tract 7022.01, Los Angeles County, California",809,213,0,12,0,12,0,12,0,12,0,12,0,12,0,12,0,12,0,12,0,12,13,21,0,12,0,12,0,12,0,12,0,12,13,21,0,12,0,12,0,12,0,12,0,12,0,12,0,12,871,235,116,93,871,235,0,12,13,21,41,67,0,12,871,235,49,66,0,12,9,11,565,191,123,78,0,12
"4408","060377022021","Block Group 1, Census Tract 7022.02, Los Angeles County, California",747,168,0,12,0,12,0,12,0,12,0,12,0,12,0,12,0,12,0,12,0,12,0,12,0,12,0,12,0,12,0,12,0,12,17,27,8,14,0,12,8,13,0,12,0,12,0,12,0,12,793,185,40,29,793,185,0,12,12,19,12,19,0,12,793,185,23,24,0,12,17,19,507,154,219,104,0,12
"4409","060374046002","Block Group 2, Census Tract 4046, Los Angeles County, California",474,142,0,12,0,12,0,12,0,12,0,12,0,12,0,12,0,12,41,32,10,12,0,12,0,12,0,12,0,12,0,12,0,12,2,5,16,11,0,12,0,12,0,12,0,12,0,12,0,12,499,153,45,32,503,153,3,4,8,12,31,21,0,12,503,153,0,12,0,12,0,12,0,12,503,153,0,12
"4410","060376706023","Block Group 3, Census Tract 6706.02, Los Angeles County, California",2334,411,0,12,0,12,0,12,0,12,0,12,0,12,0,12,0,12,0,12,0,12,0,12,0,12,22,36,0,12,0,12,0,12,0,12,3,7,0,12,0,12,200,172,0,12,0,12,0,12,2267,428,144,169,2465,429,0,12,10,11,15,16,0,12,2465,429,947,272,0,12,47,52,1028,285,251,182,0,12
"4411","060376704161","Block Group 1, Census Tract 6704.16, Los Angeles County, California",1573,282,0,12,0,12,0,12,0,12,0,12,0,12,0,12,0,12,0,12,0,12,0,12,0,12,5,17,0,12,0,12,0,12,1,3,0,12,0,12,0,12,0,12,0,12,0,12,0,12,1590,289,40,41,1590,289,0,12,2,4,1,3,0,12,1590,289,355,166,0,12,56,52,717,182,300,198,0,12
"4412","060376704162","Block Group 2, Census Tract 6704.16, Los Angeles County, California",2773,460,0,12,0,12,0,12,0,12,13,21,0,12,0,12,0,12,66,92,0,12,0,12,0,12,116,76,18,20,0,12,0,12,0,12,0,12,29,43,0,12,78,62,0,12,0,12,0,12,2923,505,302,189,2916,504,33,37,20,23,194,127,0,12,2923,505,1212,337,0,12,182,262,948,234,426,393,31,48
"4413","060373020041","Block Group 1, Census Tract 3020.04, Los Angeles County, California",3961,327,0,12,0,12,56,56,0,12,12,16,0,12,0,12,0,12,22,32,10,15,348,118,68,64,0,12,0,12,53,79,0,12,0,12,0,12,162,82,135,87,40,32,10,15,0,12,0,12,4135,359,854,278,4151,357,76,84,96,71,164,111,0,12,4151,357,789,194,0,12,108,73,2399,400,769,165,0,12
"4414","060373020031","Block Group 1, Census Tract 3020.03, Los Angeles County, California",3485,257,0,12,0,12,12,18,0,12,0,12,0,12,0,12,0,12,18,21,35,28,113,66,88,59,57,85,0,12,0,12,0,12,0,12,12,20,130,70,196,99,7,11,0,12,0,12,0,12,3665,289,515,201,3665,289,0,12,162,110,138,81,0,12,3665,289,653,307,9,16,30,36,2488,305,387,115,0,12
"4415","060372125021","Block Group 1, Census Tract 2125.02, Los Angeles County, California",1248,267,0,12,0,12,0,12,0,12,0,12,0,12,0,12,0,12,70,51,0,12,0,12,0,12,148,74,54,67,0,12,0,12,0,12,0,12,0,12,0,12,88,79,58,52,0,12,0,12,1258,269,272,202,1258,269,23,29,50,50,136,73,5,9,1258,269,921,184,0,12,12,28,76,62,249,218,0,12
"4416","060372349012","Block Group 2, Census Tract 2349.01, Los Angeles County, California",2172,507,25,38,0,12,0,12,0,12,0,12,0,12,0,12,0,12,156,86,39,49,0,12,0,12,0,12,0,12,0,12,0,12,0,12,0,12,0,12,0,12,0,12,0,12,0,12,0,12,2306,536,926,466,2306,536,20,32,152,101,118,62,0,12,2306,536,0,12,0,12,1073,301,9,14,1217,512,0,12
"4417","060372149011","Block Group 1, Census Tract 2149.01, Los Angeles County, California",2145,390,0,12,0,12,0,12,0,12,0,12,0,12,0,12,0,12,0,12,0,12,0,12,0,12,42,71,0,12,0,12,0,12,0,12,0,12,37,46,0,12,0,12,0,12,0,12,0,12,2192,386,419,210,2192,386,0,12,12,20,60,78,0,12,2192,386,250,159,0,12,55,69,1498,269,153,109,61,81
"4418","060372149012","Block Group 2, Census Tract 2149.01, Los Angeles County, California",1010,271,0,12,0,12,0,12,0,12,0,12,0,12,0,12,0,12,0,12,0,12,0,12,0,12,0,12,0,12,0,12,0,12,0,12,0,12,45,73,0,12,0,12,0,12,0,12,0,12,1058,292,37,48,1058,292,0,12,0,12,0,12,0,12,1058,292,123,127,0,12,7,7,714,238,186,134,0,12
"4419","060372145031","Block Group 1, Census Tract 2145.03, Los Angeles County, California",1194,238,0,12,0,12,0,12,0,12,0,12,0,12,0,12,0,12,0,12,0,12,0,12,0,12,90,82,0,12,0,12,0,12,0,12,0,12,0,12,0,12,0,12,20,29,0,12,0,12,1260,272,160,83,1260,272,51,78,62,52,18,29,0,12,1260,272,390,170,0,12,143,165,479,179,59,52,1,9
"4420","060372145032","Block Group 2, Census Tract 2145.03, Los Angeles County, California",1362,286,0,12,0,12,0,12,0,12,0,12,0,12,0,12,0,12,11,17,0,12,8,12,0,12,34,34,0,12,0,12,0,12,23,37,0,12,6,9,0,12,0,12,0,12,0,12,0,12,1435,301,57,46,1435,301,2,12,18,20,55,55,0,12,1435,301,526,243,0,12,65,99,691,212,98,68,0,12
"4421","060372145033","Block Group 3, Census Tract 2145.03, Los Angeles County, California",147,129,0,12,0,12,0,12,0,12,0,12,0,12,0,12,0,12,0,12,0,12,0,12,0,12,0,12,0,12,0,12,0,12,0,12,0,12,0,12,0,12,0,12,0,12,0,12,0,12,163,132,49,69,163,132,35,56,0,12,34,55,0,12,163,132,49,69,0,12,0,12,106,117,0,12,0,12
"4422","060372145034","Block Group 4, Census Tract 2145.03, Los Angeles County, California",532,168,0,12,0,12,0,12,0,12,0,12,0,12,0,12,0,12,0,12,0,12,0,12,0,12,29,48,0,12,0,12,0,12,0,12,0,12,0,12,0,12,0,12,0,12,0,12,0,12,564,172,101,106,564,172,0,12,0,12,24,22,0,12,564,172,129,100,0,12,76,77,278,138,15,16,0,12
"4423","060372125011","Block Group 1, Census Tract 2125.01, Los Angeles County, California",1876,175,0,12,0,12,0,12,0,12,0,12,0,12,0,12,0,12,177,70,117,63,0,12,0,12,50,35,0,12,0,12,0,12,0,12,72,50,0,12,0,12,3,6,29,30,0,12,0,12,1940,192,362,122,1940,192,35,30,158,68,209,82,12,19,1940,192,432,117,0,12,89,47,338,72,1046,208,7,11
"4424","060372121022","Block Group 2, Census Tract 2121.02, Los Angeles County, California",1359,297,0,12,0,12,0,12,0,12,0,12,0,12,0,12,0,12,55,53,47,50,0,12,0,12,41,44,10,15,20,22,0,12,28,44,0,12,0,12,0,12,0,12,57,50,0,12,0,12,1548,325,256,135,1548,325,9,15,152,100,76,58,0,12,1548,325,565,171,0,12,335,171,80,45,551,259,9,15
"4425","060372121011","Block Group 1, Census Tract 2121.01, Los Angeles County, California",1469,321,40,47,0,12,0,12,0,12,0,12,0,12,0,12,0,12,137,108,85,59,0,12,0,12,203,169,23,39,48,69,0,12,0,12,0,12,0,12,0,12,43,46,0,12,0,12,28,41,1469,321,156,86,1469,321,22,32,143,85,140,131,0,12,1469,321,684,234,0,12,150,184,222,136,388,196,0,12
"4426","060372119221","Block Group 1, Census Tract 2119.22, Los Angeles County, California",1377,251,24,40,0,12,0,12,0,12,9,14,0,12,0,12,0,12,77,65,49,57,0,12,0,12,103,58,0,12,0,12,0,12,0,12,5,27,0,12,0,12,7,12,0,12,0,12,0,12,1575,289,209,156,1575,289,13,20,302,136,135,79,10,15,1575,289,917,212,0,12,87,103,63,52,487,299,21,34
"4427","060371041241","Block Group 1, Census Tract 1041.24, Los Angeles County, California",1442,326,0,12,0,12,0,12,0,12,14,20,0,12,0,12,0,12,65,57,73,61,0,12,0,12,19,27,0,12,0,12,0,12,26,33,22,30,0,12,0,12,0,12,23,25,0,12,0,12,1633,350,264,221,1648,354,0,12,60,45,101,84,0,12,1648,354,204,172,0,12,169,126,167,121,1108,306,0,12
"4428","060372247003","Block Group 3, Census Tract 2247, Los Angeles County, California",750,160,0,12,0,12,0,12,0,12,0,12,0,12,0,12,0,12,9,16,5,11,0,12,0,12,1,4,0,12,0,12,0,12,0,12,0,12,0,12,0,12,0,12,0,12,0,12,0,12,310,110,251,107,750,160,8,10,17,23,11,17,0,12,750,160,178,75,0,12,34,32,358,115,137,69,4,7
"4429","060371864031","Block Group 1, Census Tract 1864.03, Los Angeles County, California",934,158,12,14,0,12,0,12,0,12,0,12,0,12,0,12,0,12,74,46,27,25,0,12,0,12,5,8,8,12,0,12,0,12,6,9,22,34,0,12,0,12,19,23,0,12,0,12,0,12,974,162,95,43,974,162,0,12,9,10,42,29,0,12,974,162,213,98,0,12,33,32,150,69,569,140,0,12
"4430","060371863022","Block Group 2, Census Tract 1863.02, Los Angeles County, California",1898,376,0,12,0,12,0,12,0,12,0,12,0,12,0,12,0,12,65,72,61,93,0,12,0,12,0,12,0,12,0,12,0,12,69,57,16,29,0,12,0,12,0,12,16,25,0,12,0,12,2082,444,215,112,2093,444,0,12,59,58,72,62,0,12,2093,444,395,135,0,12,0,12,545,169,1003,373,0,12
"4431","060371863023","Block Group 3, Census Tract 1863.02, Los Angeles County, California",1495,324,0,12,0,12,0,12,0,12,0,12,0,12,0,12,0,12,96,70,0,12,0,12,0,12,0,12,0,12,0,12,0,12,3,7,4,9,0,12,0,12,0,12,0,12,0,12,0,12,1549,330,206,207,1549,330,45,90,84,63,114,76,13,21,1549,330,32,24,0,12,25,28,288,90,1195,341,0,12
"4432","060371862031","Block Group 1, Census Tract 1862.03, Los Angeles County, California",1809,323,0,12,0,12,0,12,0,12,0,12,0,12,0,12,0,12,26,25,0,12,0,12,0,12,27,37,0,12,0,12,0,12,0,12,0,12,16,24,0,12,0,12,0,12,0,12,0,12,1909,333,62,68,1909,333,0,12,25,33,0,12,0,12,1909,333,317,153,0,12,19,23,860,140,572,296,0,12
"4433","060371862032","Block Group 2, Census Tract 1862.03, Los Angeles County, California",1393,545,0,12,0,12,0,12,0,12,0,12,0,12,0,12,0,12,208,263,0,12,0,12,0,12,0,12,0,12,0,12,0,12,22,33,0,12,0,12,0,12,36,38,0,12,0,12,0,12,1507,609,101,109,1507,609,0,12,0,12,208,253,0,12,1507,609,155,128,0,12,11,18,246,114,997,560,0,12
"4434","060371862022","Block Group 2, Census Tract 1862.02, Los Angeles County, California",1179,208,0,12,0,12,0,12,0,12,0,12,0,12,0,12,0,12,28,22,0,12,24,25,0,12,21,20,0,12,0,12,0,12,9,14,0,12,0,12,0,12,0,12,0,12,0,12,0,12,1243,238,112,77,1243,238,47,66,39,34,14,14,0,12,1243,238,432,146,0,12,21,32,150,76,612,227,0,12
"4435","060375411003","Block Group 3, Census Tract 5411, Los Angeles County, California",918,265,0,12,0,12,0,12,0,12,0,12,0,12,0,12,0,12,83,64,61,93,0,12,0,12,0,12,0,12,0,12,0,12,20,24,0,12,0,12,0,12,0,12,0,12,0,12,0,12,943,277,410,240,972,277,8,12,15,15,55,39,0,12,972,277,29,29,0,12,375,124,7,12,498,255,0,12
"4436","060375411001","Block Group 1, Census Tract 5411, Los Angeles County, California",1013,254,9,13,0,12,0,12,0,12,0,12,0,12,0,12,0,12,44,38,7,10,0,12,0,12,0,12,0,12,0,12,0,12,49,42,28,36,0,12,0,12,0,12,0,12,0,12,0,12,1123,303,186,155,1123,303,46,70,8,12,17,19,0,12,1123,303,4,7,0,12,290,148,0,12,829,305,0,12
"4437","060375428003","Block Group 3, Census Tract 5428, Los Angeles County, California",682,271,0,12,0,12,0,12,0,12,0,12,0,12,0,12,0,12,47,33,42,49,0,12,0,12,0,12,0,12,0,12,0,12,0,12,0,12,0,12,0,12,0,12,0,12,0,12,0,12,795,317,250,256,795,317,0,12,47,70,28,37,7,11,795,317,0,12,0,12,261,126,0,12,534,290,0,12
"4438","060375428001","Block Group 1, Census Tract 5428, Los Angeles County, California",1170,276,0,12,0,12,0,12,0,12,0,12,0,12,0,12,0,12,18,21,0,12,0,12,0,12,0,12,0,12,0,12,0,12,21,32,7,11,0,12,0,12,0,12,0,12,0,12,0,12,1187,281,333,160,1187,281,6,10,17,17,41,25,0,12,1187,281,0,12,0,12,692,188,72,71,370,192,0,12
"4439","060375776022","Block Group 2, Census Tract 5776.02, Los Angeles County, California",1677,200,0,12,0,12,0,12,0,12,0,12,0,12,0,12,0,12,0,12,0,12,0,12,0,12,5,11,0,12,0,12,0,12,0,12,0,12,0,12,0,12,0,12,0,12,0,12,0,12,1768,203,74,42,1768,203,0,12,0,12,14,20,0,12,1768,203,137,92,0,12,19,30,1309,213,251,128,0,12
"4440","060379108111","Block Group 1, Census Tract 9108.11, Los Angeles County, California",179,118,0,12,0,12,0,12,0,12,0,12,0,12,0,12,0,12,3,5,2,5,0,12,0,12,0,12,0,12,0,12,0,12,0,12,0,12,0,12,0,12,0,12,0,12,0,12,0,12,129,92,0,12,129,92,0,12,0,12,0,12,0,12,179,118,0,12,0,12,16,11,129,95,28,33,0,12
"4441","060379100012","Block Group 2, Census Tract 9100.01, Los Angeles County, California",1844,527,0,12,0,12,0,12,0,12,0,12,0,12,0,12,0,12,221,133,165,102,0,12,0,12,0,12,0,12,0,12,0,12,51,48,0,12,0,12,0,12,0,12,0,12,0,12,0,12,2008,586,742,466,2008,586,0,12,50,53,90,93,0,12,2008,586,0,12,0,12,52,59,543,299,1413,591,0,12
"4442","060379100011","Block Group 1, Census Tract 9100.01, Los Angeles County, California",1204,338,0,12,0,12,0,12,0,12,0,12,0,12,0,12,0,12,69,57,0,12,0,12,0,12,0,12,25,41,0,12,0,12,0,12,2,4,0,12,0,12,0,12,0,12,0,12,0,12,1316,381,530,379,1316,381,0,12,33,40,13,19,2,4,1316,381,142,154,0,12,196,171,216,115,691,346,33,33
"4443","060376212041","Block Group 1, Census Tract 6212.04, Los Angeles County, California",2588,220,0,12,0,12,0,12,0,12,0,12,0,12,0,12,0,12,0,12,0,12,0,12,0,12,79,54,0,12,0,12,0,12,0,12,0,12,20,22,0,12,0,12,0,12,0,12,0,12,2671,240,170,95,2651,244,0,12,20,21,24,26,0,12,2671,240,423,132,1,2,159,83,1699,237,274,140,0,12
"4444","060371255011","Block Group 1, Census Tract 1255.01, Los Angeles County, California",1775,259,0,12,0,12,0,12,0,12,0,12,0,12,0,12,0,12,0,12,0,12,42,44,50,65,0,12,0,12,0,12,0,12,12,20,0,12,0,12,0,12,0,12,0,12,0,12,0,12,1825,271,419,152,1825,271,0,12,27,29,53,38,0,12,1825,271,178,120,0,12,244,207,1001,196,342,128,0,12
"4445","060371254021","Block Group 1, Census Tract 1254.02, Los Angeles County, California",1406,230,0,12,0,12,0,12,0,12,0,12,0,12,0,12,0,12,0,12,0,12,43,49,0,12,14,22,0,12,0,12,0,12,0,12,0,12,0,12,0,12,0,12,0,12,0,12,0,12,1448,233,122,68,1448,233,19,31,94,82,43,40,0,12,1448,233,81,95,0,12,132,85,1005,202,177,169,0,12
"4446","060371254022","Block Group 2, Census Tract 1254.02, Los Angeles County, California",968,293,0,12,0,12,0,12,0,12,0,12,0,12,0,12,0,12,52,86,0,12,53,83,0,12,0,12,0,12,10,15,0,12,0,12,0,12,51,82,0,12,0,12,0,12,0,12,0,12,1050,346,148,188,1050,346,23,35,41,53,107,99,0,12,1050,346,41,32,0,12,77,77,673,309,235,203,0,12
"4447","060371239012","Block Group 2, Census Tract 1239.01, Los Angeles County, California",447,169,0,12,0,12,0,12,0,12,0,12,0,12,0,12,0,12,0,12,0,12,0,12,0,12,0,12,0,12,0,12,0,12,0,12,0,12,0,12,0,12,0,12,0,12,0,12,0,12,557,264,47,62,557,264,0,12,0,12,18,26,0,12,557,264,49,60,145,211,0,12,248,119,108,68,0,12
"4448","060371239013","Block Group 3, Census Tract 1239.01, Los Angeles County, California",824,289,0,12,0,12,0,12,0,12,0,12,0,12,0,12,0,12,0,12,0,12,29,36,23,35,0,12,0,12,0,12,0,12,0,12,0,12,0,12,28,36,0,12,0,12,0,12,0,12,822,289,52,44,824,289,0,12,15,23,47,45,0,12,824,289,176,135,0,12,25,30,545,230,62,64,0,12
"4449","060371218022","Block Group 2, Census Tract 1218.02, Los Angeles County, California",1186,226,13,19,0,12,0,12,0,12,0,12,0,12,0,12,0,12,43,33,36,32,5,8,0,12,37,37,0,12,0,12,0,12,23,20,0,12,0,12,0,12,13,13,0,12,0,12,0,12,1295,255,59,49,1295,255,0,12,26,42,37,48,6,9,1295,255,73,58,0,12,15,24,499,149,696,240,0,12
"4450","060371242013","Block Group 3, Census Tract 1242.01, Los Angeles County, California",909,377,0,12,0,12,0,12,0,12,0,12,0,12,0,12,0,12,0,12,48,77,0,12,32,52,0,12,0,12,0,12,0,12,0,12,0,12,0,12,66,105,0,12,0,12,0,12,0,12,998,431,143,100,998,431,0,12,69,57,39,57,0,12,998,431,10,17,0,12,0,12,277,145,711,418,0,12
"4451","060374037212","Block Group 2, Census Tract 4037.21, Los Angeles County, California",1660,304,0,12,0,12,0,12,0,12,6,10,0,12,0,12,0,12,18,20,0,12,0,12,0,12,54,78,0,12,7,15,0,12,32,30,94,86,0,12,0,12,4,9,0,12,0,12,0,12,1788,355,103,78,1788,355,0,12,0,12,16,19,14,27,1788,355,295,120,0,12,0,12,535,230,863,265,15,22
"4452","060371201081","Block Group 1, Census Tract 1201.08, Los Angeles County, California",1984,342,18,29,0,12,0,12,0,12,0,12,0,12,0,12,0,12,396,168,40,41,21,24,0,12,10,16,0,12,0,12,0,12,18,24,0,12,46,37,12,20,5,12,0,12,0,12,0,12,2093,377,613,361,2139,393,17,27,178,137,174,110,10,15,2139,393,87,82,0,12,72,110,320,133,1655,405,0,12
"4453","060374816052","Block Group 2, Census Tract 4816.05, Los Angeles County, California",1019,200,0,12,0,12,0,12,0,12,0,12,0,12,0,12,0,12,27,30,0,12,0,12,0,12,51,44,118,99,0,12,0,12,0,12,0,12,14,24,0,12,58,47,103,84,0,12,0,12,1047,216,90,85,1047,216,7,11,0,12,0,12,0,12,1047,216,692,186,7,12,0,12,54,51,285,169,9,15
"4454","060374816053","Block Group 3, Census Tract 4816.05, Los Angeles County, California",880,213,0,12,0,12,0,12,0,12,0,12,0,12,0,12,0,12,34,53,0,12,0,12,0,12,80,58,25,28,0,12,0,12,0,12,0,12,0,12,0,12,14,17,32,33,0,12,0,12,923,223,113,104,923,223,10,15,0,12,7,11,0,12,923,223,556,212,0,12,0,12,42,36,308,141,0,12
"4455","060379800131","Block Group 1, Census Tract 9800.13, Los Angeles County, California",0,12,0,12,0,12,0,12,0,12,0,12,0,12,0,12,0,12,0,12,0,12,0,12,0,12,0,12,0,12,0,12,0,12,0,12,0,12,0,12,0,12,0,12,0,12,0,12,0,12,0,12,0,12,0,12,0,12,0,12,0,12,0,12,0,12,0,12,0,12,0,12,0,12,0,12,0,12
"4456","060379800101","Block Group 1, Census Tract 9800.10, Los Angeles County, California",91,26,0,12,0,12,0,12,0,12,0,12,0,12,0,12,0,12,0,12,0,12,0,12,0,12,6,8,0,12,0,12,0,12,5,7,4,6,0,12,0,12,12,12,0,12,0,12,0,12,95,27,36,20,95,27,0,12,0,12,0,12,0,12,95,27,37,24,0,12,1,2,24,15,33,18,0,12
"4457","060376701004","Block Group 4, Census Tract 6701, Los Angeles County, California",926,464,0,12,0,12,0,12,0,12,0,12,0,12,0,12,0,12,118,172,0,12,0,12,0,12,0,12,0,12,0,12,0,12,40,66,0,12,0,12,0,12,0,12,0,12,0,12,0,12,1029,493,85,94,1029,493,0,12,121,115,13,21,0,12,1029,493,80,79,0,12,0,12,312,197,492,403,0,12
"4458","060374605013","Block Group 3, Census Tract 4605.01, Los Angeles County, California",2558,318,0,12,0,12,0,12,0,12,0,12,0,12,0,12,0,12,12,18,0,12,0,12,0,12,19,22,0,12,0,12,0,12,0,12,0,12,0,12,0,12,13,17,22,34,0,12,0,12,2741,321,130,181,2741,321,20,32,28,44,27,43,0,12,2741,321,817,276,0,12,0,12,1584,253,135,75,0,12
"4459","060375315022","Block Group 2, Census Tract 5315.02, Los Angeles County, California",636,294,0,12,0,12,0,12,0,12,0,12,0,12,0,12,0,12,130,92,8,16,0,12,0,12,0,12,0,12,0,12,0,12,32,30,13,17,0,12,0,12,0,12,0,12,0,12,0,12,636,294,64,96,636,294,0,12,10,14,22,36,0,12,636,294,0,12,0,12,0,12,3,6,633,293,0,12
"4460","060371864042","Block Group 2, Census Tract 1864.04, Los Angeles County, California",762,185,0,12,0,12,0,12,0,12,0,12,0,12,0,12,0,12,75,51,0,12,0,12,0,12,0,12,0,12,0,12,0,12,0,12,0,12,6,10,0,12,0,12,0,12,0,12,0,12,822,196,81,78,822,196,0,12,0,12,43,28,0,12,822,196,227,108,0,12,0,12,87,36,508,171,0,12
"4461","060371864041","Block Group 1, Census Tract 1864.04, Los Angeles County, California",1686,261,10,16,0,12,0,12,0,12,0,12,0,12,0,12,0,12,167,87,45,43,0,12,0,12,15,20,0,12,0,12,0,12,32,33,12,20,0,12,0,12,51,40,30,41,0,12,0,12,1809,269,291,132,1809,269,7,11,85,64,105,65,0,12,1809,269,270,124,0,12,14,22,214,117,1311,277,0,12
"4462","060371349041","Block Group 1, Census Tract 1349.04, Los Angeles County, California",2699,386,0,12,0,12,0,12,0,12,13,21,0,12,0,12,0,12,215,128,62,57,21,25,41,50,14,22,0,12,0,12,0,12,6,19,14,19,6,9,0,12,0,12,0,12,0,12,0,12,2753,389,563,231,2753,389,0,12,53,65,291,134,2,16,2753,389,218,142,0,12,226,146,765,231,1503,401,0,12
"4463","060371349042","Block Group 2, Census Tract 1349.04, Los Angeles County, California",1216,319,0,12,0,12,0,12,0,12,0,12,0,12,0,12,0,12,9,15,33,33,0,12,0,12,0,12,1,2,0,12,0,12,1,2,0,12,0,12,0,12,2,10,0,12,0,12,0,12,1279,347,76,54,1279,347,0,12,34,43,27,36,9,16,1290,347,61,64,0,12,5,3,504,207,708,308,11,18
"4464","060374013121","Block Group 1, Census Tract 4013.12, Los Angeles County, California",3069,465,0,12,0,12,0,12,0,12,0,12,0,12,0,12,0,12,0,12,0,12,0,12,0,12,65,89,65,88,0,12,0,12,15,26,0,12,0,12,0,12,0,12,0,12,0,12,0,12,3267,520,124,79,3267,520,0,12,60,59,150,127,0,12,3267,520,445,361,0,12,83,93,1440,370,1225,309,0,12
"4465","060374013122","Block Group 2, Census Tract 4013.12, Los Angeles County, California",2042,446,0,12,0,12,0,12,0,12,0,12,0,12,0,12,0,12,0,12,0,12,0,12,0,12,0,12,0,12,0,12,0,12,38,44,20,33,0,12,0,12,0,12,0,12,0,12,0,12,1757,453,149,114,2081,449,13,22,56,51,36,41,0,12,2134,458,207,124,5,9,41,36,1003,269,769,331,0,12
"4466","060375514012","Block Group 2, Census Tract 5514.01, Los Angeles County, California",2137,547,0,12,0,12,0,12,0,12,0,12,0,12,0,12,0,12,82,84,94,93,0,12,0,12,0,12,0,12,0,12,0,12,8,13,10,16,0,12,0,12,0,12,21,27,0,12,0,12,2176,531,91,100,2207,566,0,12,127,101,142,96,10,16,2207,566,118,110,0,12,152,158,314,155,1598,521,25,40
"4467","060375511023","Block Group 3, Census Tract 5511.02, Los Angeles County, California",1910,421,0,12,0,12,0,12,0,12,0,12,0,12,0,12,0,12,64,71,55,82,0,12,0,12,21,31,0,12,0,12,0,12,29,30,58,92,15,25,0,12,0,12,0,12,0,12,0,12,2008,434,246,186,2008,434,161,139,216,133,114,74,0,12,2008,434,208,178,0,12,132,111,92,59,1565,437,0,12
"4468","060375511021","Block Group 1, Census Tract 5511.02, Los Angeles County, California",1197,311,0,12,0,12,0,12,0,12,0,12,0,12,0,12,0,12,32,40,0,12,0,12,0,12,0,12,0,12,0,12,0,12,22,36,12,19,0,12,0,12,0,12,0,12,0,12,0,12,1315,332,70,77,1315,332,0,12,125,102,40,48,0,12,1315,332,67,82,0,12,47,73,66,46,1120,352,0,12
"4469","060376025083","Block Group 3, Census Tract 6025.08, Los Angeles County, California",1043,433,0,12,0,12,0,12,0,12,0,12,0,12,0,12,0,12,32,41,77,70,0,12,0,12,0,12,0,12,0,12,0,12,0,12,0,12,0,12,0,12,0,12,0,12,0,12,0,12,1121,468,154,164,1121,468,0,12,74,71,33,41,0,12,1121,468,0,12,0,12,163,227,62,81,876,453,0,12
"4470","060376003041","Block Group 1, Census Tract 6003.04, Los Angeles County, California",1533,289,0,12,0,12,0,12,0,12,0,12,0,12,0,12,0,12,148,65,23,27,0,12,0,12,0,12,0,12,0,12,0,12,16,24,5,10,0,12,0,12,0,12,0,12,0,12,0,12,1655,306,466,214,1655,306,5,10,113,87,78,67,16,24,1655,306,0,12,0,12,529,205,5,7,1102,290,0,12
"4471","060376003042","Block Group 2, Census Tract 6003.04, Los Angeles County, California",1094,253,0,12,0,12,0,12,0,12,0,12,0,12,0,12,0,12,92,66,29,33,0,12,0,12,0,12,0,12,0,12,0,12,0,12,36,49,0,12,0,12,0,12,0,12,0,12,0,12,1180,276,251,174,1180,276,9,13,36,37,9,13,0,12,1180,276,44,67,0,12,163,107,0,12,951,261,22,32
"4472","060378003271","Block Group 1, Census Tract 8003.27, Los Angeles County, California",2435,434,0,12,0,12,0,12,0,12,0,12,0,12,0,12,0,12,52,29,0,12,0,12,0,12,61,66,0,12,0,12,0,12,0,12,0,12,0,12,0,12,0,12,0,12,0,12,0,12,2535,496,43,41,2535,496,0,12,0,12,96,62,0,12,2601,498,362,254,0,12,132,159,1715,368,201,121,0,12
"4473","060378003273","Block Group 3, Census Tract 8003.27, Los Angeles County, California",2141,439,0,12,0,12,0,12,0,12,0,12,0,12,0,12,0,12,125,163,44,68,0,12,0,12,0,12,0,12,0,12,0,12,0,12,0,12,0,12,0,12,0,12,0,12,0,12,0,12,2141,439,97,80,2141,439,30,45,25,36,95,102,0,12,2141,439,123,113,0,12,8,14,1537,376,446,374,0,12
"4474","060377021021","Block Group 1, Census Tract 7021.02, Los Angeles County, California",1167,224,0,12,0,12,0,12,0,12,0,12,0,12,0,12,0,12,0,12,0,12,0,12,0,12,0,12,0,12,0,12,0,12,0,12,0,12,13,23,0,12,22,33,0,12,0,12,0,12,1186,226,276,122,1186,226,0,12,0,12,15,24,0,12,1186,226,175,85,0,12,25,35,823,193,41,43,0,12
"4475","060377021022","Block Group 2, Census Tract 7021.02, Los Angeles County, California",575,169,0,12,0,12,0,12,0,12,0,12,0,12,0,12,0,12,0,12,0,12,0,12,0,12,0,12,0,12,0,12,0,12,0,12,0,12,0,12,0,12,0,12,0,12,0,12,0,12,664,197,32,36,685,205,0,12,0,12,0,12,0,12,685,205,29,26,0,12,29,34,567,208,0,12,0,12
"4476","060377021023","Block Group 3, Census Tract 7021.02, Los Angeles County, California",772,247,0,12,0,12,0,12,0,12,0,12,0,12,0,12,0,12,0,12,0,12,0,12,0,12,14,22,0,12,0,12,0,12,0,12,0,12,0,12,0,12,0,12,0,12,0,12,0,12,833,283,119,152,833,283,0,12,0,12,28,38,0,12,833,283,39,45,0,12,71,115,533,185,72,64,26,40
"4477","060377021025","Block Group 5, Census Tract 7021.02, Los Angeles County, California",400,134,0,12,0,12,0,12,0,12,0,12,0,12,0,12,0,12,10,18,0,12,0,12,0,12,0,12,0,12,0,12,0,12,0,12,0,12,0,12,0,12,0,12,0,12,0,12,0,12,422,151,29,37,422,151,0,12,0,12,0,12,0,12,422,151,0,12,0,12,0,12,406,149,0,12,0,12
"4478","060377021026","Block Group 6, Census Tract 7021.02, Los Angeles County, California",706,270,0,12,0,12,0,12,0,12,0,12,0,12,0,12,0,12,0,12,0,12,0,12,0,12,0,12,0,12,0,12,0,12,0,12,0,12,0,12,0,12,0,12,0,12,0,12,0,12,706,270,71,66,706,270,0,12,0,12,16,28,0,12,706,270,0,12,0,12,0,12,410,148,205,177,0,12
"4479","060377020021","Block Group 1, Census Tract 7020.02, Los Angeles County, California",1198,244,0,12,0,12,0,12,0,12,0,12,0,12,0,12,0,12,0,12,0,12,0,12,0,12,0,12,0,12,0,12,0,12,0,12,0,12,0,12,0,12,0,12,0,12,0,12,0,12,1246,271,111,83,1246,271,0,12,0,12,23,36,0,12,1246,271,94,73,0,12,0,12,1010,265,114,87,0,12
"4480","060377020022","Block Group 2, Census Tract 7020.02, Los Angeles County, California",1496,381,0,12,0,12,0,12,0,12,0,12,0,12,0,12,0,12,64,90,0,12,17,28,0,12,0,12,0,12,0,12,0,12,0,12,0,12,0,12,0,12,0,12,0,12,0,12,0,12,1578,414,95,97,1590,412,0,12,31,31,49,52,0,12,1590,412,96,101,0,12,57,70,1029,330,296,226,0,12
"4481","060376513043","Block Group 3, Census Tract 6513.04, Los Angeles County, California",1489,245,0,12,0,12,0,12,0,12,0,12,0,12,0,12,0,12,0,12,0,12,0,12,0,12,0,12,0,12,0,12,0,12,0,12,0,12,0,12,0,12,0,12,0,12,0,12,0,12,1543,265,35,42,1543,265,0,12,0,12,69,56,0,12,1543,265,102,129,0,12,82,92,940,266,226,126,0,12
"4482","060376513044","Block Group 4, Census Tract 6513.04, Los Angeles County, California",736,312,0,12,0,12,0,12,0,12,0,12,0,12,0,12,0,12,0,12,0,12,21,34,0,12,0,12,0,12,0,12,0,12,0,12,0,12,0,12,0,12,0,12,0,12,0,12,0,12,826,333,53,64,826,333,0,12,0,12,0,12,0,12,826,333,0,12,0,12,20,31,806,331,0,12,0,12
"4483","060376513045","Block Group 5, Census Tract 6513.04, Los Angeles County, California",821,219,0,12,0,12,0,12,17,28,0,12,0,12,0,12,0,12,0,12,0,12,12,21,0,12,0,12,0,12,0,12,0,12,0,12,0,12,0,12,0,12,0,12,0,12,0,12,0,12,857,233,30,50,857,233,0,12,0,12,0,12,0,12,857,233,48,46,0,12,42,68,507,164,137,91,0,12
"4484","060375520022","Block Group 2, Census Tract 5520.02, Los Angeles County, California",454,154,0,12,0,12,0,12,0,12,0,12,0,12,0,12,0,12,38,34,5,9,0,12,0,12,10,14,0,12,0,12,0,12,10,13,0,12,0,12,0,12,0,12,0,12,0,12,0,12,482,163,69,60,512,180,0,12,0,12,26,22,0,12,512,180,72,59,0,12,22,31,16,15,402,152,0,12
"4485","060375520021","Block Group 1, Census Tract 5520.02, Los Angeles County, California",1961,235,0,12,0,12,0,12,0,12,0,12,0,12,0,12,0,12,54,39,22,26,0,12,0,12,36,50,13,21,0,12,0,12,41,28,12,14,0,12,0,12,25,23,8,11,0,12,0,12,1976,247,295,144,1986,248,0,12,74,49,56,39,0,12,2079,249,482,159,14,16,283,135,231,96,1048,205,0,12
"4486","060375520023","Block Group 3, Census Tract 5520.02, Los Angeles County, California",763,167,0,12,0,12,0,12,0,12,0,12,0,12,0,12,0,12,51,37,9,13,0,12,0,12,5,8,0,12,0,12,0,12,20,22,0,12,0,12,0,12,0,12,7,11,0,12,0,12,811,190,64,62,818,193,0,12,15,16,0,12,0,12,818,193,132,92,0,12,0,12,18,25,658,187,0,12
"4487","060375520013","Block Group 3, Census Tract 5520.01, Los Angeles County, California",892,227,0,12,0,12,0,12,0,12,0,12,0,12,0,12,0,12,24,23,14,13,0,12,0,12,10,24,0,12,0,12,0,12,27,20,14,23,0,12,0,12,0,12,0,12,0,12,0,12,914,233,14,24,914,233,9,14,48,40,35,40,10,14,914,233,98,58,0,12,34,44,64,45,700,220,8,12
"4488","060375520011","Block Group 1, Census Tract 5520.01, Los Angeles County, California",1687,230,0,12,14,21,0,12,0,12,0,12,0,12,0,12,0,12,81,48,9,11,0,12,0,12,6,9,0,12,0,12,0,12,13,12,0,12,0,12,0,12,0,12,0,12,0,12,0,12,1817,244,147,91,1823,246,25,41,53,53,82,56,0,12,1823,246,166,84,0,12,159,132,101,60,1380,240,0,12
"4489","060375520012","Block Group 2, Census Tract 5520.01, Los Angeles County, California",1365,230,0,12,0,12,0,12,0,12,0,12,0,12,0,12,0,12,60,37,0,12,0,12,0,12,26,29,0,12,0,12,0,12,16,12,20,25,0,12,0,12,7,11,3,6,0,12,0,12,1364,242,63,67,1370,243,19,29,28,26,83,47,0,12,1451,246,233,122,0,12,76,68,155,79,943,214,5,8
"4490","060375020031","Block Group 1, Census Tract 5020.03, Los Angeles County, California",1235,199,2,5,0,12,0,12,0,12,0,12,0,12,0,12,0,12,39,25,18,18,0,12,0,12,0,12,0,12,0,12,0,12,28,33,3,6,0,12,0,12,0,12,0,12,0,12,0,12,1275,202,79,72,1275,202,10,15,23,31,51,41,0,12,1275,202,31,48,0,12,0,12,194,107,1029,199,0,12
"4491","060375020032","Block Group 2, Census Tract 5020.03, Los Angeles County, California",1261,263,0,12,0,12,4,6,0,12,0,12,0,12,0,12,0,12,45,27,81,65,0,12,0,12,0,12,0,12,0,12,0,12,24,20,42,30,0,12,0,12,0,12,0,12,0,12,0,12,1359,275,311,192,1359,275,30,32,64,60,109,79,0,12,1359,275,4,6,0,12,16,20,113,64,1157,263,0,12
"4492","060375018041","Block Group 1, Census Tract 5018.04, Los Angeles County, California",1425,173,8,13,0,12,0,12,0,12,0,12,0,12,0,12,0,12,70,58,37,40,0,12,0,12,0,12,0,12,0,12,0,12,37,30,0,12,0,12,0,12,0,12,0,12,0,12,0,12,1623,224,299,155,1623,224,40,42,64,34,77,59,0,12,1663,221,13,12,0,12,24,27,237,96,1358,222,0,12
"4493","060375018042","Block Group 2, Census Tract 5018.04, Los Angeles County, California",472,148,0,12,0,12,0,12,0,12,0,12,0,12,0,12,0,12,20,23,0,12,0,12,0,12,0,12,0,12,0,12,0,12,0,12,0,12,0,12,0,12,0,12,0,12,0,12,0,12,512,158,118,97,512,158,0,12,12,9,21,23,0,12,512,158,56,70,0,12,10,16,58,33,388,150,0,12
"4494","060375018031","Block Group 1, Census Tract 5018.03, Los Angeles County, California",2332,389,0,12,0,12,0,12,0,12,0,12,0,12,0,12,0,12,157,76,61,46,0,12,0,12,0,12,0,12,0,12,0,12,20,34,0,12,0,12,0,12,5,11,5,11,0,12,0,12,2339,405,432,246,2339,405,56,83,78,59,136,94,0,12,2435,401,22,25,0,12,5,11,213,115,2093,404,17,26
"4495","060375018032","Block Group 2, Census Tract 5018.03, Los Angeles County, California",1777,342,0,12,0,12,0,12,0,12,0,12,0,12,0,12,0,12,74,51,0,12,0,12,0,12,0,12,0,12,0,12,0,12,37,44,20,25,0,12,0,12,0,12,0,12,0,12,0,12,1992,373,412,201,1992,373,46,54,150,89,102,66,0,12,1992,373,23,40,0,12,17,20,151,95,1772,393,0,12
"4496","060371082011","Block Group 1, Census Tract 1082.01, Los Angeles County, California",2422,337,0,12,0,12,0,12,0,12,0,12,0,12,0,12,0,12,12,19,0,12,0,12,0,12,19,29,0,12,40,63,0,12,0,12,0,12,18,27,0,12,63,40,0,12,0,12,0,12,2565,413,47,65,2565,413,0,12,21,33,49,55,0,12,2565,413,1103,369,0,12,191,163,871,275,203,121,0,12
"4497","060371048221","Block Group 1, Census Tract 1048.22, Los Angeles County, California",2648,299,43,33,13,20,6,9,0,12,0,12,0,12,0,12,0,12,281,72,190,91,13,20,0,12,4,6,0,12,0,12,0,12,100,49,38,31,0,12,0,12,7,10,0,12,0,12,0,12,2829,340,563,254,2839,341,48,34,76,41,335,132,0,12,2839,341,142,115,0,12,35,40,68,47,2573,368,0,12
"4498","060371044032","Block Group 2, Census Tract 1044.03, Los Angeles County, California",1228,365,0,12,0,12,0,12,0,12,0,12,0,12,0,12,0,12,66,42,125,87,0,12,0,12,0,12,0,12,0,12,0,12,89,68,56,34,0,12,0,12,0,12,0,12,0,12,0,12,1294,397,152,129,1294,397,67,84,58,59,40,46,0,12,1294,397,0,12,0,12,0,12,0,12,1294,397,0,12
"4499","060372780011","Block Group 1, Census Tract 2780.01, Los Angeles County, California",818,207,0,12,0,12,0,12,0,12,0,12,0,12,0,12,0,12,0,12,0,12,0,12,0,12,0,12,0,12,0,12,0,12,5,8,0,12,0,12,0,12,0,12,0,12,0,12,0,12,873,222,68,80,873,222,10,16,20,23,12,12,0,12,873,222,112,103,0,12,27,24,416,146,270,155,0,12
"4500","060372780012","Block Group 2, Census Tract 2780.01, Los Angeles County, California",1524,305,0,12,0,12,0,12,0,12,0,12,0,12,0,12,0,12,0,12,0,12,9,14,0,12,0,12,0,12,0,12,0,12,0,12,0,12,0,12,0,12,0,12,0,12,0,12,0,12,1635,337,214,199,1635,337,0,12,0,12,40,36,0,12,1635,337,192,82,57,79,79,72,747,202,476,219,0,12
"4501","060374037213","Block Group 3, Census Tract 4037.21, Los Angeles County, California",837,249,0,12,0,12,0,12,0,12,0,12,0,12,0,12,0,12,0,12,0,12,0,12,0,12,5,16,0,12,0,12,0,12,0,12,0,12,0,12,0,12,0,12,6,10,0,12,0,12,849,253,81,105,849,253,0,12,33,52,26,33,0,12,849,253,146,123,0,12,0,12,334,148,337,200,0,12
"4502","060372774002","Block Group 2, Census Tract 2774, Los Angeles County, California",209,101,0,12,0,12,0,12,0,12,0,12,0,12,0,12,0,12,0,12,0,12,0,12,0,12,0,12,0,12,0,12,0,12,0,12,0,12,0,12,0,12,0,12,0,12,0,12,0,12,220,106,49,48,220,106,0,12,2,5,0,12,0,12,220,106,30,43,0,12,46,48,0,12,135,90,0,12
"4503","060371190011","Block Group 1, Census Tract 1190.01, Los Angeles County, California",1808,299,0,12,0,12,0,12,0,12,0,12,0,12,0,12,0,12,97,64,22,25,0,12,0,12,45,46,12,15,0,12,0,12,37,24,0,12,5,7,0,12,0,12,4,7,0,12,0,12,1926,324,202,142,1921,324,118,112,119,59,163,80,25,24,1926,324,328,133,0,12,14,16,343,94,1235,293,2,4
"4504","060371190013","Block Group 3, Census Tract 1190.01, Los Angeles County, California",1353,349,0,12,0,12,0,12,0,12,0,12,0,12,0,12,0,12,111,66,66,59,0,12,0,12,0,12,0,12,0,12,0,12,21,23,0,12,0,12,0,12,0,12,0,12,0,12,0,12,1406,368,184,126,1406,368,58,52,30,36,56,36,8,12,1406,368,91,80,0,12,0,12,47,37,1245,390,23,43
"4505","060371172022","Block Group 2, Census Tract 1172.02, Los Angeles County, California",848,231,0,12,0,12,0,12,0,12,0,12,0,12,0,12,0,12,63,47,0,12,0,12,0,12,0,12,9,14,0,12,0,12,0,12,0,12,0,12,6,9,0,12,9,14,0,12,0,12,930,241,43,30,930,241,58,38,45,49,44,43,6,9,930,241,296,114,0,12,32,29,258,110,271,166,0,12
"4506","060371154041","Block Group 1, Census Tract 1154.04, Los Angeles County, California",1099,253,0,12,0,12,0,12,0,12,0,12,0,12,0,12,0,12,0,12,33,49,23,29,0,12,5,7,0,12,0,12,0,12,8,13,0,12,40,38,0,12,0,12,0,12,0,12,0,12,1127,251,253,144,1131,249,0,12,47,46,81,64,0,12,1131,249,221,119,35,57,75,67,298,123,467,187,0,12
"4507","060371131021","Block Group 1, Census Tract 1131.02, Los Angeles County, California",1392,290,0,12,0,12,0,12,0,12,0,12,0,12,0,12,0,12,23,34,0,12,11,16,0,12,0,12,0,12,0,12,0,12,5,9,0,12,0,12,0,12,6,8,0,12,0,12,0,12,1414,289,130,80,1414,289,9,13,0,12,6,10,0,12,1427,290,196,107,11,18,15,16,1038,277,146,84,0,12
"4508","060377032003","Block Group 3, Census Tract 7032, Los Angeles County, California",673,287,0,12,0,12,0,12,0,12,0,12,0,12,0,12,0,12,0,12,0,12,0,12,0,12,0,12,0,12,0,12,0,12,20,31,0,12,0,12,0,12,0,12,0,12,0,12,0,12,673,287,18,30,673,287,0,12,0,12,0,12,0,12,673,287,25,46,0,12,395,221,125,146,128,135,0,12
"4509","060377032004","Block Group 4, Census Tract 7032, Los Angeles County, California",859,227,0,12,0,12,0,12,0,12,0,12,0,12,0,12,0,12,0,12,0,12,0,12,0,12,0,12,0,12,0,12,0,12,0,12,0,12,0,12,0,12,0,12,0,12,0,12,0,12,856,227,59,69,859,227,1,2,0,12,0,12,0,12,859,227,0,12,0,12,782,221,75,59,0,12,0,12
"4510","060377032006","Block Group 6, Census Tract 7032, Los Angeles County, California",1004,330,0,12,0,12,0,12,0,12,0,12,0,12,0,12,0,12,0,12,0,12,0,12,0,12,0,12,0,12,0,12,0,12,0,12,0,12,0,12,0,12,0,12,0,12,0,12,0,12,1117,438,98,118,1117,438,0,12,0,12,17,23,0,12,1183,436,8,15,0,12,974,400,28,59,132,111,0,12
"4511","060378003251","Block Group 1, Census Tract 8003.25, Los Angeles County, California",1593,263,0,12,0,12,0,12,0,12,0,12,0,12,0,12,0,12,0,12,0,12,0,12,0,12,0,12,0,12,0,12,0,12,0,12,0,12,0,12,0,12,0,12,0,12,0,12,0,12,1668,263,20,29,1668,263,0,12,0,12,40,36,0,12,1668,263,105,83,0,12,40,65,1329,259,171,102,0,12
"4512","060379001021","Block Group 1, Census Tract 9001.02, Los Angeles County, California",667,141,0,12,0,12,0,12,0,12,0,12,0,12,0,12,0,12,47,52,0,12,0,12,0,12,0,12,0,12,0,12,0,12,12,13,16,25,0,12,0,12,0,12,12,18,0,12,0,12,708,156,236,92,706,158,6,6,29,22,39,31,0,12,710,157,12,18,0,12,5,7,325,108,316,138,3,7
"4513","060379005012","Block Group 2, Census Tract 9005.01, Los Angeles County, California",2564,549,0,12,0,12,0,12,0,12,0,12,0,12,0,12,0,12,224,149,9,14,0,12,0,12,12,18,0,12,0,12,0,12,6,11,0,12,0,12,0,12,0,12,0,12,0,12,0,12,2748,586,694,375,2762,584,39,58,75,59,28,30,0,12,2762,584,38,61,0,12,702,406,481,291,1523,420,0,12
"4514","060379005013","Block Group 3, Census Tract 9005.01, Los Angeles County, California",2799,681,0,12,0,12,0,12,0,12,0,12,0,12,0,12,0,12,176,113,0,12,0,12,0,12,0,12,0,12,0,12,0,12,33,40,0,12,0,12,0,12,0,12,0,12,0,12,0,12,3035,730,538,324,3136,760,0,12,105,90,106,96,0,12,3136,760,246,299,0,12,726,393,703,201,1401,517,0,12
"4515","060379012052","Block Group 2, Census Tract 9012.05, Los Angeles County, California",1838,598,0,12,0,12,0,12,0,12,0,12,0,12,0,12,0,12,0,12,0,12,0,12,0,12,0,12,0,12,0,12,0,12,0,12,0,12,0,12,0,12,0,12,0,12,0,12,0,12,1877,601,188,176,1877,601,51,78,0,12,30,50,0,12,1877,601,34,50,0,12,331,351,1265,570,222,162,0,12
"4516","060372400102","Block Group 2, Census Tract 2400.10, Los Angeles County, California",1113,318,0,12,0,12,0,12,0,12,0,12,0,12,0,12,0,12,196,103,55,50,0,12,0,12,0,12,0,12,0,12,0,12,17,26,43,40,0,12,0,12,0,12,0,12,0,12,0,12,1195,341,569,290,1195,341,46,70,43,53,85,64,0,12,1195,341,0,12,0,12,246,106,0,12,949,342,0,12
"4517","060372406003","Block Group 3, Census Tract 2406, Los Angeles County, California",1297,390,0,12,0,12,0,12,0,12,0,12,0,12,0,12,0,12,168,105,66,73,0,12,0,12,0,12,0,12,0,12,0,12,28,33,70,55,0,12,0,12,0,12,0,12,0,12,0,12,1479,466,361,230,1479,466,22,34,156,140,39,66,23,37,1479,466,0,12,0,12,226,186,0,12,1253,477,0,12
"4518","060372406004","Block Group 4, Census Tract 2406, Los Angeles County, California",1324,349,8,15,0,12,0,12,0,12,0,12,0,12,0,12,0,12,137,80,27,35,0,12,0,12,0,12,0,12,0,12,0,12,25,39,26,36,0,12,0,12,0,12,0,12,0,12,0,12,1546,427,591,296,1546,427,88,80,79,67,148,92,0,12,1546,427,20,33,0,12,757,322,45,54,724,315,0,12
"4519","060372407001","Block Group 1, Census Tract 2407, Los Angeles County, California",1006,330,0,12,0,12,0,12,0,12,0,12,0,12,0,12,0,12,159,123,25,36,0,12,0,12,0,12,0,12,0,12,0,12,14,23,0,12,0,12,0,12,0,12,0,12,0,12,0,12,1198,390,377,226,1198,390,0,12,12,19,65,63,0,12,1198,390,0,12,0,12,445,201,0,12,753,375,0,12
"4520","060372407002","Block Group 2, Census Tract 2407, Los Angeles County, California",902,375,10,16,0,12,0,12,0,12,0,12,0,12,0,12,0,12,21,33,22,32,0,12,0,12,0,12,0,12,0,12,0,12,27,42,0,12,0,12,0,12,0,12,0,12,0,12,0,12,951,386,58,72,951,386,0,12,29,45,100,75,0,12,951,386,0,12,0,12,247,152,0,12,704,390,0,12
"4521","060372407005","Block Group 5, Census Tract 2407, Los Angeles County, California",1030,313,0,12,0,12,0,12,0,12,0,12,0,12,0,12,0,12,52,38,29,34,0,12,0,12,0,12,6,11,0,12,0,12,32,34,26,40,0,12,0,12,0,12,0,12,0,12,0,12,1065,323,23,35,1065,323,0,12,39,44,77,46,0,12,1065,323,22,43,0,12,373,197,0,12,670,336,0,12
"4522","060372407003","Block Group 3, Census Tract 2407, Los Angeles County, California",1774,451,10,17,0,12,0,12,0,12,0,12,0,12,0,12,0,12,142,108,55,53,0,12,0,12,0,12,0,12,0,12,0,12,14,23,0,12,0,12,0,12,0,12,0,12,0,12,0,12,1961,487,178,149,1961,487,0,12,116,68,164,125,0,12,1961,487,26,42,0,12,351,176,20,25,1528,509,36,56
"4523","060376037033","Block Group 3, Census Tract 6037.03, Los Angeles County, California",574,132,0,12,0,12,0,12,0,12,0,12,0,12,0,12,0,12,25,25,0,12,0,12,0,12,11,12,0,12,0,12,0,12,3,5,1,3,0,12,0,12,17,17,1,4,0,12,0,12,592,143,14,22,592,143,0,12,0,12,51,40,0,12,598,143,86,46,0,12,9,12,220,67,264,133,0,12
"4524","060376037032","Block Group 2, Census Tract 6037.03, Los Angeles County, California",992,165,0,12,0,12,0,12,0,12,0,12,0,12,0,12,0,12,7,10,0,12,0,12,0,12,8,12,0,12,0,12,0,12,39,41,0,12,0,12,0,12,21,32,0,12,0,12,0,12,1112,205,29,23,1112,205,0,12,3,7,2,6,0,12,1112,205,143,103,0,12,30,34,290,95,533,141,93,131
"4525","060371081011","Block Group 1, Census Tract 1081.01, Los Angeles County, California",2219,170,0,12,0,12,0,12,0,12,0,12,0,12,0,12,0,12,4,6,0,12,36,37,9,13,13,17,0,12,14,21,0,12,0,12,0,12,19,17,18,18,40,35,9,12,10,15,0,12,2327,185,204,122,2327,185,6,8,48,33,28,23,6,10,2327,185,513,126,0,12,83,58,1328,174,323,157,0,12
"4526","060375747001","Block Group 1, Census Tract 5747, Los Angeles County, California",133,72,0,12,0,12,0,12,0,12,0,12,0,12,0,12,0,12,0,12,0,12,0,12,0,12,0,12,0,12,0,12,0,12,4,8,3,9,15,22,0,12,4,8,0,12,0,12,0,12,0,12,0,12,0,12,0,12,0,12,0,12,0,12,133,72,4,8,0,12,15,24,99,59,15,18,0,12
"4527","060371032002","Block Group 2, Census Tract 1032, Los Angeles County, California",1879,514,0,12,0,12,0,12,0,12,0,12,0,12,0,12,0,12,30,48,0,12,0,12,0,12,0,12,0,12,0,12,0,12,39,62,0,12,0,12,0,12,0,12,0,12,0,12,0,12,1986,547,144,136,1986,547,0,12,0,12,32,36,0,12,1986,547,163,169,0,12,0,12,1237,444,570,325,0,12
"4528","060371032001","Block Group 1, Census Tract 1032, Los Angeles County, California",1889,535,1,2,0,12,0,12,0,12,0,12,0,12,0,12,0,12,29,60,0,12,0,12,0,12,0,12,0,12,0,12,0,12,0,12,0,12,19,30,0,12,0,12,0,12,0,12,0,12,1979,597,34,51,1979,597,13,22,0,12,71,94,0,12,1984,597,231,198,0,12,52,61,1257,561,412,281,0,12
"4529","060371041031","Block Group 1, Census Tract 1041.03, Los Angeles County, California",1753,420,14,23,0,12,0,12,0,12,0,12,0,12,0,12,0,12,66,56,43,70,0,12,0,12,0,12,0,12,0,12,0,12,53,49,34,32,0,12,15,24,0,12,0,12,0,12,0,12,1753,446,19,22,1753,446,25,29,6,14,77,61,0,12,1838,451,92,67,0,12,57,44,227,132,1450,422,0,12
"4530","060371041032","Block Group 2, Census Tract 1041.03, Los Angeles County, California",1524,323,12,18,0,12,0,12,0,12,0,12,0,12,0,12,0,12,127,69,7,11,0,12,0,12,0,12,0,12,0,12,0,12,16,26,11,17,0,12,0,12,0,12,11,15,0,12,0,12,1593,331,160,127,1593,331,0,12,7,15,56,45,0,12,1593,331,107,95,0,12,374,107,152,77,951,310,0,12
"4531","060371066031","Block Group 1, Census Tract 1066.03, Los Angeles County, California",1639,217,0,12,0,12,0,12,0,12,0,12,0,12,0,12,0,12,4,9,0,12,0,12,0,12,5,8,0,12,0,12,0,12,0,12,0,12,22,23,12,16,0,12,0,12,0,12,0,12,1647,217,90,59,1647,217,0,12,18,18,16,15,0,12,1664,219,445,107,0,12,0,12,912,179,270,127,0,12
"4532","060371081021","Block Group 1, Census Tract 1081.02, Los Angeles County, California",3414,237,34,48,0,12,0,12,0,12,20,30,0,12,0,12,0,12,14,18,14,23,0,12,0,12,70,49,0,12,0,12,0,12,0,12,0,12,0,12,0,12,47,44,34,52,0,12,0,12,3544,246,335,194,3544,246,0,12,23,27,44,39,11,18,3552,247,1109,178,0,12,130,87,1932,205,322,107,0,12
"4533","060371096012","Block Group 2, Census Tract 1096.01, Los Angeles County, California",1510,534,0,12,0,12,0,12,0,12,0,12,0,12,0,12,0,12,58,77,0,12,0,12,0,12,0,12,0,12,0,12,0,12,29,38,28,38,0,12,0,12,20,20,7,12,0,12,0,12,1540,534,26,32,1540,534,39,42,107,96,136,116,0,12,1540,534,165,124,0,12,0,12,477,338,898,505,0,12
"4534","060371096013","Block Group 3, Census Tract 1096.01, Los Angeles County, California",1371,393,0,12,0,12,0,12,0,12,0,12,0,12,0,12,0,12,89,54,32,51,0,12,0,12,0,12,0,12,0,12,0,12,0,12,26,28,0,12,0,12,0,12,0,12,0,12,0,12,1521,474,0,12,1521,474,55,80,0,12,55,82,0,12,1521,474,35,39,0,12,7,10,72,79,1339,471,0,12
"4535","060371096011","Block Group 1, Census Tract 1096.01, Los Angeles County, California",468,218,0,12,0,12,5,11,0,12,0,12,0,12,0,12,0,12,0,12,0,12,0,12,0,12,0,12,0,12,0,12,0,12,8,14,0,12,0,12,0,12,0,12,0,12,0,12,0,12,480,226,32,69,480,226,0,12,0,12,0,12,0,12,480,226,0,12,0,12,27,29,137,90,295,208,0,12
"4536","060371097002","Block Group 2, Census Tract 1097, Los Angeles County, California",1564,364,0,12,0,12,0,12,0,12,0,12,0,12,0,12,0,12,18,30,0,12,0,12,0,12,32,37,0,12,0,12,0,12,17,22,4,9,10,15,0,12,27,34,0,12,0,12,0,12,1558,346,133,152,1558,346,0,12,6,15,7,14,0,12,1612,367,255,147,0,12,72,98,727,205,540,288,0,12
"4537","060371097003","Block Group 3, Census Tract 1097, Los Angeles County, California",1100,286,0,12,0,12,0,12,0,12,0,12,0,12,0,12,0,12,9,15,0,12,9,16,0,12,2,4,0,12,0,12,0,12,0,12,0,12,0,12,0,12,0,12,0,12,0,12,0,12,1199,309,37,52,1199,309,0,12,82,81,11,18,0,12,1199,309,171,139,0,12,210,208,454,177,324,259,0,12
"4538","060372628022","Block Group 2, Census Tract 2628.02, Los Angeles County, California",602,184,0,12,0,12,0,12,0,12,0,12,0,12,0,12,0,12,0,12,0,12,0,12,0,12,0,12,0,12,0,12,0,12,0,12,0,12,0,12,0,12,0,12,0,12,0,12,0,12,645,197,11,17,645,197,0,12,7,12,47,52,0,12,645,197,20,31,0,12,0,12,585,176,12,19,0,12
"4539","060372628023","Block Group 3, Census Tract 2628.02, Los Angeles County, California",1280,299,0,12,0,12,0,12,0,12,0,12,0,12,0,12,0,12,0,12,0,12,0,12,0,12,0,12,0,12,0,12,0,12,0,12,0,12,0,12,0,12,0,12,0,12,0,12,0,12,1387,311,29,40,1387,311,0,12,0,12,0,12,0,12,1387,311,35,54,0,12,11,18,911,255,329,275,0,12
"4540","060372627061","Block Group 1, Census Tract 2627.06, Los Angeles County, California",1363,211,0,12,0,12,0,12,0,12,0,12,0,12,0,12,0,12,0,12,0,12,0,12,0,12,0,12,0,12,0,12,0,12,0,12,0,12,0,12,0,12,0,12,0,12,0,12,0,12,1525,241,172,130,1525,241,0,12,0,12,12,18,0,12,1525,241,9,14,0,12,9,15,1374,236,87,54,0,12
"4541","060372627063","Block Group 3, Census Tract 2627.06, Los Angeles County, California",844,282,0,12,0,12,0,12,0,12,0,12,0,12,0,12,0,12,0,12,0,12,0,12,0,12,0,12,0,12,0,12,0,12,0,12,0,12,0,12,0,12,0,12,0,12,0,12,0,12,866,285,0,12,866,285,0,12,0,12,0,12,0,12,866,285,74,96,0,12,0,12,606,230,71,97,0,12
"4542","060372627062","Block Group 2, Census Tract 2627.06, Los Angeles County, California",1141,222,0,12,0,12,0,12,0,12,0,12,0,12,0,12,0,12,0,12,0,12,0,12,0,12,0,12,0,12,0,12,0,12,0,12,0,12,26,42,0,12,0,12,0,12,0,12,0,12,1180,227,31,42,1180,227,0,12,0,12,1,3,0,12,1180,227,11,19,0,12,0,12,1124,213,45,74,0,12
"4543","060371412013","Block Group 3, Census Tract 1412.01, Los Angeles County, California",703,204,0,12,0,12,0,12,0,12,0,12,0,12,0,12,0,12,0,12,0,12,10,17,0,12,0,12,0,12,0,12,0,12,0,12,0,12,0,12,0,12,0,12,0,12,0,12,0,12,711,206,70,48,711,206,0,12,22,22,21,32,0,12,711,206,19,34,0,12,11,13,569,206,101,58,0,12
"4544","060371411022","Block Group 2, Census Tract 1411.02, Los Angeles County, California",1710,298,0,12,0,12,0,12,0,12,0,12,0,12,0,12,0,12,10,15,0,12,14,22,0,12,0,12,0,12,0,12,0,12,0,12,0,12,0,12,0,12,0,12,0,12,0,12,0,12,1899,345,178,202,1899,345,0,12,15,17,105,72,0,12,1899,345,158,88,0,12,43,56,1354,254,201,203,0,12
"4545","060371394021","Block Group 1, Census Tract 1394.02, Los Angeles County, California",1157,211,0,12,0,12,0,12,0,12,0,12,0,12,0,12,0,12,0,12,0,12,16,16,0,12,0,12,0,12,0,12,0,12,0,12,0,12,8,12,0,12,0,12,0,12,0,12,0,12,1367,301,132,81,1367,301,0,12,0,12,23,24,0,12,1367,301,44,45,0,12,162,249,1036,200,90,66,0,12
"4546","060371394023","Block Group 3, Census Tract 1394.02, Los Angeles County, California",661,194,0,12,0,12,0,12,0,12,0,12,0,12,0,12,0,12,7,10,0,12,0,12,0,12,0,12,0,12,0,12,0,12,0,12,0,12,0,12,0,12,0,12,0,12,0,12,0,12,689,207,10,16,689,207,0,12,0,12,14,15,0,12,689,207,15,20,0,12,0,12,625,196,47,70,0,12
"4547","060371390011","Block Group 1, Census Tract 1390.01, Los Angeles County, California",1496,341,0,12,0,12,0,12,0,12,0,12,0,12,0,12,0,12,0,12,0,12,31,39,0,12,0,12,0,12,0,12,0,12,0,12,0,12,18,29,0,12,0,12,0,12,0,12,0,12,1621,382,161,207,1621,382,0,12,109,174,91,105,0,12,1621,382,172,128,0,12,5,8,984,320,442,239,0,12
"4548","060371390013","Block Group 3, Census Tract 1390.01, Los Angeles County, California",869,360,0,12,0,12,0,12,0,12,0,12,0,12,0,12,0,12,0,12,0,12,0,12,0,12,0,12,0,12,0,12,0,12,0,12,0,12,19,31,0,12,0,12,0,12,0,12,0,12,951,377,32,36,951,377,0,12,0,12,0,12,0,12,951,377,43,69,0,12,0,12,867,385,41,99,0,12
"4549","060375358033","Block Group 3, Census Tract 5358.03, Los Angeles County, California",954,325,0,12,0,12,0,12,0,12,0,12,0,12,0,12,0,12,92,67,84,78,0,12,0,12,0,12,0,12,0,12,0,12,52,62,45,51,0,12,0,12,0,12,0,12,0,12,0,12,954,325,0,12,954,325,21,37,61,56,164,98,0,12,954,325,6,10,0,12,0,12,13,11,935,323,0,12
"4550","060371092001","Block Group 1, Census Tract 1092, Los Angeles County, California",740,311,0,12,0,12,0,12,0,12,0,12,0,12,0,12,0,12,0,12,0,12,0,12,0,12,0,12,0,12,0,12,0,12,0,12,0,12,0,12,0,12,0,12,0,12,0,12,0,12,796,321,19,39,796,321,0,12,0,12,39,52,0,12,796,321,250,174,0,12,0,12,183,101,363,273,0,12
"4551","060376024033","Block Group 3, Census Tract 6024.03, Los Angeles County, California",1610,293,25,29,0,12,0,12,0,12,0,12,0,12,0,12,0,12,133,80,45,47,0,12,0,12,0,12,0,12,0,12,0,12,11,18,0,12,0,12,0,12,0,12,0,12,0,12,0,12,1774,336,419,211,1774,336,56,59,133,91,179,89,0,12,1774,336,169,170,78,107,275,162,170,114,1056,325,0,12
"4552","060371272102","Block Group 2, Census Tract 1272.10, Los Angeles County, California",1244,340,24,39,0,12,0,12,0,12,0,12,0,12,0,12,0,12,133,107,61,59,8,12,0,12,0,12,0,12,0,12,0,12,0,12,26,41,0,12,0,12,9,17,0,12,0,12,0,12,1435,444,196,236,1435,444,0,12,115,76,124,78,0,12,1435,444,144,117,0,12,252,210,211,97,796,360,0,12
"4553","060371236023","Block Group 3, Census Tract 1236.02, Los Angeles County, California",786,176,0,12,0,12,0,12,0,12,0,12,0,12,0,12,0,12,18,21,0,12,22,36,23,36,0,12,0,12,0,12,0,12,0,12,0,12,0,12,0,12,0,12,0,12,0,12,0,12,826,192,79,55,826,192,0,12,0,12,31,48,0,12,826,192,0,12,0,12,8,13,669,167,137,118,0,12
"4554","060375008001","Block Group 1, Census Tract 5008, Los Angeles County, California",1075,366,0,12,0,12,0,12,0,12,0,12,0,12,0,12,0,12,44,52,0,12,0,12,0,12,0,12,0,12,0,12,0,12,14,24,22,28,0,12,0,12,0,12,0,12,0,12,0,12,1170,396,21,26,1170,396,12,21,17,20,47,52,0,12,1170,396,0,12,0,12,0,12,17,18,1153,394,0,12
"4555","060371318001","Block Group 1, Census Tract 1318, Los Angeles County, California",2038,673,0,12,0,12,0,12,0,12,0,12,0,12,0,12,0,12,18,22,12,20,0,12,0,12,48,53,0,12,0,12,0,12,72,61,0,12,21,24,0,12,0,12,38,57,0,12,0,12,2117,700,120,109,2117,700,19,33,63,74,104,67,0,12,2117,700,273,179,0,12,417,450,401,143,971,480,0,12
"4556","060376025051","Block Group 1, Census Tract 6025.05, Los Angeles County, California",2604,337,0,12,0,12,0,12,0,12,0,12,0,12,0,12,0,12,111,71,194,138,0,12,0,12,0,12,0,12,20,32,0,12,0,12,1,19,0,12,0,12,0,12,0,12,0,12,0,12,2841,367,703,276,2883,387,62,104,198,112,163,124,0,12,2883,387,23,27,21,34,1185,356,170,140,1401,316,0,12
"4557","060374630001","Block Group 1, Census Tract 4630, Los Angeles County, California",677,131,0,12,0,12,0,12,0,12,0,12,0,12,0,12,0,12,0,12,0,12,0,12,0,12,0,12,0,12,0,12,0,12,41,59,0,12,5,7,0,12,0,12,0,12,0,12,0,12,692,134,27,35,692,134,6,10,26,32,19,29,0,12,692,134,114,88,0,12,0,12,320,85,255,84,0,12
"4558","060376012021","Block Group 1, Census Tract 6012.02, Los Angeles County, California",1380,396,28,42,0,12,0,12,0,12,0,12,0,12,0,12,0,12,207,116,18,21,0,12,0,12,0,12,0,12,0,12,0,12,52,41,12,21,0,12,0,12,17,27,0,12,0,12,0,12,1413,399,88,77,1413,399,20,30,19,29,110,86,0,12,1413,399,25,30,0,12,26,29,57,46,1305,398,0,12
"4559","060379106051","Block Group 1, Census Tract 9106.05, Los Angeles County, California",2982,395,0,12,0,12,0,12,0,12,0,12,0,12,0,12,0,12,126,104,20,21,0,12,0,12,0,12,0,12,0,12,0,12,15,25,26,31,0,12,0,12,0,12,0,12,0,12,0,12,3170,434,501,257,3190,433,0,12,168,103,55,47,0,12,3190,433,9,15,0,12,376,237,244,134,2469,449,0,12
"4560","060374057022","Block Group 2, Census Tract 4057.02, Los Angeles County, California",2366,382,0,12,0,12,0,12,0,12,0,12,0,12,0,12,0,12,21,22,0,12,0,12,0,12,36,33,0,12,0,12,0,12,13,19,0,12,0,12,0,12,0,12,11,16,0,12,0,12,2474,394,122,74,2474,394,36,43,17,26,62,52,0,12,2474,394,431,136,0,12,312,294,459,190,1166,360,0,12
"4561","060374045041","Block Group 1, Census Tract 4045.04, Los Angeles County, California",2456,363,0,12,0,12,0,12,0,12,0,12,0,12,0,12,0,12,141,74,173,90,0,12,0,12,7,12,0,12,0,12,0,12,9,15,29,38,0,12,0,12,20,32,0,12,0,12,0,12,2546,375,375,233,2546,375,53,69,112,78,51,51,0,12,2546,375,367,254,0,12,63,64,182,97,1922,364,0,12
"4562","060377002003","Block Group 3, Census Tract 7002, Los Angeles County, California",720,257,0,12,0,12,0,12,0,12,0,12,0,12,0,12,0,12,0,12,0,12,0,12,0,12,0,12,0,12,0,12,0,12,0,12,0,12,0,12,0,12,0,12,0,12,0,12,0,12,720,257,49,87,720,257,0,12,161,190,38,61,0,12,720,257,28,50,0,12,31,50,469,205,192,180,0,12
"4563","060371154042","Block Group 2, Census Tract 1154.04, Los Angeles County, California",1567,265,4,8,0,12,0,12,0,12,0,12,0,12,0,12,0,12,103,60,0,12,0,12,0,12,17,16,0,12,0,12,0,12,11,16,0,12,4,6,0,12,3,7,0,12,0,12,0,12,1659,278,218,122,1659,278,5,8,90,70,84,60,3,6,1669,274,253,120,0,12,122,102,390,129,866,231,0,12
"4564","060373105012","Block Group 2, Census Tract 3105.01, Los Angeles County, California",1825,454,0,12,0,12,0,12,0,12,0,12,0,12,0,12,0,12,22,27,58,60,7,14,0,12,31,46,0,12,0,12,0,12,0,12,0,12,0,12,0,12,0,12,31,45,0,12,0,12,2024,514,284,135,2042,506,0,12,64,52,102,70,0,12,2042,506,288,185,0,12,113,101,544,226,1079,480,0,12
"4565","060372781021","Block Group 1, Census Tract 2781.02, Los Angeles County, California",468,115,0,12,0,12,0,12,0,12,0,12,0,12,0,12,0,12,0,12,0,12,0,12,0,12,0,12,0,12,0,12,0,12,13,19,0,12,0,12,0,12,0,12,0,12,0,12,0,12,520,134,22,27,520,134,0,12,0,12,0,12,0,12,520,134,47,49,0,12,0,12,393,119,54,38,0,12
"4566","060379105042","Block Group 2, Census Tract 9105.04, Los Angeles County, California",1635,381,0,12,0,12,0,12,0,12,0,12,0,12,0,12,0,12,107,71,0,12,0,12,0,12,0,12,0,12,0,12,0,12,0,12,0,12,0,12,0,12,0,12,0,12,0,12,0,12,1765,398,534,309,1765,398,0,12,9,16,58,56,0,12,1765,398,0,12,30,47,293,245,334,174,1104,341,0,12
"4567","060374004042","Block Group 2, Census Tract 4004.04, Los Angeles County, California",1077,202,0,12,0,12,0,12,0,12,0,12,0,12,0,12,0,12,0,12,0,12,0,12,0,12,0,12,0,12,0,12,0,12,0,12,0,12,14,25,0,12,0,12,0,12,0,12,0,12,1077,202,9,15,1077,202,0,12,9,14,0,12,0,12,1077,202,144,118,0,12,0,12,771,173,92,59,0,12
"4568","060371047012","Block Group 2, Census Tract 1047.01, Los Angeles County, California",1815,346,8,12,0,12,0,12,0,12,0,12,0,12,0,12,0,12,181,61,137,74,0,12,0,12,0,12,0,12,0,12,0,12,87,62,59,38,0,12,0,12,0,12,0,12,0,12,0,12,1943,347,809,243,1956,352,0,12,41,28,92,57,0,12,1956,352,2,4,0,12,113,113,50,50,1791,354,0,12
"4569","060376040023","Block Group 3, Census Tract 6040.02, Los Angeles County, California",862,368,0,12,0,12,0,12,0,12,0,12,0,12,0,12,0,12,0,12,5,10,24,37,0,12,0,12,0,12,0,12,0,12,0,12,36,52,0,12,0,12,0,12,14,19,0,12,0,12,899,372,36,29,899,372,0,12,48,40,47,47,0,12,899,372,108,76,0,12,169,132,98,72,512,361,0,12
"4570","060371837022","Block Group 2, Census Tract 1837.02, Los Angeles County, California",1480,288,0,12,0,12,0,12,0,12,0,12,0,12,0,12,0,12,83,67,42,26,0,12,0,12,16,32,0,12,0,12,0,12,22,27,0,12,0,12,0,12,0,12,0,12,0,12,0,12,1589,319,349,223,1661,353,0,12,6,10,15,23,0,12,1661,353,105,91,0,12,72,53,279,112,1180,346,0,12
"4571","060375550022","Block Group 2, Census Tract 5550.02, Los Angeles County, California",2065,448,0,12,0,12,0,12,0,12,0,12,0,12,0,12,0,12,10,18,0,12,0,12,0,12,0,12,0,12,0,12,0,12,0,12,0,12,0,12,0,12,7,11,0,12,0,12,0,12,2244,458,141,83,2244,458,77,71,36,49,37,41,0,12,2244,458,336,150,148,202,427,177,619,249,680,209,0,12
"4572","060371241021","Block Group 1, Census Tract 1241.02, Los Angeles County, California",1473,338,0,12,0,12,0,12,0,12,0,12,0,12,0,12,0,12,217,122,21,36,0,12,0,12,0,12,0,12,0,12,0,12,16,24,16,25,8,12,0,12,8,12,0,12,0,12,0,12,1535,349,539,272,1501,364,0,12,136,110,77,63,32,35,1535,349,27,32,0,12,0,12,356,170,1144,395,0,12
"4573","060379103023","Block Group 3, Census Tract 9103.02, Los Angeles County, California",1771,553,0,12,0,12,0,12,0,12,0,12,0,12,0,12,0,12,62,74,0,12,0,12,0,12,0,12,0,12,0,12,0,12,90,101,0,12,0,12,0,12,0,12,0,12,0,12,0,12,1771,553,68,83,1771,553,0,12,32,48,18,29,0,12,1771,553,16,26,0,12,162,123,693,241,844,500,0,12
"4574","060371412012","Block Group 2, Census Tract 1412.01, Los Angeles County, California",1561,224,0,12,0,12,0,12,0,12,0,12,0,12,0,12,0,12,0,12,0,12,0,12,0,12,0,12,0,12,0,12,0,12,15,24,0,12,0,12,0,12,0,12,0,12,0,12,0,12,1720,260,161,110,1720,260,0,12,28,36,13,15,0,12,1720,260,49,49,0,12,182,125,1153,231,281,131,0,12
"4575","060371394011","Block Group 1, Census Tract 1394.01, Los Angeles County, California",838,221,0,12,0,12,0,12,0,12,0,12,0,12,0,12,0,12,0,12,0,12,42,45,0,12,9,17,0,12,0,12,0,12,0,12,0,12,13,19,0,12,0,12,0,12,0,12,0,12,873,253,160,130,873,253,9,15,14,20,27,41,17,25,873,253,36,43,0,12,107,136,691,266,39,59,0,12
"4576","060375344042","Block Group 2, Census Tract 5344.04, Los Angeles County, California",1459,310,17,27,0,12,0,12,0,12,0,12,0,12,0,12,0,12,193,98,39,38,0,12,0,12,0,12,0,12,0,12,0,12,14,16,40,32,0,12,0,12,0,12,0,12,0,12,0,12,1576,321,324,169,1596,326,0,12,141,92,105,70,0,12,1596,326,8,12,35,47,0,12,145,100,1396,321,12,18
"4577","060374325002","Block Group 2, Census Tract 4325, Los Angeles County, California",2479,538,0,12,0,12,0,12,0,12,16,28,0,12,0,12,0,12,122,119,113,140,0,12,0,12,133,83,40,62,0,12,0,12,0,12,231,183,0,12,0,12,0,12,87,102,0,12,0,12,2486,538,230,160,2491,546,0,12,45,77,166,242,0,12,2565,546,742,359,0,12,14,24,301,222,1492,598,0,12
"4578","060375338052","Block Group 2, Census Tract 5338.05, Los Angeles County, California",570,220,0,12,0,12,0,12,0,12,0,12,0,12,0,12,0,12,98,61,14,22,0,12,0,12,0,12,0,12,0,12,0,12,7,10,9,13,0,12,0,12,0,12,0,12,0,12,0,12,593,235,91,109,593,235,0,12,24,23,38,33,0,12,593,235,0,12,0,12,0,12,0,12,593,235,0,12
"4579","060372060312","Block Group 2, Census Tract 2060.31, Los Angeles County, California",834,199,0,12,0,12,0,12,0,12,0,12,0,12,0,12,0,12,0,12,0,12,0,12,0,12,0,12,0,12,0,12,0,12,0,12,0,12,0,12,0,12,0,12,0,12,0,12,0,12,860,205,94,71,860,205,0,12,70,90,0,12,0,12,860,205,52,62,0,12,31,51,567,185,153,92,0,12
"4580","060374081362","Block Group 2, Census Tract 4081.36, Los Angeles County, California",1683,267,0,12,0,12,0,12,0,12,8,13,0,12,0,12,0,12,57,70,8,13,0,12,0,12,31,31,100,138,0,12,0,12,8,12,0,12,0,12,0,12,8,12,31,36,0,12,0,12,1774,287,172,154,1774,287,9,13,68,69,71,69,0,12,1774,287,511,254,0,12,128,105,139,77,961,325,19,31
"4581","060371321011","Block Group 1, Census Tract 1321.01, Los Angeles County, California",1495,380,0,12,0,12,0,12,0,12,0,12,0,12,0,12,0,12,47,59,13,20,0,12,0,12,13,19,0,12,0,12,0,12,8,14,0,12,0,12,0,12,0,12,0,12,0,12,0,12,1557,394,245,198,1557,394,0,12,7,12,35,32,0,12,1557,394,107,96,0,12,56,59,590,229,575,247,15,24
"4582","060374078022","Block Group 2, Census Tract 4078.02, Los Angeles County, California",1500,337,0,12,0,12,0,12,0,12,0,12,0,12,0,12,0,12,96,45,5,8,0,12,0,12,0,12,6,9,0,12,0,12,17,17,45,34,0,12,0,12,17,26,22,34,0,12,0,12,1588,365,79,44,1588,365,2,5,65,56,126,66,0,12,1588,365,195,155,0,12,42,58,35,26,1274,332,42,63
"4583","060372752003","Block Group 3, Census Tract 2752, Los Angeles County, California",936,202,0,12,0,12,0,12,0,12,0,12,0,12,0,12,0,12,21,40,0,12,0,12,0,12,0,12,0,12,0,12,0,12,0,12,32,49,0,12,0,12,0,12,0,12,0,12,0,12,986,226,95,84,986,226,0,12,0,12,50,46,0,12,986,226,194,159,0,12,53,41,351,105,327,162,0,12
"4584","060372760002","Block Group 2, Census Tract 2760, Los Angeles County, California",857,249,0,12,0,12,0,12,0,12,0,12,0,12,0,12,0,12,0,12,0,12,0,12,0,12,0,12,0,12,0,12,0,12,0,12,0,12,32,37,0,12,0,12,0,12,0,12,0,12,857,249,0,12,857,249,0,12,0,12,0,12,0,12,857,249,109,63,0,12,0,12,576,241,154,160,0,12
"4585","060374819021","Block Group 1, Census Tract 4819.02, Los Angeles County, California",3269,247,0,12,0,12,0,12,0,12,0,12,0,12,0,12,0,12,124,62,0,12,0,12,0,12,115,67,33,31,0,12,0,12,6,9,0,12,0,12,0,12,96,62,76,66,0,12,0,12,3424,264,585,240,3424,264,17,25,188,99,46,40,0,12,3443,268,1094,271,0,12,124,105,319,152,1875,283,17,27
"4586","060379203223","Block Group 3, Census Tract 9203.22, Los Angeles County, California",252,77,0,12,0,12,0,12,0,12,0,12,0,12,0,12,0,12,0,12,0,12,0,12,0,12,0,12,0,12,0,12,0,12,0,12,0,12,0,12,14,23,8,12,0,12,0,12,0,12,270,86,38,40,270,86,0,12,0,12,0,12,0,12,270,86,17,19,0,12,8,12,131,60,92,65,0,12
"4587","060372189001","Block Group 1, Census Tract 2189, Los Angeles County, California",1912,476,0,12,0,12,0,12,0,12,0,12,0,12,0,12,0,12,134,121,0,12,0,12,0,12,0,12,0,12,0,12,0,12,0,12,4,11,0,12,0,12,0,12,0,12,7,11,0,12,1939,480,374,256,1950,481,0,12,119,81,87,100,0,12,1950,481,74,83,0,12,944,407,171,116,668,311,0,12
"4588","060371212102","Block Group 2, Census Tract 1212.10, Los Angeles County, California",986,281,0,12,0,12,0,12,0,12,14,29,0,12,0,12,0,12,155,140,4,8,0,12,0,12,0,12,0,12,0,12,0,12,53,48,0,12,0,12,0,12,0,12,14,22,0,12,0,12,1053,350,33,36,1053,350,0,12,46,46,20,19,0,12,1053,350,157,176,6,10,0,12,95,66,705,338,0,12
"4589","060372318002","Block Group 2, Census Tract 2318, Los Angeles County, California",3123,446,44,49,0,12,0,12,0,12,0,12,0,12,0,12,0,12,840,256,273,165,0,12,0,12,0,12,0,12,0,12,0,12,0,12,72,53,0,12,0,12,0,12,0,12,0,12,0,12,3321,485,1394,451,3363,481,39,43,409,260,363,170,0,12,3363,481,0,12,0,12,197,158,0,12,3091,493,0,12
"4590","060373015022","Block Group 2, Census Tract 3015.02, Los Angeles County, California",2425,399,0,12,0,12,0,12,0,12,0,12,0,12,0,12,0,12,27,45,0,12,242,153,36,54,25,40,0,12,0,12,0,12,41,53,0,12,128,118,143,94,18,30,0,12,0,12,0,12,2530,407,443,177,2530,407,0,12,0,12,98,90,0,12,2530,407,336,195,0,12,0,12,1819,384,293,195,0,12
"4591","060374642002","Block Group 2, Census Tract 4642, Los Angeles County, California",701,193,0,12,0,12,0,12,0,12,0,12,0,12,0,12,0,12,0,12,0,12,0,12,0,12,12,17,0,12,0,12,0,12,0,12,0,12,0,12,0,12,31,35,0,12,0,12,0,12,710,198,3,4,710,198,0,12,2,4,0,12,0,12,710,198,634,219,0,12,0,12,76,61,0,12,0,12
"4592","060372944102","Block Group 2, Census Tract 2944.10, Los Angeles County, California",2408,418,0,12,0,12,0,12,0,12,0,12,0,12,0,12,0,12,32,24,0,12,9,15,0,12,78,51,6,10,11,18,0,12,0,12,10,14,0,12,0,12,33,27,0,12,0,12,0,12,2518,441,655,266,2529,440,0,12,42,50,104,68,0,12,2529,440,665,227,0,12,472,335,358,141,980,300,0,12
"4593","060375536022","Block Group 2, Census Tract 5536.02, Los Angeles County, California",1155,285,0,12,0,12,0,12,0,12,0,12,0,12,0,12,0,12,112,71,20,21,0,12,0,12,0,12,0,12,0,12,0,12,76,69,62,54,0,12,0,12,0,12,0,12,0,12,0,12,1190,306,134,118,1190,306,0,12,17,26,52,61,14,19,1190,306,14,22,0,12,0,12,126,93,1050,300,0,12
"4594","060371012201","Block Group 1, Census Tract 1012.20, Los Angeles County, California",1105,223,0,12,0,12,0,12,0,12,0,12,0,12,0,12,0,12,34,33,0,12,54,41,0,12,0,12,0,12,0,12,0,12,8,11,0,12,19,28,0,12,17,21,0,12,0,12,0,12,1126,230,67,47,1126,230,6,10,20,31,37,27,10,15,1126,230,69,49,0,12,0,12,706,213,294,166,0,12
"4595","060371375021","Block Group 1, Census Tract 1375.02, Los Angeles County, California",755,226,0,12,0,12,0,12,0,12,0,12,0,12,0,12,0,12,0,12,0,12,0,12,0,12,0,12,0,12,0,12,0,12,0,12,0,12,0,12,0,12,0,12,0,12,0,12,0,12,776,230,83,72,776,230,0,12,0,12,10,16,0,12,776,230,65,73,0,12,0,12,600,165,30,26,0,12
"4596","060371991101","Block Group 1, Census Tract 1991.10, Los Angeles County, California",880,186,0,12,0,12,0,12,0,12,0,12,0,12,0,12,0,12,94,61,60,39,0,12,0,12,15,17,7,11,0,12,0,12,22,24,25,19,0,12,0,12,0,12,0,12,0,12,0,12,951,199,153,95,951,199,6,10,58,37,35,31,6,9,951,199,92,59,0,12,5,7,94,61,755,198,0,12
"4597","060375723021","Block Group 1, Census Tract 5723.02, Los Angeles County, California",1043,329,0,12,0,12,0,12,0,12,0,12,0,12,0,12,0,12,80,49,12,18,0,12,0,12,6,10,0,12,0,12,0,12,0,12,0,12,0,12,0,12,0,12,0,12,0,12,0,12,1077,345,236,173,1077,345,7,12,63,54,72,44,0,12,1077,345,320,187,51,79,98,61,16,13,492,212,0,12
"4598","060372382002","Block Group 2, Census Tract 2382, Los Angeles County, California",1380,476,0,12,0,12,0,12,0,12,0,12,0,12,0,12,0,12,66,77,0,12,0,12,0,12,0,12,0,12,0,12,0,12,0,12,0,12,0,12,0,12,39,63,0,12,0,12,0,12,1380,476,348,255,1380,476,0,12,0,12,43,68,0,12,1380,476,64,77,0,12,840,418,0,12,460,279,0,12
"4599","060374307012","Block Group 2, Census Tract 4307.01, Los Angeles County, California",2397,396,0,12,0,12,0,12,0,12,0,12,0,12,0,12,0,12,0,12,0,12,0,12,0,12,66,61,34,40,0,12,0,12,0,12,11,17,0,12,0,12,65,51,10,15,0,12,0,12,2537,431,227,93,2549,431,38,36,39,34,56,49,0,12,2566,431,916,292,0,12,84,76,741,319,745,275,0,12
"4600","060374820011","Block Group 1, Census Tract 4820.01, Los Angeles County, California",1839,271,0,12,0,12,0,12,0,12,0,12,0,12,0,12,0,12,0,12,17,17,0,12,0,12,167,97,0,12,0,12,0,12,18,27,0,12,0,12,0,12,100,69,35,35,0,12,0,12,1915,278,102,55,1915,278,0,12,9,14,13,20,0,12,1915,278,1549,242,0,12,0,12,70,41,278,160,0,12
"4601","060372284103","Block Group 3, Census Tract 2284.10, Los Angeles County, California",1953,259,44,52,0,12,0,12,0,12,0,12,0,12,0,12,0,12,259,97,138,79,0,12,0,12,0,12,0,12,0,12,0,12,33,35,86,54,0,12,0,12,0,12,0,12,0,12,0,12,2019,265,825,336,2036,268,91,67,187,72,245,124,10,15,2036,268,0,12,12,17,85,94,9,11,1930,283,0,12
"4602","060376037042","Block Group 2, Census Tract 6037.04, Los Angeles County, California",2991,515,0,12,0,12,0,12,0,12,0,12,0,12,0,12,0,12,162,110,0,12,5,36,0,12,30,42,0,12,50,66,0,12,0,12,0,12,0,12,0,12,0,12,0,12,0,12,0,12,3269,602,442,329,3290,605,142,157,362,219,123,109,0,12,3290,605,228,130,0,12,1301,482,139,109,1508,515,0,12
"4603","060375507006","Block Group 6, Census Tract 5507, Los Angeles County, California",701,408,0,12,0,12,0,12,0,12,0,12,0,12,0,12,0,12,219,246,0,12,0,12,0,12,0,12,0,12,0,12,0,12,0,12,0,12,0,12,0,12,0,12,0,12,0,12,0,12,768,443,17,31,768,443,0,12,83,93,15,23,0,12,768,443,0,12,0,12,0,12,118,101,635,398,0,12
"4604","060372190102","Block Group 2, Census Tract 2190.10, Los Angeles County, California",1568,387,0,12,0,12,0,12,0,12,0,12,0,12,0,12,0,12,98,52,45,38,0,12,0,12,0,12,0,12,0,12,0,12,13,21,29,32,0,12,0,12,0,12,0,12,0,12,0,12,1593,410,184,84,1610,409,9,12,91,55,108,46,15,25,1610,409,21,16,0,12,536,271,26,22,1013,313,7,11
"4605","060372047003","Block Group 3, Census Tract 2047, Los Angeles County, California",1682,571,0,12,0,12,0,12,0,12,0,12,0,12,0,12,0,12,198,110,96,78,0,12,0,12,0,12,0,12,0,12,0,12,97,124,58,85,0,12,0,12,0,12,0,12,0,12,0,12,1849,573,640,404,1849,573,57,63,38,55,237,169,0,12,1849,573,0,12,0,12,25,38,39,47,1785,569,0,12
"4606","060374023031","Block Group 1, Census Tract 4023.03, Los Angeles County, California",1009,316,0,12,0,12,0,12,0,12,0,12,0,12,0,12,0,12,92,68,8,14,0,12,0,12,0,12,0,12,0,12,0,12,7,13,7,15,17,28,0,12,0,12,12,24,0,12,0,12,939,332,406,242,942,333,0,12,77,45,63,56,0,12,1075,335,78,53,0,12,50,41,161,107,750,319,19,36
"4607","060373006001","Block Group 1, Census Tract 3006, Los Angeles County, California",992,383,0,12,0,12,0,12,0,12,0,12,0,12,0,12,0,12,0,12,0,12,0,12,0,12,0,12,0,12,0,12,0,12,0,12,0,12,0,12,0,12,0,12,0,12,0,12,0,12,992,383,10,21,992,383,0,12,0,12,49,57,0,12,992,383,118,135,0,12,0,12,742,325,90,100,0,12
"4608","060372972023","Block Group 3, Census Tract 2972.02, Los Angeles County, California",563,253,0,12,0,12,0,12,0,12,9,15,0,12,0,12,0,12,9,16,0,12,9,14,0,12,8,13,0,12,0,12,0,12,0,12,0,12,8,14,0,12,0,12,0,12,0,12,0,12,607,276,125,150,607,276,0,12,0,12,14,24,0,12,607,276,17,28,0,12,0,12,221,134,369,227,0,12
"4609","060371255012","Block Group 2, Census Tract 1255.01, Los Angeles County, California",1212,218,0,12,0,12,0,12,0,12,0,12,0,12,0,12,0,12,22,26,10,16,28,44,0,12,0,12,0,12,0,12,0,12,14,21,0,12,0,12,0,12,0,12,0,12,0,12,0,12,1227,221,186,155,1227,221,29,41,63,44,7,12,0,12,1227,221,62,62,0,12,73,67,823,201,264,135,5,8
"4610","060373003016","Block Group 6, Census Tract 3003.01, Los Angeles County, California",1401,441,0,12,0,12,0,12,0,12,0,12,0,12,0,12,0,12,0,12,0,12,15,24,0,12,66,76,0,12,0,12,0,12,0,12,0,12,84,79,0,12,30,47,0,12,0,12,0,12,1416,441,49,64,1416,441,32,41,40,47,18,31,0,12,1416,441,540,314,0,12,0,12,657,331,190,189,0,12
"4611","060371064053","Block Group 3, Census Tract 1064.05, Los Angeles County, California",905,327,0,12,0,12,0,12,0,12,0,12,0,12,0,12,0,12,167,120,68,84,0,12,0,12,0,12,0,12,0,12,0,12,0,12,14,25,0,12,0,12,0,12,0,12,0,12,0,12,996,368,265,260,996,368,0,12,88,134,58,61,0,12,996,368,12,18,0,12,40,61,41,48,866,365,0,12
"4612","060379108132","Block Group 2, Census Tract 9108.13, Los Angeles County, California",1827,421,0,12,0,12,0,12,0,12,0,12,0,12,0,12,0,12,77,86,0,12,0,12,0,12,0,12,0,12,0,12,0,12,15,22,0,12,0,12,0,12,10,16,0,12,0,12,0,12,2038,481,208,114,2038,481,0,12,35,45,37,46,0,12,2038,481,93,86,0,12,0,12,1408,411,509,296,0,12
"4613","060374608001","Block Group 1, Census Tract 4608, Los Angeles County, California",1675,285,0,12,0,12,0,12,0,12,0,12,0,12,0,12,0,12,0,12,0,12,0,12,26,43,10,14,0,12,0,12,0,12,0,12,0,12,25,42,0,12,0,12,0,12,0,12,0,12,1715,279,109,103,1715,279,0,12,29,35,0,12,0,12,1715,279,208,108,0,12,69,84,1241,234,148,80,16,24
"4614","060374012032","Block Group 2, Census Tract 4012.03, Los Angeles County, California",2470,269,0,12,0,12,0,12,0,12,0,12,0,12,0,12,0,12,49,55,0,12,0,12,0,12,0,12,0,12,14,15,0,12,0,12,0,12,0,12,0,12,22,31,0,12,0,12,17,26,2613,293,234,111,2613,293,8,12,113,98,21,24,0,12,2613,293,363,165,0,12,68,76,1081,187,1015,305,11,16
"4615","060376500032","Block Group 2, Census Tract 6500.03, Los Angeles County, California",1412,338,18,30,0,12,0,12,0,12,0,12,0,12,0,12,0,12,0,12,0,12,0,12,0,12,35,31,0,12,0,12,0,12,0,12,0,12,0,12,0,12,9,13,0,12,0,12,0,12,1442,340,108,113,1442,340,0,12,66,75,88,94,0,12,1442,340,269,103,7,11,114,73,424,169,567,314,0,12
"4616","060379005061","Block Group 1, Census Tract 9005.06, Los Angeles County, California",1798,466,0,12,0,12,0,12,0,12,0,12,0,12,0,12,0,12,7,13,0,12,0,12,0,12,0,12,0,12,0,12,0,12,59,47,2,5,2,6,0,12,0,12,0,12,0,12,0,12,1909,487,560,342,1909,487,45,49,62,61,9,14,0,12,1922,488,2,4,0,12,587,322,420,158,870,314,0,12
"4617","060377008021","Block Group 1, Census Tract 7008.02, Los Angeles County, California",1236,384,0,12,0,12,0,12,0,12,0,12,0,12,0,12,0,12,21,23,0,12,0,12,0,12,0,12,0,12,0,12,0,12,0,12,0,12,49,47,0,12,0,12,0,12,0,12,0,12,1284,388,90,79,1284,388,0,12,10,16,0,12,0,12,1284,388,123,137,0,12,15,23,785,229,323,267,0,12
"4618","060379201061","Block Group 1, Census Tract 9201.06, Los Angeles County, California",3216,212,0,12,7,12,0,12,0,12,0,12,0,12,0,12,0,12,146,64,100,70,0,12,0,12,0,12,0,12,0,12,0,12,50,67,60,39,0,12,0,12,0,12,0,12,0,12,0,12,3381,249,138,55,3381,249,9,13,210,126,174,76,53,45,3381,249,95,56,0,12,65,52,1095,156,2095,302,0,12
"4619","060376507022","Block Group 2, Census Tract 6507.02, Los Angeles County, California",536,145,0,12,0,12,0,12,0,12,0,12,0,12,0,12,0,12,0,12,0,12,0,12,0,12,15,25,0,12,0,12,0,12,0,12,0,12,0,12,0,12,0,12,0,12,0,12,0,12,556,142,16,25,556,142,0,12,0,12,0,12,0,12,556,142,128,86,0,12,0,12,279,72,129,103,0,12
"4620","060376209043","Block Group 3, Census Tract 6209.04, Los Angeles County, California",783,173,0,12,0,12,0,12,0,12,0,12,0,12,0,12,0,12,0,12,0,12,0,12,0,12,0,12,0,12,0,12,0,12,0,12,0,12,0,12,0,12,0,12,0,12,0,12,0,12,804,178,0,12,804,178,0,12,0,12,0,12,0,12,804,178,39,28,0,12,0,12,665,180,29,37,0,12
"4621","060375031034","Block Group 4, Census Tract 5031.03, Los Angeles County, California",902,431,0,12,0,12,0,12,0,12,0,12,0,12,0,12,0,12,35,48,14,23,0,12,0,12,0,12,0,12,0,12,0,12,41,55,0,12,0,12,0,12,0,12,32,32,0,12,0,12,939,442,69,97,939,442,0,12,7,13,27,46,0,12,939,442,245,201,0,12,0,12,26,23,668,390,0,12
"4622","060377012014","Block Group 4, Census Tract 7012.01, Los Angeles County, California",903,209,0,12,0,12,0,12,0,12,0,12,0,12,0,12,0,12,0,12,0,12,9,15,0,12,0,12,0,12,0,12,0,12,0,12,0,12,0,12,0,12,0,12,0,12,0,12,0,12,944,222,50,79,961,226,0,12,0,12,0,12,0,12,961,226,137,72,0,12,0,12,668,214,104,97,0,12
"4623","060372971101","Block Group 1, Census Tract 2971.10, Los Angeles County, California",2282,348,0,12,0,12,0,12,0,12,0,12,0,12,0,12,0,12,142,75,111,93,7,11,0,12,0,12,13,21,0,12,0,12,0,12,65,59,0,12,0,12,0,12,0,12,0,12,0,12,2382,376,667,324,2382,376,0,12,95,90,138,101,0,12,2382,376,143,119,18,29,303,160,428,115,1386,371,0,12
"4624","060375752022","Block Group 2, Census Tract 5752.02, Los Angeles County, California",1447,340,9,15,0,12,0,12,0,12,0,12,0,12,0,12,0,12,197,130,109,79,0,12,0,12,37,47,10,15,0,12,0,12,0,12,0,12,0,12,0,12,81,70,8,13,0,12,0,12,1587,373,492,271,1587,373,0,12,80,66,118,77,0,12,1587,373,190,126,0,12,62,54,14,22,1321,348,0,12
"4625","060374638001","Block Group 1, Census Tract 4638, Los Angeles County, California",670,163,0,12,0,12,0,12,0,12,0,12,0,12,0,12,0,12,0,12,0,12,0,12,0,12,0,12,0,12,0,12,0,12,0,12,0,12,0,12,0,12,0,12,0,12,0,12,0,12,744,229,9,15,744,229,0,12,16,18,0,12,0,12,744,229,43,51,0,12,0,12,628,233,73,65,0,12
"4626","060375026012","Block Group 2, Census Tract 5026.01, Los Angeles County, California",732,312,0,12,0,12,0,12,0,12,0,12,0,12,0,12,0,12,19,21,0,12,0,12,0,12,0,12,0,12,0,12,0,12,7,11,28,42,0,12,0,12,0,12,0,12,0,12,0,12,806,377,66,83,806,377,0,12,0,12,13,21,0,12,806,377,11,18,0,12,0,12,67,55,728,378,0,12
"4627","060372384002","Block Group 2, Census Tract 2384, Los Angeles County, California",1337,370,0,12,0,12,0,12,0,12,0,12,0,12,0,12,0,12,0,12,0,12,0,12,0,12,0,12,0,12,0,12,0,12,36,57,0,12,0,12,0,12,0,12,0,12,0,12,0,12,1401,383,272,139,1401,383,86,139,0,12,28,44,0,12,1408,383,0,12,0,12,980,341,53,57,349,285,0,12
"4628","060374052021","Block Group 1, Census Tract 4052.02, Los Angeles County, California",1296,462,0,12,0,12,0,12,0,12,0,12,0,12,0,12,0,12,98,88,55,62,0,12,0,12,1,4,0,12,0,12,0,12,0,12,54,62,0,12,0,12,37,38,0,12,0,12,0,12,1409,522,222,204,1415,523,29,24,59,63,88,82,26,45,1415,523,131,132,255,252,16,28,29,36,984,436,0,12
"4629","060371393021","Block Group 1, Census Tract 1393.02, Los Angeles County, California",2249,434,0,12,0,12,0,12,0,12,0,12,0,12,0,12,0,12,29,29,0,12,75,112,0,12,0,12,0,12,0,12,0,12,0,12,0,12,55,75,66,90,0,12,0,12,20,31,0,12,2296,442,459,260,2296,442,0,12,21,25,109,85,0,12,2296,442,166,174,0,12,294,207,1146,333,586,305,5,11
"4630","060379203123","Block Group 3, Census Tract 9203.12, Los Angeles County, California",2291,428,0,12,0,12,0,12,0,12,0,12,0,12,0,12,0,12,54,49,24,22,0,12,0,12,10,20,0,12,0,12,0,12,36,55,0,12,0,12,0,12,14,22,11,16,0,12,0,12,2348,439,292,165,2348,439,21,27,161,87,46,46,0,12,2439,455,207,130,0,12,228,245,1117,297,865,285,0,12
"4631","060375326033","Block Group 3, Census Tract 5326.03, Los Angeles County, California",882,205,5,7,0,12,0,12,0,12,0,12,0,12,0,12,0,12,86,48,61,51,0,12,0,12,0,12,0,12,0,12,0,12,43,38,32,32,0,12,0,12,0,12,0,12,0,12,0,12,1087,264,156,132,1087,264,0,12,27,27,50,42,0,12,1087,264,0,12,0,12,11,18,8,14,1068,265,0,12
"4632","060373005021","Block Group 1, Census Tract 3005.02, Los Angeles County, California",2251,604,0,12,0,12,0,12,0,12,31,51,0,12,0,12,0,12,169,197,0,12,34,53,0,12,62,66,0,12,0,12,0,12,0,12,37,39,0,12,20,33,0,12,0,12,0,12,0,12,2294,602,279,175,2294,602,0,12,94,118,64,73,0,12,2294,602,417,248,85,108,0,12,761,213,997,646,0,12
"4633","060374801012","Block Group 2, Census Tract 4801.01, Los Angeles County, California",733,239,8,14,0,12,0,12,0,12,23,35,0,12,0,12,0,12,0,12,0,12,0,12,0,12,97,86,22,34,0,12,0,12,0,12,0,12,0,12,0,12,0,12,32,30,0,12,0,12,732,243,66,88,732,243,0,12,4,8,0,12,0,12,738,243,458,219,0,12,3,5,129,63,124,100,0,12
"4634","060371316003","Block Group 3, Census Tract 1316, Los Angeles County, California",1121,487,0,12,0,12,0,12,0,12,0,12,0,12,0,12,0,12,150,142,0,12,9,14,15,22,0,12,50,72,0,12,0,12,27,41,0,12,38,52,12,19,0,12,40,57,0,12,0,12,1108,486,81,89,1108,486,8,14,28,44,96,73,0,12,1121,487,158,130,0,12,20,26,280,138,651,466,0,12
"4635","060379103012","Block Group 2, Census Tract 9103.01, Los Angeles County, California",1660,308,0,12,0,12,0,12,0,12,0,12,0,12,0,12,0,12,0,12,0,12,0,12,0,12,0,12,0,12,0,12,0,12,54,79,0,12,0,12,0,12,0,12,0,12,0,12,0,12,1736,321,115,67,1736,321,0,12,49,57,31,29,0,12,1736,321,10,16,0,12,59,71,1063,284,557,245,14,19
"4636","060374616002","Block Group 2, Census Tract 4616, Los Angeles County, California",1143,263,0,12,0,12,0,12,0,12,0,12,0,12,0,12,0,12,30,35,0,12,0,12,0,12,19,31,0,12,0,12,0,12,0,12,0,12,0,12,0,12,0,12,0,12,0,12,10,17,1254,312,203,212,1254,312,8,13,14,21,35,45,10,17,1254,312,171,107,0,12,250,147,408,132,380,223,0,12
"4637","060372340003","Block Group 3, Census Tract 2340, Los Angeles County, California",639,238,0,12,0,12,0,12,0,12,0,12,0,12,0,12,0,12,0,12,0,12,0,12,0,12,0,12,0,12,0,12,0,12,0,12,0,12,0,12,0,12,0,12,0,12,0,12,0,12,665,254,27,43,665,254,0,12,0,12,0,12,0,12,665,254,0,12,0,12,548,252,66,55,29,34,0,12
"4638","060371810004","Block Group 4, Census Tract 1810, Los Angeles County, California",1151,405,0,12,0,12,0,12,0,12,0,12,0,12,0,12,0,12,0,12,0,12,12,21,0,12,0,12,0,12,0,12,0,12,0,12,0,12,0,12,15,27,0,12,0,12,0,12,0,12,1222,464,28,34,1244,468,0,12,0,12,24,42,0,12,1244,468,289,234,0,12,0,12,515,164,416,312,0,12
"4639","060375323041","Block Group 1, Census Tract 5323.04, Los Angeles County, California",2785,332,25,24,0,12,0,12,0,12,0,12,0,12,0,12,0,12,263,121,41,33,0,12,0,12,0,12,0,12,0,12,0,12,126,59,25,19,0,12,0,12,0,12,0,12,0,12,0,12,2904,346,448,211,2912,346,71,93,144,77,167,99,9,14,2912,346,10,15,0,12,142,113,45,58,2569,381,109,122
"4640","060375549001","Block Group 1, Census Tract 5549, Los Angeles County, California",1177,370,0,12,0,12,0,12,0,12,0,12,0,12,0,12,0,12,0,12,0,12,0,12,0,12,22,30,9,20,0,12,0,12,2,5,0,12,0,12,34,51,42,46,9,19,0,12,0,12,1163,371,43,56,1163,371,21,33,0,12,19,31,0,12,1177,370,560,308,0,12,3,6,520,251,92,137,0,12
"4641","060372736002","Block Group 2, Census Tract 2736, Los Angeles County, California",656,202,0,12,0,12,0,12,0,12,0,12,0,12,0,12,0,12,0,12,0,12,0,12,0,12,0,12,0,12,0,12,0,12,7,12,0,12,0,12,0,12,0,12,0,12,0,12,0,12,676,201,25,25,676,201,0,12,46,55,0,12,0,12,676,201,0,12,0,12,0,12,629,195,47,40,0,12
"4642","060375405022","Block Group 2, Census Tract 5405.02, Los Angeles County, California",1668,365,0,12,0,12,0,12,0,12,0,12,0,12,0,12,0,12,221,134,38,44,0,12,0,12,0,12,0,12,0,12,0,12,20,45,0,12,0,12,0,12,0,12,0,12,0,12,0,12,1803,420,382,225,1803,420,0,12,208,97,174,114,0,12,1803,420,0,12,0,12,377,252,80,107,1346,396,0,12
"4643","060371289103","Block Group 3, Census Tract 1289.10, Los Angeles County, California",1308,224,0,12,15,21,16,25,0,12,0,12,0,12,0,12,0,12,33,37,0,12,0,12,0,12,0,12,0,12,0,12,0,12,11,17,0,12,0,12,0,12,0,12,0,12,0,12,0,12,1354,233,171,89,1368,233,0,12,101,62,23,26,0,12,1368,233,25,26,0,12,158,103,802,213,280,150,0,12
"4644","060375510004","Block Group 4, Census Tract 5510, Los Angeles County, California",1531,460,0,12,0,12,0,12,0,12,0,12,0,12,0,12,0,12,136,154,0,12,0,12,0,12,0,12,0,12,0,12,0,12,0,12,0,12,0,12,0,12,0,12,0,12,0,12,0,12,1604,506,19,31,1604,506,0,12,17,27,37,50,0,12,1604,506,293,306,0,12,0,12,172,140,1139,420,0,12
"4645","060371815003","Block Group 3, Census Tract 1815, Los Angeles County, California",1185,417,0,12,0,12,0,12,0,12,0,12,0,12,0,12,0,12,65,94,0,12,0,12,0,12,0,12,0,12,0,12,0,12,0,12,27,34,0,12,0,12,0,12,0,12,0,12,0,12,1285,426,45,44,1285,426,0,12,92,99,56,52,0,12,1285,426,267,263,0,12,0,12,421,157,597,316,0,12
"4646","060372941102","Block Group 2, Census Tract 2941.10, Los Angeles County, California",1115,275,0,12,0,12,0,12,0,12,0,12,0,12,0,12,0,12,24,30,129,96,0,12,0,12,0,12,0,12,0,12,0,12,13,20,21,24,0,12,0,12,9,13,0,12,0,12,0,12,1297,332,355,260,1297,332,0,12,78,68,46,46,0,12,1297,332,92,92,0,12,0,12,90,78,1105,318,0,12
"4647","060372409001","Block Group 1, Census Tract 2409, Los Angeles County, California",932,493,0,12,0,12,0,12,0,12,0,12,0,12,0,12,0,12,137,86,0,12,0,12,0,12,0,12,0,12,0,12,0,12,71,58,0,12,0,12,0,12,0,12,0,12,0,12,0,12,1146,641,257,247,1146,641,0,12,23,38,37,44,0,12,1146,641,0,12,0,12,438,407,0,12,708,385,0,12
"4648","060373008003","Block Group 3, Census Tract 3008, Los Angeles County, California",1398,475,0,12,0,12,0,12,0,12,0,12,0,12,0,12,0,12,0,12,0,12,114,175,0,12,0,12,0,12,0,12,0,12,0,12,0,12,0,12,0,12,43,54,0,12,0,12,0,12,1442,486,114,175,1442,486,0,12,0,12,34,54,0,12,1442,486,244,156,0,12,0,12,751,255,122,193,0,12
"4649","060379800241","Block Group 1, Census Tract 9800.24, Los Angeles County, California",207,72,0,12,0,12,0,12,0,12,0,12,0,12,0,12,0,12,0,12,0,12,0,12,0,12,0,12,0,12,0,12,0,12,0,12,0,12,0,12,0,12,0,12,0,12,0,12,0,12,223,75,8,9,223,75,0,12,17,27,4,6,0,12,223,75,11,15,0,12,16,17,136,72,54,40,6,9
"4650","060371065202","Block Group 2, Census Tract 1065.20, Los Angeles County, California",1869,340,25,38,0,12,0,12,0,12,0,12,0,12,0,12,0,12,211,104,66,78,0,12,0,12,0,12,0,12,0,12,0,12,44,34,118,100,0,12,0,12,0,12,0,12,0,12,0,12,2020,397,361,172,2030,396,11,16,153,101,130,68,0,12,2030,396,51,70,0,12,14,24,156,104,1809,394,0,12
"4651","060375703013","Block Group 3, Census Tract 5703.01, Los Angeles County, California",1282,359,0,12,0,12,0,12,0,12,0,12,0,12,0,12,0,12,53,68,0,12,0,12,0,12,0,12,0,12,0,12,0,12,9,18,0,12,0,12,0,12,0,12,0,12,0,12,0,12,1469,498,191,208,1469,498,0,12,38,62,43,46,0,12,1469,498,131,149,0,12,272,161,77,62,841,546,0,12
"4652","060372212201","Block Group 1, Census Tract 2212.20, Los Angeles County, California",1149,216,8,12,0,12,0,12,0,12,0,12,0,12,0,12,0,12,294,120,183,75,0,12,0,12,2,5,0,12,0,12,12,20,50,36,41,31,0,12,0,12,0,12,0,12,0,12,0,12,1209,237,347,138,1209,237,13,20,200,134,237,131,16,18,1209,237,4,6,0,12,2,6,51,25,1152,239,0,12
"4653","060372698002","Block Group 2, Census Tract 2698, Los Angeles County, California",1877,276,0,12,0,12,0,12,0,12,0,12,0,12,0,12,0,12,15,18,0,12,8,13,0,12,0,12,0,12,0,12,0,12,34,48,0,12,0,12,0,12,13,21,0,12,11,17,0,12,1914,281,125,89,1914,281,6,9,95,70,113,99,0,12,1914,281,537,146,0,12,149,90,815,181,338,193,0,12
"4654","060372200002","Block Group 2, Census Tract 2200, Los Angeles County, California",823,256,0,12,0,12,0,12,0,12,0,12,0,12,0,12,0,12,0,12,19,30,17,25,0,12,0,12,0,12,0,12,0,12,25,41,30,44,0,12,0,12,9,14,0,12,0,12,0,12,865,267,129,112,865,267,0,12,36,59,17,26,0,12,865,267,135,106,0,12,192,147,74,71,464,238,0,12
"4655","060374625004","Block Group 4, Census Tract 4625, Los Angeles County, California",1347,501,0,12,0,12,0,12,0,12,0,12,0,12,0,12,0,12,0,12,29,38,0,12,0,12,0,12,0,12,0,12,0,12,22,35,0,12,116,111,0,12,0,12,0,12,0,12,0,12,1435,515,148,127,1446,516,0,12,17,27,29,38,0,12,1446,516,399,400,0,12,31,41,680,301,267,158,0,12
"4656","060373023011","Block Group 1, Census Tract 3023.01, Los Angeles County, California",1651,317,0,12,0,12,0,12,0,12,0,12,0,12,0,12,0,12,50,38,9,14,0,12,21,32,27,32,0,12,0,12,0,12,48,43,0,12,0,12,0,12,3,15,5,11,13,27,0,12,1575,319,152,145,1575,319,8,14,21,31,110,86,0,12,1702,333,260,141,0,12,20,21,835,202,571,283,6,12
"4657","060371852023","Block Group 3, Census Tract 1852.02, Los Angeles County, California",676,210,0,12,0,12,0,12,0,12,0,12,0,12,0,12,0,12,0,12,0,12,0,12,0,12,0,12,0,12,0,12,0,12,60,83,0,12,0,12,0,12,17,26,0,12,0,12,0,12,676,210,10,17,676,210,0,12,22,25,11,20,0,12,676,210,120,85,0,12,0,12,207,96,349,203,0,12
"4658","060372377202","Block Group 2, Census Tract 2377.20, Los Angeles County, California",2399,355,3,9,0,12,0,12,0,12,0,12,0,12,0,12,0,12,306,140,254,165,0,12,0,12,0,12,0,12,0,12,0,12,25,32,18,23,0,12,0,12,0,12,0,12,0,12,0,12,2730,393,1240,437,2845,419,6,9,174,80,226,84,4,6,2845,419,0,12,0,12,553,303,62,90,2214,421,13,22
"4659","060376022004","Block Group 4, Census Tract 6022, Los Angeles County, California",1785,501,0,12,0,12,0,12,0,12,0,12,0,12,0,12,0,12,0,12,0,12,0,12,0,12,0,12,0,12,0,12,0,12,0,12,0,12,0,12,0,12,0,12,0,12,0,12,0,12,1858,512,281,266,1858,512,76,88,94,80,53,63,0,12,1858,512,60,49,117,211,146,88,825,265,383,194,0,12
"4660","060372378002","Block Group 2, Census Tract 2378, Los Angeles County, California",730,223,0,12,0,12,0,12,0,12,0,12,0,12,0,12,0,12,38,36,0,12,0,12,0,12,0,12,0,12,0,12,0,12,34,29,32,29,0,12,0,12,0,12,0,12,0,12,0,12,816,269,31,41,816,269,0,12,29,46,47,39,0,12,816,269,0,12,0,12,463,270,0,12,320,171,0,12
"4661","060374307232","Block Group 2, Census Tract 4307.23, Los Angeles County, California",2570,349,0,12,0,12,0,12,0,12,0,12,0,12,0,12,0,12,0,12,0,12,0,12,0,12,136,83,52,69,0,12,0,12,0,12,0,12,0,12,0,12,44,41,0,12,0,12,0,12,2721,374,381,246,2721,374,102,143,0,12,182,155,0,12,2721,374,1553,391,0,12,147,128,594,197,326,188,0,12
"4662","060371954001","Block Group 1, Census Tract 1954, Los Angeles County, California",1000,332,0,12,0,12,0,12,0,12,0,12,0,12,0,12,0,12,27,42,0,12,0,12,0,12,0,12,0,12,0,12,0,12,0,12,0,12,0,12,0,12,0,12,0,12,0,12,0,12,1021,336,89,96,1021,336,0,12,56,88,0,12,0,12,1030,336,97,102,0,12,3,5,773,271,156,153,0,12
"4663","060374088001","Block Group 1, Census Tract 4088, Los Angeles County, California",1183,365,0,12,0,12,0,12,0,12,0,12,0,12,0,12,0,12,34,26,109,88,0,12,0,12,0,12,0,12,0,12,0,12,47,57,20,30,0,12,0,12,0,12,0,12,0,12,0,12,1161,425,322,215,1268,426,32,41,106,63,139,104,9,14,1268,426,12,22,0,12,123,119,210,108,902,393,0,12
"4664","060379203141","Block Group 1, Census Tract 9203.14, Los Angeles County, California",1736,211,17,26,0,12,0,12,0,12,0,12,0,12,0,12,0,12,6,10,0,12,0,12,0,12,0,12,0,12,0,12,0,12,13,18,0,12,0,12,0,12,0,12,0,12,0,12,0,12,1826,223,140,84,1821,224,17,26,38,34,44,37,0,12,1826,223,135,97,0,12,38,55,1200,174,388,164,0,12
"4665","060376702011","Block Group 1, Census Tract 6702.01, Los Angeles County, California",1148,202,0,12,0,12,0,12,0,12,0,12,0,12,0,12,0,12,0,12,0,12,0,12,0,12,22,33,0,12,0,12,0,12,0,12,0,12,0,12,0,12,56,85,0,12,0,12,0,12,1211,219,34,50,1211,219,0,12,0,12,0,12,0,12,1211,219,164,125,0,12,26,40,853,196,125,67,0,12
"4666","060379008053","Block Group 3, Census Tract 9008.05, Los Angeles County, California",1028,283,19,28,0,12,0,12,0,12,0,12,0,12,0,12,0,12,0,12,0,12,0,12,0,12,12,19,0,12,0,12,0,12,24,36,0,12,0,12,0,12,0,12,0,12,0,12,0,12,1112,297,251,146,1112,297,9,15,0,12,21,24,0,12,1118,296,0,12,0,12,155,182,761,207,192,177,0,12
"4667","060374050012","Block Group 2, Census Tract 4050.01, Los Angeles County, California",1662,389,0,12,0,12,0,12,0,12,0,12,0,12,0,12,0,12,114,75,76,58,0,12,0,12,0,12,0,12,0,12,0,12,10,16,81,79,0,12,0,12,11,18,9,14,0,12,0,12,1801,444,45,50,1801,444,43,50,97,65,160,101,0,12,1801,444,162,102,0,12,0,12,93,103,1546,423,0,12
"4668","060375509022","Block Group 2, Census Tract 5509.02, Los Angeles County, California",1862,439,0,12,0,12,0,12,0,12,0,12,0,12,0,12,0,12,114,95,14,22,0,12,0,12,33,37,0,12,36,57,0,12,0,12,0,12,0,12,0,12,0,12,0,12,0,12,0,12,2069,487,604,337,2069,487,70,71,18,29,150,103,0,12,2069,487,131,90,11,17,12,18,267,142,1645,483,0,12
"4669","060371132372","Block Group 2, Census Tract 1132.37, Los Angeles County, California",1273,286,0,12,0,12,0,12,0,12,0,12,0,12,0,12,0,12,2,4,0,12,20,28,0,12,7,13,0,12,0,12,0,12,0,12,0,12,14,22,0,12,0,12,0,12,0,12,0,12,1316,297,65,47,1316,297,0,12,50,49,33,41,0,12,1316,297,202,162,0,12,278,237,567,193,231,170,0,12
"4670","060371277122","Block Group 2, Census Tract 1277.12, Los Angeles County, California",1972,371,30,38,0,12,0,12,0,12,0,12,0,12,0,12,0,12,244,103,139,113,55,41,0,12,0,12,0,12,0,12,0,12,0,12,0,12,0,12,0,12,0,12,0,12,0,12,0,12,2099,409,221,104,2099,409,0,12,243,108,75,66,0,12,2099,409,117,107,0,12,184,138,365,130,1425,399,0,12
"4671","060372679021","Block Group 1, Census Tract 2679.02, Los Angeles County, California",886,216,12,19,0,12,0,12,0,12,0,12,0,12,0,12,0,12,0,12,0,12,0,12,0,12,11,18,0,12,0,12,0,12,0,12,0,12,0,12,0,12,0,12,0,12,0,12,0,12,1017,235,53,42,1017,235,0,12,0,12,3,6,0,12,1017,235,133,96,9,14,59,92,770,244,28,37,0,12
"4672","060372361004","Block Group 4, Census Tract 2361, Los Angeles County, California",1841,505,0,12,0,12,0,12,0,12,0,12,0,12,0,12,0,12,75,117,0,12,0,12,0,12,0,12,0,12,0,12,0,12,0,12,0,12,0,12,0,12,0,12,0,12,0,12,0,12,2076,622,787,403,2076,622,0,12,139,123,123,97,0,12,2076,622,0,12,0,12,1318,456,0,12,718,499,0,12
"4673","060371247002","Block Group 2, Census Tract 1247, Los Angeles County, California",1158,278,0,12,0,12,0,12,0,12,0,12,0,12,0,12,0,12,0,12,0,12,0,12,0,12,0,12,0,12,0,12,0,12,1,2,0,12,0,12,0,12,0,12,0,12,0,12,0,12,1237,312,185,137,1237,312,0,12,44,47,1,2,0,12,1237,312,55,64,0,12,17,25,897,231,209,202,0,12
"4674","060375519006","Block Group 6, Census Tract 5519, Los Angeles County, California",951,294,0,12,0,12,0,12,0,12,0,12,0,12,0,12,0,12,29,33,0,12,0,12,0,12,0,12,0,12,0,12,0,12,8,18,12,25,0,12,0,12,0,12,0,12,0,12,0,12,884,284,10,16,875,283,0,12,12,19,30,38,0,12,971,293,178,148,0,12,117,121,293,222,373,163,10,16
"4675","060374328012","Block Group 2, Census Tract 4328.01, Los Angeles County, California",1660,255,0,12,0,12,0,12,0,12,0,12,0,12,0,12,0,12,58,47,18,20,0,12,0,12,74,50,23,20,0,12,0,12,16,19,57,48,0,12,0,12,211,67,314,88,0,12,0,12,1729,283,431,142,1729,283,0,12,24,26,122,79,0,12,1729,283,865,146,0,12,5,7,11,12,848,281,0,12
"4676","060372412024","Block Group 4, Census Tract 2412.02, Los Angeles County, California",896,303,30,45,0,12,0,12,0,12,0,12,0,12,0,12,0,12,101,70,52,79,0,12,0,12,0,12,0,12,0,12,0,12,57,88,0,12,0,12,0,12,0,12,0,12,0,12,0,12,966,327,293,187,966,327,0,12,0,12,101,98,0,12,966,327,0,12,0,12,554,237,0,12,317,212,44,67
"4677","060371271041","Block Group 1, Census Tract 1271.04, Los Angeles County, California",1641,418,0,12,0,12,0,12,0,12,0,12,0,12,0,12,0,12,103,76,0,12,84,66,53,86,8,13,0,12,45,74,0,12,9,15,0,12,10,16,14,21,0,12,0,12,0,12,0,12,1746,457,710,392,1746,457,6,40,45,60,42,42,0,12,1746,457,150,121,0,12,0,12,1024,359,572,315,0,12
"4678","060374821021","Block Group 1, Census Tract 4821.02, Los Angeles County, California",1871,245,0,12,0,12,0,12,0,12,0,12,0,12,0,12,0,12,33,33,0,12,0,12,0,12,111,53,55,40,0,12,0,12,12,18,0,12,0,12,0,12,25,18,56,38,0,12,0,12,1978,246,234,107,1978,246,0,12,18,28,58,53,0,12,1982,247,1037,215,0,12,0,12,106,51,772,180,0,12
"4679","060371342011","Block Group 1, Census Tract 1342.01, Los Angeles County, California",1480,373,0,12,0,12,0,12,0,12,0,12,0,12,0,12,0,12,0,12,0,12,0,12,0,12,0,12,0,12,0,12,0,12,0,12,19,31,12,18,0,12,0,12,0,12,0,12,0,12,1599,417,52,46,1599,417,10,17,11,17,42,43,0,12,1599,417,80,68,0,12,11,20,667,222,778,356,0,12
"4680","060375749011","Block Group 1, Census Tract 5749.01, Los Angeles County, California",691,211,0,12,0,12,0,12,0,12,0,12,0,12,0,12,0,12,0,12,0,12,0,12,0,12,0,12,0,12,0,12,0,12,0,12,0,12,0,12,0,12,0,12,0,12,0,12,0,12,705,209,91,100,705,209,0,12,0,12,0,12,0,12,705,209,11,17,0,12,10,16,492,140,179,132,0,12
"4681","060371112012","Block Group 2, Census Tract 1112.01, Los Angeles County, California",1651,361,6,10,0,12,0,12,0,12,0,12,0,12,0,12,0,12,29,34,0,12,12,19,0,12,27,43,0,12,0,12,0,12,0,12,2,17,0,12,0,12,38,39,0,12,0,12,0,12,1723,388,46,38,1747,390,51,54,28,45,149,122,0,12,1755,391,358,139,0,12,26,38,888,251,466,252,0,12
"4682","060375354003","Block Group 3, Census Tract 5354, Los Angeles County, California",899,345,0,12,0,12,0,12,0,12,0,12,0,12,0,12,0,12,76,58,3,8,0,12,0,12,0,12,0,12,0,12,0,12,3,8,40,66,0,12,0,12,0,12,0,12,0,12,0,12,980,372,255,140,980,372,47,63,17,20,105,87,0,12,980,372,0,12,0,12,152,111,10,16,805,376,0,12
"4683","060374038014","Block Group 4, Census Tract 4038.01, Los Angeles County, California",1004,260,0,12,0,12,0,12,0,12,0,12,0,12,0,12,0,12,0,12,0,12,0,12,0,12,17,18,0,12,0,12,0,12,0,12,0,12,0,12,0,12,24,39,19,28,0,12,0,12,1062,286,54,48,1062,286,0,12,0,12,48,42,0,12,1062,286,272,132,0,12,0,12,149,85,614,277,0,12
"4684","060374303014","Block Group 4, Census Tract 4303.01, Los Angeles County, California",1982,289,0,12,0,12,0,12,0,12,0,12,0,12,0,12,0,12,9,14,0,12,16,22,0,12,0,12,0,12,0,12,0,12,4,9,0,12,0,12,0,12,0,12,21,26,0,12,0,12,2042,301,95,77,2042,301,0,12,33,30,47,32,0,12,2052,297,250,121,0,12,166,140,1190,225,348,122,0,12
"4685","060374029021","Block Group 1, Census Tract 4029.02, Los Angeles County, California",2263,376,29,45,0,12,0,12,0,12,0,12,0,12,0,12,0,12,141,71,72,50,0,12,0,12,82,50,10,20,0,12,0,12,8,12,0,12,0,12,0,12,61,40,47,60,0,12,0,12,2428,417,560,249,2428,417,40,64,118,59,158,93,0,12,2428,417,539,135,0,12,143,114,181,87,1565,434,0,12
"4686","060373016013","Block Group 3, Census Tract 3016.01, Los Angeles County, California",1905,537,0,12,0,12,0,12,0,12,0,12,0,12,0,12,0,12,0,12,0,12,316,251,92,129,0,12,0,12,0,12,0,12,0,12,0,12,55,73,63,79,0,12,0,12,0,12,0,12,1918,538,93,89,1918,538,8,16,35,55,114,111,48,75,1918,538,53,93,0,12,72,85,1451,514,293,180,0,12
"4687","060375427002","Block Group 2, Census Tract 5427, Los Angeles County, California",1081,371,0,12,0,12,0,12,0,12,0,12,0,12,0,12,0,12,121,74,0,12,0,12,0,12,0,12,0,12,0,12,0,12,0,12,49,63,0,12,0,12,0,12,0,12,0,12,0,12,1247,464,9,15,1247,464,21,24,38,37,47,47,0,12,1247,464,0,12,0,12,441,274,0,12,806,416,0,12
"4688","060376007022","Block Group 2, Census Tract 6007.02, Los Angeles County, California",978,299,0,12,0,12,0,12,0,12,0,12,0,12,0,12,0,12,133,134,0,12,0,12,0,12,0,12,0,12,0,12,0,12,10,15,10,15,0,12,0,12,0,12,0,12,0,12,0,12,998,299,238,198,1005,299,14,23,21,32,113,92,0,12,1005,299,0,12,0,12,547,154,73,76,385,235,0,12
"4689","060376204002","Block Group 2, Census Tract 6204, Los Angeles County, California",713,197,0,12,0,12,0,12,0,12,0,12,0,12,0,12,0,12,0,12,0,12,0,12,0,12,0,12,0,12,0,12,0,12,0,12,0,12,0,12,0,12,0,12,0,12,0,12,0,12,742,200,17,27,742,200,0,12,0,12,19,31,0,12,742,200,177,148,0,12,0,12,420,182,126,117,0,12
"4690","060374047012","Block Group 2, Census Tract 4047.01, Los Angeles County, California",1515,385,0,12,0,12,0,12,0,12,0,12,0,12,0,12,0,12,273,152,77,57,0,12,0,12,9,16,0,12,0,12,0,12,46,62,70,76,0,12,0,12,0,12,0,12,0,12,0,12,1645,455,52,52,1645,455,12,18,0,12,65,47,14,23,1674,452,20,33,0,12,11,24,10,16,1633,453,0,12
"4691","060374074001","Block Group 1, Census Tract 4074, Los Angeles County, California",1880,205,22,34,0,12,0,12,0,12,3,5,0,12,0,12,0,12,45,38,0,12,0,12,0,12,67,67,9,12,0,12,0,12,18,16,12,16,0,12,0,12,30,26,0,12,0,12,0,12,1977,205,62,49,1977,205,22,27,13,15,82,49,23,28,1977,205,567,141,25,26,117,68,222,102,893,191,0,12
"4692","060372697004","Block Group 4, Census Tract 2697, Los Angeles County, California",520,137,0,12,0,12,0,12,0,12,0,12,0,12,0,12,0,12,0,12,0,12,0,12,0,12,0,12,0,12,0,12,0,12,0,12,0,12,0,12,0,12,0,12,0,12,0,12,0,12,526,139,47,62,526,139,0,12,13,21,0,12,0,12,526,139,62,59,0,12,27,50,341,110,52,42,0,12
"4693","060371273002","Block Group 2, Census Tract 1273, Los Angeles County, California",1329,295,0,12,0,12,0,12,0,12,0,12,0,12,0,12,0,12,156,109,101,80,9,16,0,12,0,12,0,12,0,12,0,12,10,16,39,60,9,14,0,12,0,12,0,12,0,12,0,12,1439,319,115,82,1454,321,0,12,55,45,78,89,0,12,1454,321,162,106,0,12,58,74,370,159,798,336,31,36
"4694","060371894002","Block Group 2, Census Tract 1894, Los Angeles County, California",575,130,0,12,0,12,0,12,0,12,0,12,0,12,0,12,0,12,0,12,0,12,0,12,0,12,0,12,0,12,0,12,0,12,0,12,0,12,0,12,0,12,0,12,0,12,0,12,0,12,601,132,24,30,601,132,9,13,22,25,29,28,0,12,616,135,40,28,0,12,59,89,442,113,15,32,0,12
"4695","060373021043","Block Group 3, Census Tract 3021.04, Los Angeles County, California",1890,319,0,12,0,12,0,12,0,12,0,12,0,12,0,12,0,12,40,46,20,31,113,92,21,30,22,36,0,12,0,12,0,12,9,14,8,13,53,47,155,108,0,12,4,8,0,12,0,12,1886,313,320,228,1886,313,0,12,32,36,9,15,0,12,2002,326,495,236,0,12,45,30,1069,271,368,187,0,12
"4696","060376021032","Block Group 2, Census Tract 6021.03, Los Angeles County, California",1400,517,0,12,0,12,0,12,0,12,0,12,0,12,0,12,0,12,120,111,0,12,0,12,0,12,0,12,0,12,0,12,0,12,0,12,0,12,0,12,4,8,0,12,0,12,0,12,0,12,1421,582,237,200,1421,582,0,12,88,76,25,44,0,12,1514,585,154,164,0,12,473,348,58,42,780,488,0,12
"4697","060371916201","Block Group 1, Census Tract 1916.20, Los Angeles County, California",2464,302,0,12,0,12,0,12,0,12,0,12,0,12,0,12,0,12,231,125,153,86,0,12,24,36,31,38,27,39,0,12,0,12,27,32,55,51,6,11,25,30,41,31,65,51,0,12,0,12,2488,312,744,197,2488,312,0,12,246,126,165,95,0,12,2532,315,281,134,0,12,235,148,413,163,1603,326,0,12
"4698","060371915002","Block Group 2, Census Tract 1915, Los Angeles County, California",1787,416,43,38,0,12,0,12,0,12,0,12,0,12,0,12,0,12,107,65,76,88,7,11,6,12,14,23,0,12,0,12,0,12,0,12,9,14,20,31,11,16,14,20,18,26,10,17,0,12,1794,416,296,158,1806,418,38,44,70,54,124,80,8,15,1806,418,436,185,0,12,9,13,359,195,947,351,0,12
"4699","060374816032","Block Group 2, Census Tract 4816.03, Los Angeles County, California",853,241,0,12,0,12,0,12,0,12,0,12,0,12,0,12,0,12,0,12,0,12,0,12,0,12,104,52,61,49,0,12,0,12,0,12,0,12,0,12,0,12,6,12,53,63,0,12,0,12,897,254,203,153,897,254,0,12,0,12,29,35,0,12,897,254,639,217,0,12,0,12,76,60,172,133,10,16
"4700","060372678001","Block Group 1, Census Tract 2678, Los Angeles County, California",719,161,0,12,0,12,0,12,0,12,0,12,0,12,0,12,0,12,0,12,0,12,20,30,0,12,5,12,0,12,0,12,0,12,0,12,0,12,0,12,0,12,0,12,0,12,0,12,0,12,740,164,0,12,740,164,0,12,0,12,0,12,0,12,745,164,201,117,10,16,1,2,442,128,61,86,0,12
"4701","060371991202","Block Group 2, Census Tract 1991.20, Los Angeles County, California",1515,390,0,12,0,12,0,12,0,12,0,12,0,12,0,12,0,12,98,53,71,71,0,12,0,12,24,26,0,12,0,12,0,12,71,47,7,11,0,12,0,12,0,12,8,13,0,12,0,12,1589,435,656,379,1589,435,0,12,7,12,63,47,0,12,1589,435,142,90,0,12,70,109,69,56,1302,402,0,12
"4702","060374337001","Block Group 1, Census Tract 4337, Los Angeles County, California",1368,352,0,12,0,12,0,12,0,12,0,12,0,12,0,12,0,12,46,54,93,125,0,12,0,12,56,54,13,22,0,12,0,12,9,12,17,18,0,12,0,12,24,28,7,10,0,12,0,12,1498,378,158,153,1498,378,0,12,124,100,119,171,0,12,1513,377,180,125,0,12,0,12,32,28,1286,376,10,17
"4703","060372089032","Block Group 2, Census Tract 2089.03, Los Angeles County, California",1642,343,0,12,0,12,0,12,0,12,0,12,0,12,0,12,0,12,299,188,322,197,0,12,0,12,0,12,0,12,23,41,0,12,6,14,33,33,0,12,0,12,10,16,0,12,0,12,0,12,1664,390,773,246,1664,390,0,12,315,197,250,94,0,12,1827,391,37,31,0,12,205,164,100,80,1375,410,6,13
"4704","060375426023","Block Group 3, Census Tract 5426.02, Los Angeles County, California",1537,466,0,12,0,12,0,12,0,12,0,12,0,12,0,12,0,12,118,58,65,56,0,12,0,12,0,12,0,12,0,12,0,12,16,27,16,23,0,12,0,12,0,12,0,12,0,12,0,12,1647,518,333,237,1647,518,0,12,90,69,80,67,0,12,1647,518,0,12,0,12,337,169,0,12,1310,509,0,12
"4705","060372124201","Block Group 1, Census Tract 2124.20, Los Angeles County, California",1785,286,0,12,0,12,0,12,0,12,0,12,0,12,0,12,0,12,138,79,77,73,0,12,0,12,149,85,38,42,0,12,0,12,57,44,33,29,0,12,0,12,0,12,123,75,0,12,0,12,1937,310,427,193,1937,310,0,12,163,84,145,80,47,50,1937,310,627,181,0,12,103,72,93,53,1008,296,41,60
"4706","060374606004","Block Group 4, Census Tract 4606, Los Angeles County, California",679,240,18,27,0,12,0,12,0,12,0,12,0,12,0,12,0,12,0,12,0,12,0,12,0,12,9,15,0,12,0,12,0,12,0,12,0,12,0,12,0,12,0,12,0,12,0,12,0,12,720,245,0,12,720,245,0,12,0,12,8,13,0,12,720,245,40,44,0,12,0,12,607,247,73,84,0,12
"4707","060376203011","Block Group 1, Census Tract 6203.01, Los Angeles County, California",1092,232,0,12,0,12,0,12,0,12,0,12,0,12,0,12,0,12,0,12,0,12,0,12,0,12,0,12,0,12,0,12,0,12,0,12,0,12,0,12,0,12,0,12,0,12,0,12,0,12,1104,234,69,79,1104,234,0,12,0,12,14,21,0,12,1104,234,75,47,0,12,0,12,858,223,95,83,10,16
"4708","060371438003","Block Group 3, Census Tract 1438, Los Angeles County, California",1890,363,0,12,0,12,0,12,0,12,0,12,0,12,0,12,0,12,0,12,0,12,0,12,0,12,0,12,0,12,0,12,0,12,0,12,0,12,0,12,0,12,0,12,0,12,0,12,0,12,1997,380,50,44,1997,380,0,12,24,35,0,12,0,12,1997,380,112,136,0,12,17,27,1648,377,145,127,0,12
"4709","060374828002","Block Group 2, Census Tract 4828, Los Angeles County, California",1252,315,0,12,0,12,0,12,0,12,0,12,0,12,0,12,0,12,0,12,0,12,0,12,0,12,20,31,61,69,0,12,0,12,20,23,0,12,0,12,0,12,45,57,0,12,0,12,0,12,1414,347,55,71,1414,347,0,12,22,18,38,60,0,12,1414,347,473,277,0,12,9,14,62,42,804,272,37,56
"4710","060372098201","Block Group 1, Census Tract 2098.20, Los Angeles County, California",1738,270,19,23,13,21,0,12,0,12,0,12,0,12,0,12,0,12,368,122,332,138,0,12,0,12,0,12,23,26,0,12,0,12,0,12,16,26,0,12,0,12,0,12,0,12,0,12,0,12,1954,307,788,285,1960,307,48,44,172,79,393,146,0,12,1960,307,69,64,0,12,56,76,45,32,1783,305,0,12
"4711","060376704112","Block Group 2, Census Tract 6704.11, Los Angeles County, California",1790,253,0,12,0,12,0,12,0,12,0,12,0,12,0,12,0,12,0,12,0,12,0,12,0,12,0,12,0,12,0,12,0,12,0,12,0,12,0,12,0,12,7,11,0,12,0,12,0,12,1833,253,23,28,1833,253,0,12,0,12,17,18,0,12,1833,253,334,114,20,23,28,37,1177,241,134,89,0,12
"4712","060375760013","Block Group 3, Census Tract 5760.01, Los Angeles County, California",746,268,0,12,0,12,0,12,0,12,0,12,0,12,0,12,0,12,0,12,0,12,0,12,0,12,0,12,0,12,0,12,0,12,0,12,0,12,0,12,0,12,0,12,0,12,0,12,0,12,735,276,95,79,741,270,0,12,0,12,15,28,0,12,746,268,164,112,0,12,124,137,288,162,170,129,0,12
"4713","060372742023","Block Group 3, Census Tract 2742.02, Los Angeles County, California",809,292,0,12,0,12,0,12,0,12,0,12,0,12,0,12,0,12,0,12,0,12,0,12,0,12,0,12,0,12,0,12,0,12,0,12,0,12,0,12,0,12,0,12,0,12,0,12,0,12,809,292,132,134,809,292,0,12,16,26,0,12,0,12,809,292,0,12,0,12,0,12,792,297,17,29,0,12
"4714","060372643023","Block Group 3, Census Tract 2643.02, Los Angeles County, California",1363,393,0,12,0,12,0,12,0,12,0,12,0,12,0,12,0,12,0,12,0,12,0,12,0,12,0,12,0,12,0,12,0,12,0,12,0,12,23,34,0,12,0,12,0,12,0,12,0,12,1483,464,177,180,1470,458,0,12,0,12,12,20,0,12,1483,464,27,71,0,12,55,102,1229,414,115,145,0,12
"4715","060374011022","Block Group 2, Census Tract 4011.02, Los Angeles County, California",1545,455,0,12,0,12,0,12,0,12,0,12,0,12,0,12,0,12,168,232,18,22,0,12,0,12,0,12,0,12,0,12,0,12,0,12,25,30,0,12,0,12,0,12,0,12,0,12,0,12,1609,467,142,123,1609,467,46,61,238,291,72,85,0,12,1609,467,105,96,0,12,0,12,713,214,708,507,0,12
"4716","060377030023","Block Group 3, Census Tract 7030.02, Los Angeles County, California",2605,498,0,12,0,12,0,12,0,12,0,12,0,12,0,12,0,12,0,12,0,12,0,12,0,12,0,12,0,12,0,12,0,12,0,12,0,12,0,12,0,12,0,12,0,12,0,12,0,12,2619,498,148,122,2619,498,0,12,0,12,0,12,0,12,2619,498,103,57,0,12,2000,530,182,110,135,99,0,12
"4717","060374075013","Block Group 3, Census Tract 4075.01, Los Angeles County, California",1082,258,0,12,0,12,0,12,0,12,12,17,0,12,0,12,0,12,85,50,42,33,0,12,0,12,39,28,53,80,0,12,0,12,19,22,31,31,0,12,0,12,0,12,0,12,0,12,0,12,1125,284,111,102,1120,285,0,12,14,22,116,67,0,12,1125,284,159,130,0,12,0,12,93,73,873,251,0,12
"4718","060374333061","Block Group 1, Census Tract 4333.06, Los Angeles County, California",569,192,6,11,0,12,0,12,0,12,0,12,0,12,0,12,0,12,33,34,3,6,0,12,0,12,93,80,77,100,0,12,0,12,8,10,11,20,0,12,0,12,14,11,16,19,0,12,0,12,611,216,11,17,611,216,70,108,20,31,60,52,4,7,611,216,263,159,46,65,0,12,6,9,296,187,0,12
"4719","060371919012","Block Group 2, Census Tract 1919.01, Los Angeles County, California",1514,321,0,12,0,12,0,12,0,12,0,12,0,12,0,12,0,12,113,96,15,27,0,12,0,12,24,27,0,12,0,12,0,12,0,12,16,29,0,12,0,12,0,12,0,12,0,12,0,12,1544,329,272,182,1544,329,0,12,123,79,26,30,0,12,1544,329,63,53,0,12,105,93,762,195,509,208,0,12
"4720","060371882021","Block Group 1, Census Tract 1882.02, Los Angeles County, California",1033,167,0,12,0,12,0,12,0,12,0,12,0,12,0,12,0,12,17,26,0,12,0,12,0,12,0,12,0,12,0,12,0,12,0,12,0,12,0,12,0,12,0,12,0,12,0,12,0,12,1071,180,45,43,1071,180,0,12,99,65,21,25,0,12,1071,180,58,42,0,12,88,75,682,182,202,132,0,12
"4721","060375511013","Block Group 3, Census Tract 5511.01, Los Angeles County, California",1359,289,0,12,0,12,0,12,0,12,0,12,0,12,0,12,0,12,92,69,15,24,12,18,0,12,0,12,0,12,0,12,0,12,14,20,0,12,0,12,0,12,0,12,0,12,0,12,0,12,1510,332,162,152,1510,332,14,22,38,45,92,94,0,12,1510,332,31,36,0,12,113,137,98,85,1260,361,0,12
"4722","060375704023","Block Group 3, Census Tract 5704.02, Los Angeles County, California",960,223,24,26,0,12,0,12,0,12,0,12,0,12,0,12,0,12,41,27,30,29,0,12,0,12,8,11,0,12,0,12,0,12,0,12,0,12,0,12,0,12,7,11,0,12,0,12,0,12,948,218,237,164,967,223,20,31,47,43,30,22,0,12,967,223,54,34,0,12,338,135,26,19,549,193,0,12
"4723","060377018024","Block Group 4, Census Tract 7018.02, Los Angeles County, California",732,216,0,12,0,12,0,12,0,12,0,12,0,12,0,12,0,12,13,20,0,12,0,12,0,12,11,17,0,12,0,12,0,12,0,12,0,12,0,12,0,12,0,12,0,12,0,12,0,12,720,216,24,22,773,217,0,12,44,40,0,12,0,12,773,217,102,105,0,12,17,20,247,118,379,210,0,12
"4724","060379201023","Block Group 3, Census Tract 9201.02, Los Angeles County, California",3100,438,5,9,0,12,0,12,0,12,0,12,0,12,0,12,0,12,207,119,30,39,0,12,0,12,0,12,0,12,0,12,0,12,9,16,15,24,0,12,0,12,0,12,24,38,0,12,0,12,3280,444,173,99,3362,467,0,12,152,102,65,60,0,12,3362,467,131,90,0,12,27,28,1760,372,1370,414,0,12
"4725","060377026003","Block Group 3, Census Tract 7026, Los Angeles County, California",739,267,0,12,0,12,0,12,0,12,0,12,0,12,0,12,0,12,0,12,0,12,37,58,0,12,0,12,0,12,0,12,0,12,0,12,0,12,0,12,0,12,0,12,0,12,0,12,0,12,764,277,18,28,764,277,0,12,0,12,9,16,0,12,764,277,15,25,0,12,38,65,425,208,260,174,0,12
"4726","060372400103","Block Group 3, Census Tract 2400.10, Los Angeles County, California",1503,361,9,14,0,12,0,12,0,12,0,12,0,12,0,12,0,12,130,84,104,69,0,12,0,12,0,12,0,12,0,12,0,12,31,30,28,30,0,12,0,12,0,12,0,12,0,12,0,12,1671,393,647,271,1671,393,21,33,71,48,103,62,0,12,1671,393,0,12,0,12,526,247,5,8,1133,323,0,12
"4727","060372766041","Block Group 1, Census Tract 2766.04, Los Angeles County, California",2466,379,0,12,0,12,0,12,0,12,0,12,0,12,0,12,0,12,0,12,1,3,0,12,0,12,0,12,0,12,0,12,0,12,0,12,0,12,0,12,0,12,0,12,0,12,0,12,0,12,2571,396,347,214,2571,396,0,12,38,43,27,43,0,12,2571,396,513,268,0,12,248,207,1358,281,277,146,0,12
"4728","060372187011","Block Group 1, Census Tract 2187.01, Los Angeles County, California",1053,240,0,12,0,12,0,12,0,12,0,12,0,12,0,12,0,12,87,76,48,32,0,12,0,12,34,46,76,72,0,12,0,12,20,17,0,12,0,12,0,12,13,18,0,12,0,12,0,12,1076,237,347,203,1076,237,5,8,75,51,141,75,0,12,1076,237,270,200,0,12,250,116,63,61,481,146,0,12
"4729","060371414003","Block Group 3, Census Tract 1414, Los Angeles County, California",2312,369,8,13,0,12,0,12,0,12,0,12,0,12,0,12,0,12,0,12,0,12,0,12,0,12,10,15,0,12,0,12,0,12,0,12,0,12,43,61,0,12,10,15,0,12,0,12,0,12,2450,393,57,51,2450,393,23,36,13,20,89,101,0,12,2450,393,254,277,0,12,34,50,1967,378,165,91,0,12
"4730","060371284001","Block Group 1, Census Tract 1284, Los Angeles County, California",935,300,0,12,0,12,0,12,0,12,0,12,0,12,0,12,0,12,93,57,97,58,0,12,0,12,0,12,0,12,0,12,0,12,40,44,0,12,0,12,0,12,0,12,0,12,0,12,0,12,962,306,50,47,962,306,0,12,0,12,88,61,0,12,962,306,0,12,0,12,8,14,408,165,524,304,0,12
"4731","060374027063","Block Group 3, Census Tract 4027.06, Los Angeles County, California",1381,347,14,22,0,12,0,12,0,12,0,12,0,12,0,12,0,12,137,116,61,96,0,12,0,12,11,16,0,12,0,12,0,12,21,24,45,59,0,12,0,12,0,12,0,12,0,12,0,12,1454,374,111,78,1481,387,7,11,34,41,117,82,0,12,1486,387,42,39,0,12,197,144,79,56,1157,360,1,3
"4732","060375542032","Block Group 2, Census Tract 5542.03, Los Angeles County, California",1442,288,0,12,0,12,0,12,0,12,0,12,0,12,0,12,0,12,100,75,23,34,0,12,0,12,9,16,0,12,0,12,0,12,38,33,0,12,0,12,0,12,0,12,0,12,23,38,0,12,1598,328,131,93,1598,328,0,12,14,20,95,93,0,12,1598,328,240,125,110,125,83,110,387,185,778,285,0,12
"4733","060375340011","Block Group 1, Census Tract 5340.01, Los Angeles County, California",1385,314,0,12,0,12,0,12,0,12,0,12,0,12,0,12,0,12,285,114,38,61,0,12,0,12,12,19,12,19,0,12,0,12,34,37,19,31,0,12,0,12,0,12,0,12,0,12,0,12,1493,357,275,223,1493,357,0,12,102,116,149,88,0,12,1493,357,42,66,0,12,0,12,37,43,1414,356,0,12
"4734","060372713001","Block Group 1, Census Tract 2713, Los Angeles County, California",771,303,0,12,0,12,0,12,0,12,0,12,0,12,0,12,0,12,0,12,0,12,0,12,0,12,0,12,0,12,0,12,0,12,0,12,0,12,0,12,0,12,20,32,0,12,0,12,0,12,775,302,20,33,775,302,0,12,0,12,0,12,0,12,775,302,189,102,0,12,0,12,556,309,30,56,0,12
"4735","060371274004","Block Group 4, Census Tract 1274, Los Angeles County, California",1435,573,0,12,0,12,0,12,0,12,0,12,0,12,0,12,0,12,369,306,236,252,20,31,0,12,21,33,0,12,0,12,0,12,18,30,0,12,0,12,0,12,0,12,0,12,0,12,0,12,1707,748,213,138,1707,748,51,74,97,69,396,244,0,12,1707,748,59,77,0,12,3,24,112,138,1533,737,0,12
"4736","060374037214","Block Group 4, Census Tract 4037.21, Los Angeles County, California",776,265,0,12,0,12,0,12,0,12,0,12,0,12,0,12,0,12,17,26,0,12,0,12,0,12,8,15,0,12,0,12,0,12,2,4,8,14,0,12,0,12,0,12,0,12,0,12,0,12,776,265,87,64,776,265,0,12,81,84,82,75,0,12,776,265,17,29,0,12,79,101,227,175,453,230,0,12
"4737","060376503002","Block Group 2, Census Tract 6503, Los Angeles County, California",1518,343,0,12,0,12,0,12,0,12,0,12,0,12,0,12,0,12,0,12,0,12,0,12,0,12,0,12,0,12,0,12,0,12,17,30,0,12,0,12,0,12,0,12,7,16,0,12,0,12,1573,359,33,39,1573,359,0,12,0,12,67,64,33,46,1573,359,304,221,19,30,0,12,569,311,681,330,0,12
"4738","060375402032","Block Group 2, Census Tract 5402.03, Los Angeles County, California",1378,408,20,31,10,17,0,12,0,12,0,12,0,12,0,12,0,12,146,79,86,61,0,12,0,12,0,12,0,12,0,12,0,12,0,12,0,12,0,12,0,12,0,12,0,12,0,12,0,12,1425,419,395,284,1425,419,0,12,92,62,136,100,0,12,1425,419,13,21,0,12,56,67,41,54,1315,385,0,12
"4739","060371233011","Block Group 1, Census Tract 1233.01, Los Angeles County, California",1338,314,0,12,0,12,0,12,0,12,0,12,0,12,0,12,0,12,67,45,36,42,0,12,0,12,0,12,0,12,0,12,0,12,6,11,9,16,0,12,0,12,0,12,0,12,0,12,0,12,1440,334,325,197,1440,334,0,12,83,69,14,23,0,12,1440,334,146,135,0,12,150,149,331,178,788,258,0,12
"4740","060374019012","Block Group 2, Census Tract 4019.01, Los Angeles County, California",2383,334,8,13,0,12,0,12,0,12,0,12,0,12,0,12,0,12,0,12,0,12,0,12,0,12,0,12,0,12,0,12,0,12,0,12,0,12,0,12,0,12,0,12,0,12,0,12,0,12,57,25,0,12,2388,335,0,12,27,19,0,12,0,12,2388,335,631,136,0,12,154,69,1030,213,443,102,16,18
"4741","060376029003","Block Group 3, Census Tract 6029, Los Angeles County, California",948,284,0,12,0,12,0,12,0,12,0,12,0,12,0,12,0,12,44,44,0,12,0,12,0,12,31,34,13,18,0,12,0,12,0,12,0,12,0,12,0,12,12,24,0,12,0,12,0,12,982,299,202,109,982,299,0,12,21,32,34,34,0,12,982,299,207,164,0,12,356,206,32,26,369,277,0,12
"4742","060376033012","Block Group 2, Census Tract 6033.01, Los Angeles County, California",1302,251,0,12,0,12,0,12,0,12,10,16,0,12,0,12,0,12,7,12,23,19,0,12,0,12,53,50,0,12,0,12,0,12,0,12,89,98,0,12,0,12,34,44,28,44,0,12,0,12,1368,253,132,112,1368,253,8,12,23,27,125,79,44,47,1374,253,744,195,0,12,2,5,134,64,377,189,0,12
"4743","060371956002","Block Group 2, Census Tract 1956, Los Angeles County, California",781,238,0,12,0,12,0,12,0,12,0,12,0,12,0,12,0,12,58,60,78,79,0,12,0,12,16,21,0,12,9,11,0,12,0,12,25,35,0,12,0,12,24,33,0,12,0,12,0,12,801,241,129,81,801,241,17,22,26,42,63,68,0,12,801,241,239,88,0,12,9,14,125,51,398,241,0,12
"4744","060374017031","Block Group 1, Census Tract 4017.03, Los Angeles County, California",1991,339,0,12,0,12,0,12,0,12,0,12,0,12,26,40,0,12,7,12,0,12,0,12,0,12,4,11,5,11,9,14,0,12,0,12,1,12,0,12,0,12,0,12,0,12,0,12,0,12,2046,343,295,125,2053,346,0,12,91,75,21,22,0,12,2066,343,183,115,0,12,101,72,730,173,964,339,0,12
"4745","060374034083","Block Group 3, Census Tract 4034.08, Los Angeles County, California",1903,377,0,12,0,12,0,12,0,12,0,12,0,12,0,12,0,12,13,20,0,12,0,12,0,12,161,76,23,25,0,12,0,12,0,12,2,6,0,12,0,12,103,61,85,94,0,12,0,12,2059,431,57,53,2059,431,0,12,13,20,0,12,0,12,2059,431,1626,347,0,12,82,78,100,82,251,162,0,12
"4746","060375416042","Block Group 2, Census Tract 5416.04, Los Angeles County, California",1463,336,0,12,0,12,0,12,0,12,0,12,0,12,0,12,0,12,208,112,58,63,0,12,0,12,0,12,0,12,0,12,0,12,49,38,43,44,0,12,0,12,0,12,0,12,0,12,0,12,1521,348,311,207,1521,348,17,28,65,62,81,70,25,27,1521,348,0,12,0,12,220,120,8,12,1293,340,0,12
"4747","060371287021","Block Group 1, Census Tract 1287.02, Los Angeles County, California",1385,330,0,12,0,12,0,12,0,12,0,12,0,12,0,12,0,12,0,12,49,69,0,12,0,12,0,12,0,12,0,12,0,12,10,19,0,12,0,12,0,12,0,12,0,12,0,12,0,12,1385,330,119,108,1385,330,0,12,241,280,110,105,0,12,1385,330,32,38,0,12,220,247,764,243,369,187,0,12
"4748","060375530002","Block Group 2, Census Tract 5530, Los Angeles County, California",1162,362,10,18,0,12,0,12,0,12,0,12,0,12,0,12,0,12,32,40,0,12,0,12,0,12,0,12,0,12,0,12,0,12,0,12,53,56,0,12,0,12,0,12,0,12,0,12,0,12,1264,388,95,90,1264,388,0,12,73,76,50,48,0,12,1264,388,40,47,0,12,0,12,42,31,1182,395,0,12
"4749","060372089041","Block Group 1, Census Tract 2089.04, Los Angeles County, California",1939,400,19,30,0,12,0,12,0,12,0,12,0,12,0,12,0,12,357,164,270,161,0,12,0,12,0,12,0,12,0,12,0,12,21,22,31,30,0,12,0,12,157,59,86,64,0,12,0,12,2033,419,934,306,2033,419,76,70,268,169,241,131,18,28,2077,428,273,80,0,12,45,82,47,45,1712,428,0,12
"4750","060372185002","Block Group 2, Census Tract 2185, Los Angeles County, California",1431,200,2,8,0,12,0,12,0,12,0,12,0,12,0,12,0,12,124,68,14,15,0,12,0,12,0,12,0,12,0,12,0,12,5,8,5,8,0,12,0,12,0,12,0,12,0,12,0,12,1510,216,271,146,1510,216,42,40,30,29,97,78,0,12,1510,216,19,16,0,12,360,102,96,60,926,210,0,12
"4751","060372217102","Block Group 2, Census Tract 2217.10, Los Angeles County, California",1144,212,0,12,0,12,0,12,0,12,0,12,0,12,0,12,0,12,69,39,39,28,0,12,0,12,11,11,0,12,0,12,0,12,69,52,22,25,0,12,0,12,9,13,9,12,0,12,0,12,1169,217,455,140,1169,217,0,12,106,51,39,34,21,20,1169,217,228,80,0,12,133,48,103,86,696,237,0,12
"4752","060375339022","Block Group 2, Census Tract 5339.02, Los Angeles County, California",1516,244,13,17,0,12,0,12,0,12,0,12,0,12,0,12,0,12,238,81,82,51,0,12,0,12,0,12,0,12,0,12,0,12,0,12,38,29,0,12,0,12,0,12,0,12,0,12,0,12,1612,266,521,225,1657,262,82,91,71,64,134,70,0,12,1657,262,0,12,0,12,0,12,6,10,1651,264,0,12
"4753","060372145021","Block Group 1, Census Tract 2145.02, Los Angeles County, California",2368,678,0,12,0,12,0,12,0,12,0,12,0,12,0,12,0,12,0,12,0,12,17,28,0,12,56,68,0,12,0,12,0,12,0,12,0,12,0,12,0,12,0,12,0,12,0,12,0,12,2457,681,432,276,2457,681,0,12,42,71,213,211,0,12,2457,681,487,270,0,12,493,396,1241,494,179,171,0,12
"4754","060376001003","Block Group 3, Census Tract 6001, Los Angeles County, California",2394,464,21,33,0,12,0,12,0,12,0,12,0,12,0,12,0,12,298,125,137,141,0,12,0,12,0,12,0,12,0,12,0,12,28,35,29,35,0,12,0,12,0,12,0,12,0,12,0,12,2568,489,951,346,2568,489,50,48,131,78,212,161,0,12,2573,489,0,12,0,12,729,276,1,2,1843,536,0,12
"4755","060374827013","Block Group 3, Census Tract 4827.01, Los Angeles County, California",638,322,0,12,0,12,0,12,0,12,0,12,0,12,0,12,0,12,51,64,10,17,0,12,0,12,23,38,29,59,0,12,0,12,51,65,14,22,0,12,0,12,0,12,0,12,0,12,0,12,630,322,18,27,630,322,86,132,50,54,69,48,0,12,638,322,95,139,0,12,1,2,2,4,540,325,0,12
"4756","060375023013","Block Group 3, Census Tract 5023.01, Los Angeles County, California",1397,526,0,12,0,12,0,12,0,12,0,12,0,12,0,12,0,12,95,85,88,114,0,12,0,12,0,12,0,12,0,12,0,12,28,46,0,12,0,12,0,12,0,12,0,12,0,12,0,12,1521,554,109,187,1521,554,0,12,127,192,114,136,0,12,1521,554,17,151,0,12,45,65,60,48,1265,520,134,179
"4757","060374068003","Block Group 3, Census Tract 4068, Los Angeles County, California",1649,372,0,12,0,12,0,12,0,12,0,12,0,12,0,12,0,12,55,66,28,42,0,12,0,12,19,21,0,12,0,12,0,12,0,12,35,53,0,12,0,12,0,12,27,35,0,12,0,12,1703,384,172,140,1703,384,0,12,20,23,0,12,35,53,1703,384,231,139,0,12,100,110,167,81,1202,367,0,12
"4758","060372112021","Block Group 1, Census Tract 2112.02, Los Angeles County, California",2103,203,11,18,9,16,0,12,0,12,0,12,0,12,0,12,0,12,306,116,145,68,18,26,0,12,46,36,13,16,0,12,0,12,77,58,42,38,0,12,0,12,0,12,0,12,0,12,0,12,2239,212,443,190,2239,212,42,45,167,76,281,96,5,9,2239,212,358,129,0,12,99,52,201,51,1555,235,0,12
"4759","060375711015","Block Group 5, Census Tract 5711.01, Los Angeles County, California",520,152,0,12,0,12,0,12,0,12,0,12,0,12,0,12,0,12,9,14,0,12,0,12,0,12,0,12,0,12,0,12,0,12,0,12,0,12,0,12,0,12,0,12,0,12,0,12,0,12,578,187,40,52,578,187,0,12,0,12,10,19,0,12,578,187,59,61,8,13,0,12,350,171,143,106,0,12
"4760","060377029011","Block Group 1, Census Tract 7029.01, Los Angeles County, California",3049,634,0,12,0,12,0,12,0,12,0,12,0,12,0,12,0,12,0,12,0,12,0,12,0,12,125,158,0,12,0,12,0,12,0,12,0,12,0,12,0,12,0,12,0,12,0,12,0,12,3099,638,108,115,3099,638,0,12,0,12,267,264,0,12,3099,638,304,329,56,85,254,263,2169,414,273,208,0,12
"4761","060373023022","Block Group 2, Census Tract 3023.02, Los Angeles County, California",1394,312,7,14,0,12,0,12,0,12,0,12,0,12,0,12,0,12,67,75,0,12,58,46,106,89,12,17,0,12,16,25,0,12,0,12,0,12,15,22,80,64,0,12,0,12,0,12,0,12,1499,334,354,178,1499,334,0,12,18,28,202,99,8,12,1499,334,249,129,0,12,24,38,652,202,574,306,0,12
"4762","060374324012","Block Group 2, Census Tract 4324.01, Los Angeles County, California",1277,276,0,12,0,12,0,12,0,12,0,12,0,12,0,12,0,12,16,21,81,50,0,12,0,12,67,41,24,20,0,12,0,12,17,22,22,24,0,12,0,12,58,31,62,54,0,12,0,12,1306,294,68,46,1306,294,8,12,39,45,62,42,14,21,1306,294,456,173,0,12,0,12,124,78,722,260,0,12
"4763","060371851003","Block Group 3, Census Tract 1851, Los Angeles County, California",1179,324,0,12,0,12,0,12,0,12,0,12,0,12,0,12,0,12,0,12,0,12,0,12,0,12,0,12,0,12,0,12,0,12,0,12,18,30,0,12,0,12,0,12,0,12,18,29,0,12,1223,352,70,46,1223,352,0,12,22,36,62,70,0,12,1223,352,106,114,0,12,39,37,712,191,258,167,0,12
"4764","060371251001","Block Group 1, Census Tract 1251, Los Angeles County, California",1084,306,0,12,0,12,0,12,0,12,0,12,0,12,0,12,0,12,0,12,0,12,91,108,16,27,0,12,0,12,0,12,0,12,0,12,0,12,0,12,0,12,0,12,0,12,0,12,0,12,1108,318,19,28,1108,318,0,12,60,78,62,76,0,12,1108,318,118,84,0,12,41,45,896,318,31,53,0,12
"4765","060375308012","Block Group 2, Census Tract 5308.01, Los Angeles County, California",1222,564,0,12,0,12,0,12,0,12,0,12,0,12,0,12,0,12,146,88,80,86,0,12,0,12,0,12,0,12,0,12,0,12,158,112,9,14,0,12,0,12,0,12,0,12,0,12,0,12,1316,614,429,433,1316,614,7,12,19,31,129,92,0,12,1316,614,0,12,0,12,0,12,68,69,1248,628,0,12
"4766","060375325001","Block Group 1, Census Tract 5325, Los Angeles County, California",1197,352,0,12,0,12,0,12,0,12,0,12,0,12,0,12,0,12,92,60,163,104,0,12,0,12,0,12,0,12,0,12,0,12,41,30,37,41,0,12,0,12,0,12,0,12,0,12,0,12,1302,393,346,294,1302,393,18,29,109,102,69,53,0,12,1302,393,0,12,0,12,69,110,15,24,1218,425,0,12
"4767","060379200354","Block Group 4, Census Tract 9200.35, Los Angeles County, California",1067,369,0,12,0,12,0,12,0,12,0,12,0,12,0,12,0,12,0,12,0,12,0,12,0,12,0,12,0,12,0,12,0,12,118,74,0,12,0,12,0,12,0,12,0,12,0,12,0,12,1067,369,0,12,1067,369,0,12,0,12,58,51,0,12,1067,369,10,19,0,12,0,12,388,208,508,335,0,12
"4768","060375531002","Block Group 2, Census Tract 5531, Los Angeles County, California",769,249,12,17,0,12,0,12,0,12,0,12,0,12,0,12,0,12,0,12,0,12,0,12,0,12,10,15,0,12,0,12,0,12,0,12,0,12,0,12,0,12,0,12,0,12,0,12,0,12,837,273,94,92,837,273,46,68,28,43,18,19,8,13,837,273,210,145,0,12,0,12,129,76,465,241,0,12
"4769","060376704031","Block Group 1, Census Tract 6704.03, Los Angeles County, California",2619,149,0,12,0,12,5,10,0,12,10,11,8,13,0,12,0,12,0,12,6,9,0,12,0,12,54,31,6,10,0,12,0,12,6,8,0,12,0,12,0,12,16,22,0,12,0,12,0,12,2733,166,153,120,2733,166,49,56,21,21,73,58,12,20,2733,166,1049,156,6,9,26,38,1422,115,116,48,0,12
"4770","060372039001","Block Group 1, Census Tract 2039, Los Angeles County, California",1084,250,11,16,0,12,0,12,0,12,0,12,0,12,0,12,0,12,166,63,209,105,0,12,0,12,0,12,0,12,0,12,0,12,32,25,11,15,0,12,0,12,0,12,0,12,0,12,0,12,1159,261,353,198,1159,261,33,36,91,51,141,72,9,14,1159,261,0,12,0,12,0,12,0,12,1159,261,0,12
"4771","060376206023","Block Group 3, Census Tract 6206.02, Los Angeles County, California",466,244,0,12,0,12,0,12,0,12,0,12,0,12,0,12,0,12,0,12,0,12,0,12,0,12,0,12,0,12,0,12,0,12,0,12,0,12,0,12,0,12,0,12,0,12,0,12,0,12,509,266,0,12,509,266,16,27,12,19,12,24,0,12,509,266,78,139,0,12,0,12,319,199,100,109,0,12
"4772","060375437021","Block Group 1, Census Tract 5437.02, Los Angeles County, California",1181,350,0,12,0,12,0,12,0,12,0,12,0,12,0,12,0,12,68,69,8,18,0,12,0,12,71,85,0,12,0,12,0,12,0,12,19,22,0,12,0,12,12,18,0,12,0,12,0,12,1181,350,31,33,1181,350,0,12,10,21,61,59,0,12,1181,350,420,174,0,12,62,66,66,49,551,301,0,12
"4773","060375742022","Block Group 2, Census Tract 5742.02, Los Angeles County, California",1307,264,0,12,0,12,0,12,0,12,0,12,0,12,0,12,0,12,8,13,0,12,0,12,0,12,8,10,0,12,0,12,0,12,32,30,4,9,0,12,0,12,4,9,13,27,0,12,0,12,1011,198,113,121,991,183,0,12,0,12,10,12,0,12,1307,264,71,49,0,12,88,53,553,146,568,156,0,12
"4774","060374313002","Block Group 2, Census Tract 4313, Los Angeles County, California",1456,177,9,12,0,12,0,12,0,12,0,12,0,12,0,12,0,12,35,28,13,20,0,12,0,12,19,20,0,12,0,12,0,12,17,21,0,12,6,8,0,12,6,9,0,12,0,12,0,12,1605,189,177,107,1605,189,0,12,28,23,99,59,9,15,1605,189,262,107,48,74,22,23,552,123,635,163,0,12
"4775","060375003001","Block Group 1, Census Tract 5003, Los Angeles County, California",2847,225,16,24,0,12,0,12,0,12,0,12,0,12,0,12,0,12,0,12,0,12,0,12,0,12,0,12,0,12,0,12,0,12,12,18,20,25,0,12,0,12,23,34,0,12,0,12,0,12,2973,204,171,106,2973,204,0,12,16,17,44,69,0,12,2973,204,469,124,0,12,0,12,838,158,1609,230,0,12
"4776","060372012001","Block Group 1, Census Tract 2012, Los Angeles County, California",2661,276,0,12,0,12,0,12,0,12,0,12,0,12,0,12,0,12,294,104,67,43,0,12,0,12,55,37,1,5,0,12,0,12,60,44,11,18,0,12,0,12,56,57,20,31,0,12,0,12,2893,294,441,222,2893,294,22,34,60,41,186,86,0,12,2893,294,311,184,0,12,0,12,207,99,2356,361,0,12
"4777","060371204004","Block Group 4, Census Tract 1204, Los Angeles County, California",1331,515,0,12,0,12,0,12,0,12,0,12,0,12,0,12,0,12,132,114,0,12,39,50,0,12,0,12,0,12,0,12,0,12,0,12,0,12,0,12,0,12,0,12,0,12,0,12,0,12,1342,518,47,45,1342,518,0,12,93,109,23,32,0,12,1342,518,228,264,0,12,0,12,289,177,825,484,0,12
"4778","060376203056","Block Group 6, Census Tract 6203.05, Los Angeles County, California",435,263,0,12,0,12,0,12,0,12,0,12,0,12,0,12,0,12,0,12,0,12,0,12,0,12,15,24,0,12,0,12,0,12,0,12,0,12,0,12,0,12,0,12,0,12,0,12,0,12,435,263,49,75,435,263,0,12,0,12,0,12,0,12,435,263,15,24,0,12,0,12,405,260,15,24,0,12
"4779","060372969023","Block Group 3, Census Tract 2969.02, Los Angeles County, California",535,225,0,12,0,12,0,12,0,12,0,12,0,12,0,12,0,12,46,75,47,70,0,12,0,12,0,12,0,12,0,12,0,12,0,12,0,12,0,12,0,12,0,12,0,12,0,12,0,12,588,275,92,90,588,275,8,12,32,47,60,71,0,12,588,275,0,12,0,12,26,29,195,74,367,277,0,12
"4780","060372349023","Block Group 3, Census Tract 2349.02, Los Angeles County, California",1261,342,0,12,0,12,0,12,0,12,0,12,0,12,0,12,0,12,44,72,109,122,0,12,0,12,0,12,0,12,0,12,0,12,58,85,37,54,0,12,0,12,0,12,0,12,0,12,0,12,1529,501,447,236,1529,501,0,12,64,66,127,87,0,12,1529,501,87,103,5,11,512,217,107,81,750,443,0,12
"4781","060371959021","Block Group 1, Census Tract 1959.02, Los Angeles County, California",540,105,0,12,0,12,0,12,0,12,0,12,0,12,0,12,0,12,0,12,0,12,0,12,0,12,0,12,0,12,0,12,0,12,9,13,8,13,0,12,0,12,0,12,0,12,0,12,0,12,563,121,56,33,563,121,0,12,16,25,26,34,10,18,563,121,49,36,0,12,8,12,426,124,80,51,0,12
"4782","060376703281","Block Group 1, Census Tract 6703.28, Los Angeles County, California",760,179,0,12,0,12,0,12,0,12,0,12,0,12,0,12,0,12,0,12,0,12,0,12,0,12,10,17,10,17,0,12,0,12,21,33,0,12,0,12,0,12,0,12,0,12,0,12,0,12,779,186,44,53,779,186,11,17,14,20,15,24,0,12,779,186,120,109,0,12,0,12,623,195,36,40,0,12
"4783","060372652021","Block Group 1, Census Tract 2652.02, Los Angeles County, California",508,234,0,12,0,12,0,12,0,12,0,12,0,12,0,12,0,12,0,12,0,12,0,12,0,12,0,12,0,12,0,12,0,12,0,12,0,12,0,12,0,12,0,12,0,12,0,12,0,12,508,234,126,113,508,234,0,12,69,112,38,59,0,12,508,234,266,190,0,12,0,12,208,116,17,27,0,12
"4784","060375002025","Block Group 5, Census Tract 5002.02, Los Angeles County, California",1272,268,0,12,0,12,0,12,0,12,0,12,0,12,0,12,0,12,0,12,0,12,0,12,0,12,8,13,0,12,0,12,0,12,0,12,0,12,0,12,19,29,0,12,0,12,0,12,0,12,1380,330,21,32,1380,330,0,12,0,12,0,12,0,12,1380,330,536,400,0,12,0,12,481,136,308,130,4,8
"4785","060371082021","Block Group 1, Census Tract 1082.02, Los Angeles County, California",6946,463,0,17,0,17,0,17,0,17,18,28,0,17,0,17,0,17,19,32,0,17,0,17,0,17,126,80,0,17,0,17,0,17,0,17,0,17,86,88,0,17,290,272,96,116,17,26,0,17,7487,529,186,199,7487,529,44,47,87,102,110,102,0,17,7487,529,3566,663,0,17,588,416,2482,642,505,202,34,39
"4786","060371412021","Block Group 1, Census Tract 1412.02, Los Angeles County, California",440,148,0,12,0,12,0,12,0,12,0,12,0,12,0,12,0,12,0,12,0,12,0,12,0,12,0,12,0,12,0,12,0,12,0,12,0,12,0,12,0,12,0,12,0,12,0,12,0,12,459,155,102,84,459,155,0,12,0,12,0,12,0,12,459,155,0,12,0,12,0,12,440,155,19,33,0,12
"4787","060379201182","Block Group 2, Census Tract 9201.18, Los Angeles County, California",4088,312,0,12,0,12,0,12,0,12,0,12,0,12,0,12,0,12,33,50,0,12,0,12,0,12,11,17,0,12,0,12,0,12,0,12,0,12,0,12,0,12,0,12,19,27,0,12,0,12,4348,304,40,36,4358,303,0,12,11,17,13,19,0,12,4358,303,777,138,0,12,212,170,2249,328,1005,221,9,14
"4788","060375702025","Block Group 5, Census Tract 5702.02, Los Angeles County, California",1910,428,0,12,0,12,0,12,0,12,0,12,0,12,0,12,0,12,175,115,90,86,0,12,0,12,0,12,0,12,0,12,0,12,48,45,20,32,0,12,0,12,11,18,0,12,0,12,0,12,2082,450,304,159,2138,470,71,61,24,26,99,85,0,12,2138,470,181,169,24,33,189,196,36,39,1708,418,0,12
"4789","060376002021","Block Group 1, Census Tract 6002.02, Los Angeles County, California",2565,560,46,73,0,12,0,12,0,12,0,12,0,12,0,12,0,12,216,95,94,66,0,12,0,12,0,12,0,12,0,12,0,12,55,52,9,14,0,12,0,12,0,12,0,12,0,12,0,12,2671,573,780,342,2693,577,44,71,245,158,69,52,19,31,2693,577,0,12,0,12,774,356,0,12,1919,483,0,12
"4790","060374331021","Block Group 1, Census Tract 4331.02, Los Angeles County, California",3025,596,11,17,0,12,0,12,0,12,0,12,0,12,0,12,0,12,313,165,282,206,0,12,9,13,132,83,133,81,0,12,0,12,50,53,121,88,0,12,0,12,147,102,159,101,0,12,0,12,3119,626,497,283,3119,626,0,12,200,149,336,146,0,12,3119,626,1032,394,60,97,0,12,38,34,1989,487,0,12
"4791","060374613005","Block Group 5, Census Tract 4613, Los Angeles County, California",1667,453,0,12,1,3,0,12,0,12,0,12,0,12,0,12,0,12,81,94,0,12,113,170,0,12,0,12,0,12,0,12,0,12,0,12,0,12,17,27,0,12,0,12,0,12,0,12,0,12,1691,457,110,112,1691,457,0,12,13,24,0,12,0,12,1697,458,49,54,0,12,105,113,998,381,418,293,0,12
"4792","060372095101","Block Group 1, Census Tract 2095.10, Los Angeles County, California",1142,229,25,39,0,12,0,12,0,12,0,12,0,12,0,12,0,12,223,80,173,116,0,12,0,12,51,42,9,19,0,12,0,12,30,25,45,30,0,12,0,12,53,49,11,16,0,12,0,12,1120,234,540,177,1120,234,21,24,212,105,203,106,11,17,1184,235,359,167,0,12,4,6,39,27,782,200,0,12
"4793","060379200441","Block Group 1, Census Tract 9200.44, Los Angeles County, California",1653,145,25,26,0,12,0,12,0,12,0,12,0,12,0,12,0,12,0,12,0,12,0,12,0,12,0,12,0,12,0,12,0,12,0,12,0,12,0,12,0,12,17,27,0,12,0,12,0,12,1803,152,12,17,1803,152,7,12,13,17,25,19,17,27,1803,152,235,69,0,12,22,34,945,149,532,167,0,12
"4794","060375506014","Block Group 4, Census Tract 5506.01, Los Angeles County, California",1312,365,35,31,0,12,0,12,0,12,0,12,0,12,0,12,0,12,43,50,6,10,0,12,0,12,0,12,0,12,0,12,0,12,8,13,0,12,0,12,0,12,0,12,10,15,0,12,0,12,1432,387,84,89,1505,442,0,12,23,26,18,30,6,9,1505,442,222,123,0,12,23,38,161,130,1099,409,0,12
"4795","060374800122","Block Group 2, Census Tract 4800.12, Los Angeles County, California",643,164,0,12,0,12,0,12,0,12,0,12,0,12,0,12,0,12,0,12,0,12,0,12,0,12,50,41,0,12,0,12,0,12,0,12,0,12,0,12,0,12,15,23,22,26,0,12,0,12,654,166,0,12,654,166,0,12,0,12,4,11,0,12,654,166,353,146,0,12,0,12,145,84,150,111,0,12
"4796","060374045011","Block Group 1, Census Tract 4045.01, Los Angeles County, California",2567,233,0,12,0,12,0,12,0,12,0,12,0,12,0,12,0,12,267,106,107,57,0,12,0,12,0,12,0,12,0,12,0,12,62,28,6,10,0,12,0,12,0,12,0,12,0,12,0,12,2691,246,333,205,2789,273,34,32,133,85,118,49,0,12,2789,273,178,126,0,12,28,38,135,94,2381,327,0,12
"4797","060374052011","Block Group 1, Census Tract 4052.01, Los Angeles County, California",1678,423,0,12,0,12,0,12,0,12,0,12,0,12,0,12,0,12,126,89,90,78,0,12,0,12,42,42,0,12,0,12,0,12,7,12,57,61,0,12,0,12,24,27,0,12,0,12,0,12,1787,460,290,164,1787,460,9,16,43,53,59,51,0,12,1787,460,303,153,0,12,121,151,127,74,1180,432,0,12
"4798","060371881002","Block Group 2, Census Tract 1881, Los Angeles County, California",800,195,0,12,0,12,0,12,0,12,0,12,0,12,0,12,0,12,26,32,0,12,0,12,0,12,0,12,0,12,0,12,0,12,1,2,15,22,26,41,0,12,9,15,0,12,0,12,0,12,831,206,67,57,831,206,0,12,42,34,29,34,0,12,845,206,189,119,0,12,0,12,279,84,351,185,0,12
"4799","060371893003","Block Group 3, Census Tract 1893, Los Angeles County, California",676,202,0,12,0,12,0,12,0,12,0,12,0,12,0,12,0,12,0,12,0,12,0,12,0,12,0,12,9,16,0,12,0,12,0,12,0,12,0,12,0,12,0,12,0,12,0,12,0,12,708,218,139,91,708,218,0,12,0,12,27,41,0,12,708,218,66,48,0,12,40,42,581,199,10,15,0,12
"4800","060371898002","Block Group 2, Census Tract 1898, Los Angeles County, California",866,264,0,12,0,12,0,12,0,12,0,12,0,12,0,12,0,12,0,12,0,12,0,12,0,12,0,12,0,12,0,12,0,12,0,12,0,12,0,12,0,12,0,12,0,12,0,12,0,12,965,334,58,63,965,334,0,12,11,18,63,83,0,12,965,334,29,33,0,12,0,12,881,328,13,20,0,12
"4801","060371910003","Block Group 3, Census Tract 1910, Los Angeles County, California",1159,317,0,12,0,12,0,12,0,12,0,12,0,12,0,12,0,12,88,104,0,12,0,12,0,12,0,12,0,12,0,12,0,12,0,12,0,12,0,12,0,12,0,12,0,12,0,12,0,12,1186,342,73,64,1168,344,0,12,96,79,29,43,0,12,1186,342,205,135,0,12,24,41,582,245,312,208,0,12
"4802","060371348004","Block Group 4, Census Tract 1348, Los Angeles County, California",912,400,0,12,0,12,0,12,0,12,13,20,0,12,0,12,0,12,0,12,0,12,14,21,0,12,47,73,0,12,0,12,0,12,3,9,0,12,0,12,0,12,11,17,0,12,0,12,0,12,969,406,17,26,978,402,0,12,48,74,0,12,0,12,978,402,306,269,0,12,47,62,449,309,176,135,0,12
"4803","060371349013","Block Group 3, Census Tract 1349.01, Los Angeles County, California",857,282,0,12,0,12,0,12,0,12,0,12,0,12,0,12,0,12,0,12,0,12,25,40,0,12,0,12,0,12,0,12,0,12,0,12,0,12,0,12,0,12,9,14,0,12,0,12,0,12,875,275,261,210,885,277,0,12,0,12,0,12,0,12,885,277,87,75,0,12,0,12,593,252,156,168,0,12
"4804","060371373011","Block Group 1, Census Tract 1373.01, Los Angeles County, California",2216,188,0,12,0,12,0,12,0,12,0,12,0,12,0,12,0,12,0,12,0,12,11,12,0,12,5,9,0,12,0,12,0,12,0,12,0,12,9,13,0,12,0,12,4,14,0,12,0,12,2271,192,70,55,2271,192,0,12,10,16,7,11,9,14,2271,192,140,69,0,12,84,68,1679,185,171,85,2,4
"4805","060371374012","Block Group 2, Census Tract 1374.01, Los Angeles County, California",1065,212,0,12,0,12,0,12,0,12,0,12,0,12,0,12,0,12,0,12,0,12,0,12,0,12,0,12,0,12,0,12,0,12,0,12,0,12,0,12,0,12,0,12,0,12,0,12,0,12,1100,219,71,69,1100,219,0,12,66,94,39,35,0,12,1100,219,26,34,0,12,21,26,933,209,120,99,0,12
"4806","060371374022","Block Group 2, Census Tract 1374.02, Los Angeles County, California",1131,378,0,12,0,12,21,32,0,12,0,12,0,12,0,12,0,12,0,12,0,12,51,66,22,32,0,12,0,12,0,12,0,12,0,12,0,12,0,12,0,12,0,12,0,12,0,12,0,12,1181,398,0,12,1181,398,0,12,17,34,0,12,0,12,1181,398,43,63,0,12,0,12,1138,378,0,12,0,12
"4807","060371392003","Block Group 3, Census Tract 1392, Los Angeles County, California",3043,523,0,12,0,12,0,12,0,12,0,12,0,12,0,12,0,12,91,149,0,12,58,55,0,12,0,12,0,12,0,12,0,12,37,41,0,12,43,49,0,12,0,12,0,12,0,12,0,12,3111,537,367,238,3111,537,128,177,19,30,70,75,0,12,3111,537,171,136,0,12,73,64,2224,499,520,329,0,12
"4808","060371398011","Block Group 1, Census Tract 1398.01, Los Angeles County, California",3418,191,0,12,0,12,5,9,0,12,0,12,0,12,0,12,0,12,0,12,0,12,78,81,0,12,0,12,0,12,0,12,0,12,0,12,0,12,61,53,29,46,0,12,0,12,0,12,0,12,3488,200,67,53,3488,200,45,74,45,50,37,37,0,12,3488,200,81,58,0,12,205,191,2736,338,211,152,0,12
"4809","060371416002","Block Group 2, Census Tract 1416, Los Angeles County, California",664,146,0,12,0,12,0,12,0,12,0,12,0,12,0,12,0,12,14,23,0,12,0,12,0,12,0,12,0,12,0,12,0,12,0,12,0,12,0,12,0,12,0,12,0,12,0,12,0,12,677,151,0,12,677,151,0,12,21,33,0,12,0,12,677,151,7,12,0,12,14,23,613,143,31,51,0,12
"4810","060371133031","Block Group 1, Census Tract 1133.03, Los Angeles County, California",2315,299,0,12,0,12,0,12,0,12,0,12,0,12,0,12,0,12,14,22,0,12,13,21,0,12,0,12,1,10,0,12,0,12,0,12,0,12,34,51,0,12,39,58,13,19,0,12,0,12,2442,324,205,240,2424,323,26,29,6,9,8,12,0,12,2442,324,267,182,0,12,13,20,1604,331,504,230,0,12
"4811","060379200321","Block Group 1, Census Tract 9200.32, Los Angeles County, California",3341,244,0,12,0,12,0,12,0,12,0,12,0,12,0,12,0,12,11,13,0,12,12,15,0,12,27,26,0,12,0,12,0,12,13,18,0,12,23,34,0,12,9,12,0,12,0,12,0,12,3496,222,162,93,3496,222,24,26,11,12,59,46,0,12,3558,231,376,86,0,12,115,83,2055,205,873,170,0,12
"4812","060371833002","Block Group 2, Census Tract 1833, Los Angeles County, California",1294,275,0,12,0,12,0,12,0,12,0,12,0,12,0,12,0,12,45,39,13,18,0,12,0,12,0,12,0,12,0,12,0,12,3,5,0,12,0,12,0,12,0,12,27,39,0,12,0,12,1352,283,81,70,1352,283,0,12,84,60,69,51,10,16,1352,283,274,142,0,12,15,24,287,110,752,254,0,12
"4813","060371835102","Block Group 2, Census Tract 1835.10, Los Angeles County, California",1084,220,25,35,0,12,0,12,0,12,0,12,0,12,0,12,0,12,41,30,37,49,0,12,0,12,0,12,0,12,0,12,0,12,17,19,59,34,0,12,0,12,0,12,0,12,0,12,0,12,1155,240,217,196,1169,248,10,15,30,45,33,48,12,18,1169,248,5,8,0,12,0,12,193,75,957,253,0,12
"4814","060372352021","Block Group 1, Census Tract 2352.02, Los Angeles County, California",2116,427,0,12,0,12,0,12,0,12,0,12,0,12,0,12,0,12,92,72,29,46,0,12,0,12,0,12,0,12,0,12,0,12,36,55,20,32,0,12,0,12,0,12,0,12,0,12,0,12,2273,455,671,243,2273,455,0,12,103,73,233,122,0,12,2273,455,0,12,0,12,1174,332,0,12,1021,357,0,12
"4815","060372376002","Block Group 2, Census Tract 2376, Los Angeles County, California",959,321,0,12,0,12,0,12,0,12,0,12,0,12,0,12,0,12,78,59,43,56,0,12,0,12,0,12,0,12,0,12,0,12,0,12,46,55,0,12,0,12,0,12,0,12,0,12,0,12,1020,338,315,250,1020,338,59,63,56,66,19,26,38,53,1020,338,0,12,0,12,389,261,0,12,631,260,0,12
"4816","060372378003","Block Group 3, Census Tract 2378, Los Angeles County, California",904,321,0,12,0,12,0,12,0,12,0,12,0,12,0,12,0,12,62,85,0,12,0,12,0,12,0,12,0,12,0,12,0,12,0,12,0,12,0,12,0,12,0,12,0,12,0,12,0,12,904,321,229,247,904,321,0,12,13,20,39,61,0,12,904,321,0,12,0,12,512,274,38,53,262,173,0,12
"4817","060372393102","Block Group 2, Census Tract 2393.10, Los Angeles County, California",1740,390,16,24,0,12,0,12,0,12,0,12,0,12,0,12,0,12,185,91,295,150,0,12,0,12,0,12,0,12,0,12,0,12,20,23,15,24,0,12,0,12,0,12,0,12,0,12,0,12,1910,466,775,345,1910,466,50,47,189,135,213,96,0,12,1910,466,6,9,0,12,67,59,46,45,1785,480,0,12
"4818","060372393201","Block Group 1, Census Tract 2393.20, Los Angeles County, California",1825,423,0,12,9,14,0,12,0,12,0,12,0,12,0,12,0,12,268,89,160,76,0,12,0,12,0,12,0,12,0,12,0,12,0,12,60,65,0,12,0,12,0,12,0,12,0,12,0,12,1929,442,606,311,1945,456,59,56,110,113,177,87,0,12,1945,456,6,9,0,12,216,110,12,17,1539,443,0,12
"4819","060372403002","Block Group 2, Census Tract 2403, Los Angeles County, California",1002,415,0,12,0,12,0,12,0,12,0,12,0,12,0,12,0,12,33,50,0,12,0,12,0,12,0,12,0,12,0,12,0,12,0,12,0,12,0,12,0,12,0,12,0,12,0,12,0,12,1165,505,453,356,1165,505,0,12,0,12,132,115,0,12,1165,505,12,43,0,12,566,412,0,12,587,368,0,12
"4820","060372408001","Block Group 1, Census Tract 2408, Los Angeles County, California",1088,302,0,12,0,12,0,12,0,12,0,12,0,12,0,12,0,12,161,72,71,38,0,12,0,12,0,12,0,12,0,12,0,12,0,12,25,21,0,12,0,12,0,12,0,12,0,12,0,12,1176,338,274,190,1176,338,19,28,138,106,124,80,0,12,1176,338,10,21,0,12,361,206,12,18,793,252,0,12
"4821","060372420002","Block Group 2, Census Tract 2420, Los Angeles County, California",2124,476,0,12,0,12,0,12,0,12,0,12,0,12,0,12,0,12,222,88,159,88,0,12,0,12,0,12,0,12,0,12,0,12,17,25,32,42,0,12,0,12,0,12,0,12,0,12,0,12,2246,494,769,322,2260,496,16,25,164,82,180,88,0,12,2260,496,0,12,0,12,250,158,98,123,1912,485,0,12
"4822","060374305023","Block Group 3, Census Tract 4305.02, Los Angeles County, California",1324,340,0,12,0,12,0,12,0,12,0,12,0,12,0,12,0,12,0,12,0,12,0,12,0,12,0,12,0,12,0,12,0,12,0,12,0,12,0,12,0,12,0,12,0,12,0,12,0,12,1368,364,121,134,1368,364,0,12,13,27,24,36,0,12,1368,364,124,96,0,12,0,12,836,319,408,181,0,12
"4823","060372654101","Block Group 1, Census Tract 2654.10, Los Angeles County, California",520,87,0,12,0,12,0,12,0,12,0,12,0,12,0,12,0,12,0,12,0,12,0,12,0,12,0,12,0,12,0,12,0,12,0,12,0,12,0,12,0,12,0,12,0,12,0,12,0,12,597,106,6,9,597,106,0,12,0,12,0,12,0,12,597,106,45,68,0,12,0,12,511,117,12,13,0,12
"4824","060371112013","Block Group 3, Census Tract 1112.01, Los Angeles County, California",684,175,0,12,0,12,0,12,0,12,0,12,0,12,0,12,0,12,11,18,0,12,9,14,0,12,0,12,0,12,0,12,0,12,8,14,0,12,0,12,0,12,0,12,0,12,0,12,0,12,745,219,37,38,745,219,0,12,27,41,18,21,0,12,751,218,30,45,0,12,2,5,467,190,251,143,0,12
"4825","060372119222","Block Group 2, Census Tract 2119.22, Los Angeles County, California",1497,288,0,12,22,36,0,12,0,12,0,12,0,12,0,12,0,12,229,96,81,80,10,14,0,12,49,35,9,14,0,12,0,12,9,13,12,18,0,12,0,12,0,12,0,12,0,12,0,12,1694,325,243,142,1694,325,22,36,288,148,211,100,9,13,1694,325,533,207,9,14,144,135,125,72,855,290,20,30
"4826","060372118032","Block Group 2, Census Tract 2118.03, Los Angeles County, California",1828,385,25,41,0,12,0,12,0,12,0,12,0,12,0,12,0,12,106,137,24,38,0,12,0,12,213,121,0,12,0,12,0,12,0,12,0,12,0,12,0,12,0,12,0,12,0,12,0,12,1913,415,254,222,1913,415,13,19,97,70,147,114,0,12,1913,415,968,277,0,12,52,36,108,69,753,354,0,12
"4827","060374637002","Block Group 2, Census Tract 4637, Los Angeles County, California",2152,278,0,12,0,12,0,12,0,12,0,12,0,12,0,12,0,12,39,40,0,12,0,12,0,12,11,15,0,12,0,12,0,12,0,12,0,12,0,12,0,12,0,12,0,12,8,11,0,12,2181,282,176,125,2181,282,0,12,8,18,9,14,0,12,2181,282,347,140,0,12,190,157,1188,245,301,166,0,12
"4828","060372219002","Block Group 2, Census Tract 2219, Los Angeles County, California",1146,331,0,12,0,12,0,12,0,12,0,12,0,12,0,12,0,12,110,82,50,38,0,12,0,12,0,12,0,12,0,12,0,12,28,33,11,17,0,12,0,12,0,12,0,12,0,12,0,12,1229,381,490,236,1229,381,0,12,62,50,37,41,0,12,1229,381,0,12,0,12,199,223,313,194,659,206,0,12
"4829","060375353001","Block Group 1, Census Tract 5353, Los Angeles County, California",1342,415,23,34,12,18,0,12,0,12,0,12,0,12,0,12,0,12,202,127,68,51,0,12,0,12,0,12,0,12,0,12,0,12,54,44,11,16,0,12,0,12,0,12,0,12,0,12,0,12,1450,456,47,51,1450,456,0,12,57,53,29,45,0,12,1450,456,0,12,0,12,0,12,0,12,1450,456,0,12
"4830","060375357024","Block Group 4, Census Tract 5357.02, Los Angeles County, California",2061,634,0,12,0,12,0,12,0,12,0,12,0,12,0,12,0,12,187,110,154,78,0,12,0,12,0,12,0,12,0,12,0,12,24,22,19,27,0,12,0,12,0,12,0,12,0,12,0,12,2194,655,685,438,2194,655,25,41,258,245,197,114,0,12,2194,655,0,12,0,12,0,12,91,109,2082,650,0,12
"4831","060375358032","Block Group 2, Census Tract 5358.03, Los Angeles County, California",1235,280,19,29,0,12,0,12,0,12,0,12,0,12,0,12,0,12,235,113,82,55,0,12,0,12,0,12,0,12,0,12,0,12,64,57,57,44,0,12,0,12,0,12,0,12,0,12,0,12,1421,371,277,188,1421,371,23,37,19,21,71,68,0,12,1421,371,0,12,0,12,0,12,16,18,1405,373,0,12
"4832","060371905202","Block Group 2, Census Tract 1905.20, Los Angeles County, California",2730,393,0,12,0,12,11,20,0,12,0,12,0,12,0,12,0,12,214,92,45,52,45,42,0,12,62,54,59,67,0,12,0,12,48,54,0,12,58,54,52,72,0,12,0,12,0,12,0,12,2976,476,1030,421,2976,476,10,15,92,84,159,93,0,12,2976,476,739,345,0,12,60,59,899,213,1278,455,0,12
"4833","060371909012","Block Group 2, Census Tract 1909.01, Los Angeles County, California",2709,521,0,12,0,12,0,12,0,12,0,12,0,12,0,12,0,12,443,175,561,342,0,12,0,12,0,12,0,12,0,12,0,12,29,28,27,26,0,12,0,12,9,16,0,12,0,12,0,12,2898,575,551,324,2898,575,74,81,380,256,327,174,18,30,2898,575,163,137,0,12,119,160,135,93,2468,529,0,12
"4834","060371916102","Block Group 2, Census Tract 1916.10, Los Angeles County, California",1851,385,0,12,0,12,0,12,0,12,0,12,0,12,0,12,0,12,237,130,55,55,0,12,0,12,0,12,0,12,0,12,0,12,68,59,9,14,0,12,0,12,0,12,0,12,0,12,0,12,2040,447,474,230,2040,447,0,12,99,77,101,65,0,12,2040,447,205,157,0,12,142,142,452,184,1188,440,0,12
"4835","060371918102","Block Group 2, Census Tract 1918.10, Los Angeles County, California",1449,362,0,12,0,12,0,12,0,12,0,12,0,12,0,12,0,12,201,146,84,57,0,12,0,12,0,12,0,12,0,12,0,12,18,28,32,36,0,12,0,12,0,12,0,12,0,12,0,12,1499,382,264,247,1499,382,19,30,187,241,211,155,0,12,1499,382,0,12,0,12,168,189,336,229,957,367,0,12
"4836","060372031001","Block Group 1, Census Tract 2031, Los Angeles County, California",588,270,0,12,0,12,0,12,0,12,0,12,0,12,0,12,0,12,43,42,0,12,0,12,0,12,0,12,0,12,0,12,0,12,0,12,15,23,0,12,0,12,0,12,0,12,0,12,0,12,638,291,187,123,638,291,0,12,32,37,59,73,0,12,638,291,14,22,0,12,0,12,0,12,601,302,0,12
"4837","060372035001","Block Group 1, Census Tract 2035, Los Angeles County, California",511,136,0,12,0,12,0,12,0,12,0,12,0,12,0,12,0,12,15,24,0,12,0,12,0,12,0,12,14,24,0,12,0,12,0,12,0,12,0,12,0,12,0,12,0,12,0,12,0,12,540,145,69,62,541,144,0,12,51,33,21,23,11,17,546,144,149,83,0,12,10,13,61,37,326,137,0,12
"4838","060371092002","Block Group 2, Census Tract 1092, Los Angeles County, California",1069,329,0,12,0,12,0,12,0,12,0,12,0,12,0,12,0,12,0,12,0,12,23,36,0,12,0,12,0,12,0,12,0,12,0,12,0,12,0,12,0,12,0,12,0,12,0,12,0,12,1135,370,22,22,1135,370,15,23,0,12,3,9,0,12,1135,370,357,307,0,12,2,4,337,153,410,253,0,12
"4839","060371132121","Block Group 1, Census Tract 1132.12, Los Angeles County, California",1157,263,0,12,0,12,0,12,0,12,0,12,0,12,0,12,0,12,10,16,0,12,0,12,0,12,15,29,9,17,0,12,0,12,0,12,11,18,0,12,0,12,16,28,0,12,0,12,0,12,1217,268,50,57,1217,268,0,12,56,75,36,40,0,12,1217,268,267,160,0,12,0,12,468,150,425,188,0,12
"4840","060371221202","Block Group 2, Census Tract 1221.20, Los Angeles County, California",2748,758,0,12,0,12,0,12,0,12,0,12,0,12,0,12,0,12,289,138,106,102,0,12,0,12,2,4,0,12,0,12,0,12,105,64,46,42,0,12,0,12,0,12,0,12,0,12,0,12,2806,797,383,216,2806,797,29,43,189,207,202,141,14,21,2806,797,3,4,0,12,186,213,163,127,2354,777,0,12
"4841","060375359013","Block Group 3, Census Tract 5359.01, Los Angeles County, California",1535,378,0,12,0,12,0,12,0,12,0,12,0,12,0,12,0,12,134,97,90,76,0,12,0,12,0,12,0,12,0,12,0,12,64,56,81,84,0,12,0,12,0,12,0,12,0,12,0,12,1622,426,521,339,1622,426,0,12,24,36,86,68,23,35,1622,426,0,12,0,12,0,12,8,14,1614,429,0,12
"4842","060371175201","Block Group 1, Census Tract 1175.20, Los Angeles County, California",3795,279,13,15,0,12,21,33,0,12,0,12,0,12,0,12,0,12,404,120,342,98,0,12,0,12,49,36,0,12,0,12,0,12,47,44,25,31,0,12,0,12,8,16,8,11,0,12,0,12,4135,294,1517,367,4143,296,90,62,299,94,303,91,15,17,4168,305,307,180,0,12,239,108,170,70,3430,305,0,12
"4843","060371999002","Block Group 2, Census Tract 1999, Los Angeles County, California",1105,241,0,12,3,6,0,12,0,12,0,12,0,12,0,12,0,12,66,54,37,27,0,12,0,12,6,9,20,24,0,12,0,12,72,43,37,34,0,12,0,12,0,12,44,44,0,12,0,12,1210,287,105,61,1210,287,3,6,45,34,0,12,0,12,1210,287,254,130,0,12,8,12,18,22,930,277,0,12
"4844","060372011203","Block Group 3, Census Tract 2011.20, Los Angeles County, California",752,278,0,12,0,12,0,12,0,12,0,12,0,12,0,12,0,12,38,57,0,12,0,12,0,12,0,12,0,12,0,12,0,12,29,34,38,44,0,12,0,12,0,12,0,12,0,12,0,12,807,300,46,58,807,300,0,12,11,18,0,12,0,12,807,300,44,34,0,12,0,12,79,62,684,292,0,12
"4845","060372015011","Block Group 1, Census Tract 2015.01, Los Angeles County, California",1177,295,0,12,0,12,0,12,0,12,0,12,0,12,0,12,0,12,161,65,0,12,0,12,0,12,9,16,0,12,0,12,0,12,7,10,48,75,0,12,0,12,0,12,0,12,0,12,0,12,1222,310,530,285,1222,310,22,34,29,47,79,81,0,12,1222,310,32,39,0,12,12,19,102,71,1076,296,0,12
"4846","060372017001","Block Group 1, Census Tract 2017, Los Angeles County, California",2174,388,0,12,0,12,0,12,0,12,0,12,0,12,0,12,0,12,0,12,0,12,0,12,0,12,15,14,0,12,0,12,0,12,33,36,0,12,0,12,0,12,6,10,63,56,0,12,0,12,1412,494,262,394,2299,400,19,20,97,113,0,12,20,32,2299,400,380,123,7,12,201,117,476,130,1172,296,0,12
"4847","060372060201","Block Group 1, Census Tract 2060.20, Los Angeles County, California",8941,750,0,17,0,17,0,17,0,17,0,17,0,17,0,17,0,17,168,57,116,88,8,14,0,17,26,46,0,17,0,17,0,17,0,17,8,13,0,17,0,17,0,17,0,17,0,17,0,17,579,101,79,46,579,101,0,17,45,37,0,17,0,17,8947,750,328,97,49,31,2773,309,1657,234,3864,411,51,30
"4848","060375351023","Block Group 3, Census Tract 5351.02, Los Angeles County, California",1407,331,15,22,0,12,0,12,0,12,0,12,0,12,0,12,0,12,93,84,59,67,0,12,0,12,0,12,0,12,0,12,0,12,0,12,21,32,0,12,0,12,0,12,0,12,0,12,0,12,1532,371,94,130,1532,371,0,12,49,37,64,64,0,12,1532,371,0,12,0,12,272,193,0,12,1260,388,0,12
"4849","060371044011","Block Group 1, Census Tract 1044.01, Los Angeles County, California",1279,339,5,10,0,12,0,12,0,12,0,12,0,12,0,12,0,12,203,124,116,100,0,12,0,12,0,12,0,12,0,12,0,12,51,32,0,12,0,12,0,12,0,12,0,12,0,12,0,12,1326,346,182,119,1332,347,0,12,62,57,137,117,0,12,1332,347,36,58,0,12,14,22,38,40,1244,358,0,12
"4850","060371045002","Block Group 2, Census Tract 1045, Los Angeles County, California",1976,450,0,12,0,12,0,12,0,12,0,12,0,12,0,12,0,12,189,95,103,77,0,12,0,12,0,12,0,12,0,12,0,12,80,41,48,35,0,12,0,12,0,12,0,12,0,12,0,12,2146,510,479,315,2146,510,13,13,154,94,107,63,0,12,2146,510,0,12,0,12,0,12,25,23,2117,512,4,7
"4851","060375507003","Block Group 3, Census Tract 5507, Los Angeles County, California",704,240,0,12,0,12,0,12,0,12,7,13,0,12,0,12,0,12,0,12,20,33,0,12,0,12,0,12,0,12,0,12,0,12,62,97,0,12,0,12,0,12,9,18,0,12,0,12,0,12,786,302,0,12,786,302,0,12,0,12,20,33,0,12,786,302,37,69,0,12,0,12,231,130,504,278,14,22
"4852","060375507001","Block Group 1, Census Tract 5507, Los Angeles County, California",856,396,0,12,0,12,0,12,0,12,0,12,0,12,0,12,0,12,0,12,0,12,0,12,0,12,0,12,0,12,0,12,0,12,29,35,17,28,0,12,0,12,20,33,0,12,0,12,0,12,918,395,18,19,918,395,0,12,2,5,59,83,0,12,918,395,40,66,0,12,2,4,53,68,793,390,0,12
"4853","060375518002","Block Group 2, Census Tract 5518, Los Angeles County, California",1508,599,0,12,0,12,0,12,0,12,0,12,0,12,0,12,0,12,0,12,0,12,0,12,0,12,20,40,0,12,0,12,0,12,12,21,29,49,0,12,0,12,0,12,0,12,0,12,0,12,1508,599,26,44,1508,599,0,12,25,41,43,69,0,12,1508,599,35,44,0,12,0,12,457,316,1003,484,0,12
"4854","060374025012","Block Group 2, Census Tract 4025.01, Los Angeles County, California",2906,480,0,12,0,12,0,12,0,12,0,12,0,12,0,12,0,12,316,118,257,111,0,12,0,12,23,40,21,33,0,12,0,12,61,65,98,66,0,12,0,12,0,12,0,12,0,12,0,12,3228,503,826,306,3301,543,82,70,179,83,368,154,0,12,3301,543,115,92,0,12,56,70,123,89,3007,575,0,12
"4855","060374026003","Block Group 3, Census Tract 4026, Los Angeles County, California",1637,490,18,28,0,12,0,12,0,12,0,12,0,12,0,12,0,12,155,118,27,43,16,25,0,12,0,12,0,12,0,12,0,12,60,95,56,68,0,12,0,12,0,12,0,12,0,12,0,12,1786,553,344,252,1786,553,0,12,57,58,27,32,0,12,1791,555,18,21,0,12,87,89,411,180,1267,544,0,12
"4856","060372226003","Block Group 3, Census Tract 2226, Los Angeles County, California",1203,350,16,26,0,12,0,12,0,12,0,12,0,12,0,12,0,12,263,139,16,21,0,12,0,12,0,12,0,12,0,12,0,12,44,50,40,34,0,12,0,12,0,12,0,12,0,12,0,12,1203,350,143,83,1218,352,15,26,111,90,78,67,0,12,1218,352,20,28,0,12,187,137,7,11,975,343,0,12
"4857","060375338034","Block Group 4, Census Tract 5338.03, Los Angeles County, California",1868,418,11,17,0,12,0,12,0,12,0,12,0,12,0,12,0,12,259,129,134,74,0,12,0,12,0,12,0,12,0,12,0,12,117,63,56,53,0,12,0,12,0,12,0,12,0,12,0,12,1965,473,482,317,1965,473,0,12,69,78,159,105,0,12,2058,471,0,12,11,17,36,20,229,169,1782,472,0,12
"4858","060375341012","Block Group 2, Census Tract 5341.01, Los Angeles County, California",986,274,0,12,0,12,0,12,0,12,0,12,11,15,0,12,0,12,202,100,81,71,0,12,0,12,35,49,0,12,0,12,0,12,42,44,28,35,0,12,0,12,0,12,0,12,0,12,0,12,1063,288,484,243,1063,288,94,82,97,75,228,107,0,12,1063,288,69,99,0,12,0,12,8,12,986,258,0,12
"4859","060372190101","Block Group 1, Census Tract 2190.10, Los Angeles County, California",1335,289,0,12,0,12,0,12,0,12,0,12,0,12,0,12,0,12,125,60,6,10,0,12,0,12,0,12,0,12,0,12,0,12,36,38,38,39,0,12,0,12,0,12,8,12,0,12,0,12,1402,305,338,186,1417,313,24,38,29,22,126,55,10,15,1417,313,42,42,0,12,402,186,75,60,868,294,0,12
"4860","060372190203","Block Group 3, Census Tract 2190.20, Los Angeles County, California",1290,395,15,25,0,12,0,12,0,12,0,12,0,12,0,12,0,12,111,76,0,12,0,12,0,12,0,12,2,5,0,12,0,12,120,117,11,18,0,12,0,12,0,12,0,12,0,12,0,12,1408,449,332,190,1408,449,0,12,15,23,62,54,0,12,1408,449,24,33,0,12,403,229,46,58,935,421,0,12
"4861","060372314002","Block Group 2, Census Tract 2314, Los Angeles County, California",1603,424,41,49,0,12,0,12,0,12,0,12,0,12,0,12,0,12,204,131,47,53,0,12,0,12,0,12,0,12,0,12,0,12,0,12,0,12,0,12,0,12,0,12,0,12,0,12,0,12,1754,454,221,134,1761,456,72,65,163,160,233,137,0,12,1761,456,0,12,0,12,866,365,110,95,785,380,0,12
"4862","060372347001","Block Group 1, Census Tract 2347, Los Angeles County, California",587,337,0,12,0,12,0,12,0,12,0,12,0,12,0,12,0,12,11,17,11,16,0,12,0,12,0,12,0,12,0,12,0,12,18,27,0,12,0,12,0,12,0,12,0,12,0,12,0,12,587,337,184,136,587,337,33,54,0,12,46,44,0,12,587,337,0,12,0,12,164,107,54,89,369,318,0,12
"4863","060374062002","Block Group 2, Census Tract 4062, Los Angeles County, California",2001,444,59,94,0,12,31,50,0,12,0,12,0,12,0,12,0,12,169,151,72,88,52,57,31,49,20,37,0,12,0,12,0,12,106,69,53,56,0,12,0,12,0,12,0,12,0,12,0,12,2051,436,571,306,2116,498,0,12,132,130,79,62,0,12,2131,499,299,210,0,12,34,44,250,126,1532,481,0,12
"4864","060372032001","Block Group 1, Census Tract 2032, Los Angeles County, California",3552,494,0,12,20,33,0,12,0,12,0,12,0,12,0,12,0,12,333,164,241,96,0,12,0,12,0,12,0,12,0,12,0,12,101,57,140,96,0,12,0,12,0,12,0,12,0,12,0,12,3820,552,692,308,3838,551,112,113,247,147,364,165,6,14,3838,551,13,20,0,12,45,44,65,50,3685,554,11,18
"4865","060372038004","Block Group 4, Census Tract 2038, Los Angeles County, California",1097,405,0,12,0,12,0,12,0,12,0,12,0,12,0,12,0,12,96,85,31,45,0,12,0,12,0,12,0,12,0,12,0,12,52,54,18,30,0,12,0,12,0,12,0,12,0,12,0,12,1122,416,159,185,1122,416,9,15,81,67,87,74,0,12,1122,416,0,12,0,12,0,12,0,12,1122,416,0,12
"4866","060372047002","Block Group 2, Census Tract 2047, Los Angeles County, California",1364,638,0,12,0,12,0,12,0,12,0,12,0,12,0,12,0,12,141,107,202,157,0,12,0,12,0,12,0,12,0,12,0,12,48,40,0,12,0,12,0,12,0,12,0,12,0,12,0,12,1368,646,152,138,1448,686,0,12,172,149,179,94,0,12,1448,686,10,13,0,12,20,31,18,23,1400,673,0,12
"4867","060372048102","Block Group 2, Census Tract 2048.10, Los Angeles County, California",1129,365,0,12,0,12,0,12,0,12,0,12,0,12,0,12,0,12,86,76,258,149,0,12,0,12,0,12,0,12,0,12,0,12,51,55,18,20,0,12,0,12,0,12,0,12,0,12,0,12,1182,385,279,191,1182,385,60,94,57,54,173,168,0,12,1182,385,0,12,0,12,0,12,0,12,1182,385,0,12
"4868","060374307011","Block Group 1, Census Tract 4307.01, Los Angeles County, California",900,252,0,12,0,12,0,12,0,12,0,12,0,12,0,12,0,12,0,12,0,12,0,12,0,12,120,88,15,26,0,12,0,12,10,15,0,12,0,12,0,12,21,22,36,39,0,12,0,12,924,248,190,148,924,248,0,12,0,12,0,12,23,37,924,248,630,262,0,12,0,12,191,90,103,83,0,12
"4869","060374317004","Block Group 4, Census Tract 4317, Los Angeles County, California",1303,490,0,12,0,12,0,12,0,12,0,12,0,12,0,12,0,12,0,12,0,12,0,12,0,12,96,100,0,12,0,12,0,12,0,12,0,12,0,12,0,12,0,12,0,12,0,12,0,12,1361,534,248,176,1361,534,0,12,0,12,156,221,0,12,1361,534,678,351,0,12,0,12,305,153,378,390,0,12
"4870","060374327002","Block Group 2, Census Tract 4327, Los Angeles County, California",1094,344,5,10,0,12,0,12,0,12,0,12,0,12,0,12,0,12,55,57,0,12,0,12,0,12,32,37,16,27,0,12,0,12,80,102,13,20,0,12,0,12,6,10,6,10,0,12,0,12,1126,357,361,295,1126,357,0,12,38,35,20,24,0,12,1126,357,176,124,0,12,0,12,12,18,938,327,0,12
"4871","060374327001","Block Group 1, Census Tract 4327, Los Angeles County, California",2921,494,10,15,0,12,0,12,0,12,0,12,0,12,0,12,0,12,297,175,119,63,0,12,0,12,27,33,7,28,0,12,0,12,152,111,111,63,0,12,0,12,15,20,15,27,0,12,0,12,3169,559,565,361,3177,560,13,22,164,106,87,67,35,40,3177,560,247,219,0,12,0,12,46,47,2884,555,0,12
"4872","060374339023","Block Group 3, Census Tract 4339.02, Los Angeles County, California",930,308,0,12,0,12,0,12,0,12,0,12,0,12,0,12,0,12,115,89,36,39,0,12,0,12,32,26,20,18,0,12,0,12,37,37,74,52,0,12,0,12,4,7,20,28,0,12,0,12,1021,366,307,309,1021,366,8,11,31,33,116,81,0,12,1021,366,173,111,0,12,0,12,36,36,812,373,0,12
"4873","060374603012","Block Group 2, Census Tract 4603.01, Los Angeles County, California",1170,367,0,12,0,12,0,12,0,12,0,12,0,12,0,12,0,12,0,12,0,12,0,12,0,12,0,12,0,12,0,12,0,12,0,12,0,12,0,12,0,12,3,6,0,12,0,12,0,12,1333,442,55,52,1333,442,0,12,21,35,0,12,0,12,1333,442,163,163,0,12,825,440,285,111,60,43,0,12
"4874","060374322011","Block Group 1, Census Tract 4322.01, Los Angeles County, California",1457,345,0,12,0,12,0,12,0,12,0,12,0,12,0,12,0,12,93,72,9,15,0,12,0,12,40,40,27,43,0,12,0,12,0,12,0,12,0,12,0,12,25,30,77,63,0,12,0,12,1467,379,112,93,1506,397,0,12,42,70,60,60,0,12,1567,400,1019,344,5,12,10,11,172,121,361,195,0,12
"4875","060374334033","Block Group 3, Census Tract 4334.03, Los Angeles County, California",1417,500,0,12,0,12,0,12,0,12,32,34,0,12,0,12,0,12,163,117,308,169,0,12,0,12,85,75,0,12,0,12,0,12,20,23,0,12,0,12,0,12,0,12,0,12,0,12,0,12,1478,520,437,253,1518,545,48,62,51,54,262,153,0,12,1518,545,204,203,26,42,0,12,28,29,1260,461,0,12
"4876","060374337003","Block Group 3, Census Tract 4337, Los Angeles County, California",922,193,0,12,0,12,0,12,0,12,0,12,0,12,0,12,0,12,94,62,39,36,0,12,0,12,2,7,15,23,0,12,0,12,54,37,6,9,0,12,0,12,15,22,0,12,0,12,0,12,960,209,162,97,960,209,0,12,60,29,22,17,0,12,960,209,57,50,0,12,0,12,16,15,887,209,0,12
"4877","060371345202","Block Group 2, Census Tract 1345.20, Los Angeles County, California",2165,405,0,12,0,12,0,12,0,12,0,12,0,12,0,12,0,12,442,139,215,118,15,23,0,12,9,14,0,12,0,12,0,12,28,31,46,46,0,12,0,12,0,12,0,12,0,12,0,12,2351,423,491,269,2351,423,9,14,260,135,398,167,24,37,2351,423,88,71,0,12,25,38,191,115,2006,414,0,12
"4878","060374338014","Block Group 4, Census Tract 4338.01, Los Angeles County, California",1576,393,0,12,0,12,0,12,0,12,0,12,0,12,0,12,0,12,141,80,186,123,0,12,0,12,0,12,76,87,0,12,0,12,53,49,9,14,0,12,0,12,0,12,16,25,0,12,0,12,1742,434,425,237,1742,434,9,14,213,145,104,80,9,14,1742,434,121,127,0,12,11,17,0,12,1610,427,0,12
"4879","060371994003","Block Group 3, Census Tract 1994, Los Angeles County, California",1874,449,0,12,0,12,0,12,0,12,0,12,0,12,0,12,0,12,160,116,87,53,0,12,0,12,53,44,44,39,0,12,0,12,114,92,26,25,0,12,0,12,8,11,15,23,0,12,0,12,1927,456,299,135,1943,452,66,96,133,118,138,102,0,12,1943,452,282,159,0,12,149,140,83,51,1394,428,0,12
"4880","060375024013","Block Group 3, Census Tract 5024.01, Los Angeles County, California",2358,436,0,12,0,12,0,12,0,12,0,12,0,12,0,12,0,12,76,62,72,80,0,12,0,12,0,12,0,12,0,12,0,12,77,51,35,55,0,12,0,12,0,12,0,12,0,12,0,12,2633,524,337,309,2688,540,0,12,80,90,118,108,0,12,2688,540,0,12,0,12,0,12,248,236,2440,538,0,12
"4881","060374012021","Block Group 1, Census Tract 4012.02, Los Angeles County, California",1454,364,0,12,0,12,0,12,0,12,0,12,0,12,0,12,0,12,0,12,0,12,0,12,0,12,0,12,0,12,0,12,0,12,0,12,0,12,6,11,0,12,9,14,0,12,0,12,0,12,1507,363,165,181,1507,363,0,12,17,24,94,107,0,12,1507,363,291,202,0,12,0,12,679,182,472,224,0,12
"4882","060374013111","Block Group 1, Census Tract 4013.11, Los Angeles County, California",1634,432,0,12,0,12,0,12,0,12,0,12,0,12,0,12,0,12,0,12,0,12,0,12,0,12,0,12,0,12,0,12,0,12,0,12,0,12,0,12,0,12,26,54,0,12,0,12,0,12,1790,470,149,137,1790,470,17,28,0,12,0,12,0,12,1790,470,405,203,0,12,1,4,767,253,549,353,0,12
"4883","060372126202","Block Group 2, Census Tract 2126.20, Los Angeles County, California",2075,370,0,12,0,12,0,12,0,12,0,12,0,12,0,12,0,12,106,120,128,151,0,12,0,12,296,132,34,38,0,12,0,12,0,12,0,12,0,12,0,12,102,85,0,12,0,12,0,12,2287,407,510,206,2287,407,0,12,176,110,292,177,0,12,2287,407,1147,257,0,12,33,29,170,70,795,357,0,12
"4884","060372133202","Block Group 2, Census Tract 2133.20, Los Angeles County, California",1078,255,0,12,0,12,0,12,0,12,0,12,0,12,0,12,0,12,141,95,35,29,0,12,0,12,40,41,0,12,0,12,0,12,52,43,27,32,0,12,0,12,51,46,26,32,0,12,0,12,1163,290,209,118,1163,290,0,12,87,65,83,56,9,15,1163,290,247,121,5,8,31,37,33,32,847,253,0,12
"4885","060372147003","Block Group 3, Census Tract 2147, Los Angeles County, California",802,192,0,12,0,12,0,12,0,12,0,12,0,12,0,12,0,12,0,12,0,12,0,12,0,12,0,12,0,12,0,12,0,12,0,12,0,12,0,12,0,12,0,12,0,12,0,12,0,12,864,197,36,25,864,197,0,12,34,42,26,41,0,12,864,197,52,48,0,12,111,119,601,150,54,55,0,12
"4886","060372168001","Block Group 1, Census Tract 2168, Los Angeles County, California",630,166,0,12,0,12,0,12,0,12,0,12,0,12,0,12,0,12,0,12,0,12,0,12,0,12,0,12,0,12,0,12,0,12,0,12,0,12,0,12,0,12,0,12,0,12,0,12,0,12,710,188,15,11,710,188,0,12,0,12,26,38,0,12,710,188,17,20,10,15,34,28,467,163,143,89,0,12
"4887","060372172001","Block Group 1, Census Tract 2172, Los Angeles County, California",813,218,0,12,0,12,0,12,0,12,0,12,0,12,0,12,0,12,51,50,0,12,0,12,0,12,0,12,0,12,0,12,0,12,0,12,46,52,0,12,0,12,0,12,0,12,0,12,0,12,923,248,183,127,923,248,0,12,27,32,38,40,0,12,923,248,27,30,0,12,187,127,411,132,268,184,0,12
"4888","060372218102","Block Group 2, Census Tract 2218.10, Los Angeles County, California",1398,282,10,15,0,12,0,12,0,12,0,12,0,12,0,12,0,12,34,39,22,17,0,12,0,12,13,20,0,12,0,12,0,12,7,11,0,12,0,12,0,12,21,15,0,12,0,12,0,12,1378,281,886,258,1416,281,15,24,89,60,79,51,0,12,1416,281,574,122,0,12,45,32,342,147,396,133,0,12
"4889","060374033192","Block Group 2, Census Tract 4033.19, Los Angeles County, California",1960,328,0,12,0,12,0,12,0,12,26,25,0,12,0,12,0,12,0,12,0,12,0,12,0,12,163,98,0,12,0,12,0,12,0,12,0,12,0,12,0,12,88,108,26,31,0,12,0,12,2011,334,124,76,2011,334,17,28,116,76,37,40,0,12,2011,334,1168,238,0,12,30,34,136,64,610,256,0,12
"4890","060374034081","Block Group 1, Census Tract 4034.08, Los Angeles County, California",1076,255,0,12,0,12,0,12,0,12,0,12,0,12,0,12,0,12,0,12,0,12,0,12,0,12,19,21,0,12,0,12,0,12,0,12,0,12,0,12,0,12,20,23,0,12,0,12,0,12,1126,283,52,60,1126,283,0,12,12,20,26,27,11,18,1126,283,692,203,0,12,4,28,57,61,345,254,0,12
"4891","060374049021","Block Group 1, Census Tract 4049.02, Los Angeles County, California",1606,266,0,12,0,12,0,12,0,12,14,21,0,12,0,12,0,12,72,43,24,23,0,12,0,12,81,45,42,41,0,12,0,12,32,35,6,8,0,12,0,12,19,17,61,48,0,12,0,12,1695,267,221,156,1708,268,0,12,78,79,46,41,33,37,1708,268,605,170,0,12,0,12,12,15,1068,275,0,12
"4892","060374054004","Block Group 4, Census Tract 4054, Los Angeles County, California",1050,306,0,12,0,12,0,12,0,12,0,12,0,12,0,12,0,12,0,12,0,12,0,12,0,12,0,12,0,12,0,12,0,12,13,20,0,12,0,12,0,12,0,12,0,12,0,12,0,12,1082,311,56,63,1082,311,0,12,59,58,0,12,0,12,1082,311,87,73,0,12,0,12,101,72,862,323,0,12
"4893","060374054002","Block Group 2, Census Tract 4054, Los Angeles County, California",1094,357,0,12,0,12,0,12,0,12,0,12,0,12,0,12,0,12,9,14,0,12,0,12,0,12,0,12,0,12,0,12,0,12,11,18,107,146,0,12,0,12,5,9,0,12,0,12,0,12,1133,359,0,12,1133,359,13,21,30,34,0,12,45,72,1133,359,140,105,0,12,12,19,68,61,904,380,0,12
"4894","060374061021","Block Group 1, Census Tract 4061.02, Los Angeles County, California",1885,389,0,12,0,12,0,12,0,12,0,12,0,12,0,12,0,12,120,117,0,12,0,12,0,12,7,14,0,12,0,12,0,12,50,58,32,48,0,12,0,12,0,12,0,12,0,12,0,12,2068,458,266,198,2068,458,0,12,130,80,24,27,0,12,2068,458,220,161,0,12,242,269,330,161,1188,394,0,12
"4895","060371134012","Block Group 2, Census Tract 1134.01, Los Angeles County, California",1887,516,0,12,0,12,0,12,0,12,0,12,0,12,0,12,0,12,97,81,40,51,0,12,0,12,0,12,0,12,0,12,0,12,13,20,0,12,0,12,0,12,0,12,0,12,0,12,0,12,2009,584,32,39,2009,584,0,12,14,23,26,31,19,23,2009,584,243,179,0,12,0,12,433,197,1306,590,0,12
"4896","060375416031","Block Group 1, Census Tract 5416.03, Los Angeles County, California",1190,258,21,23,0,12,0,12,0,12,0,12,0,12,0,12,0,12,78,41,115,88,0,12,0,12,0,12,0,12,0,12,0,12,72,44,15,15,0,12,0,12,0,12,4,10,0,12,0,12,1187,279,515,268,1199,273,9,14,58,43,95,64,12,15,1291,266,24,26,0,12,113,82,45,55,1104,264,0,12
"4897","060375416043","Block Group 3, Census Tract 5416.04, Los Angeles County, California",1782,434,21,20,0,12,0,12,0,12,0,12,0,12,0,12,0,12,223,147,56,42,0,12,0,12,0,12,0,12,0,12,0,12,52,47,0,12,0,12,0,12,0,12,0,12,0,12,0,12,2078,505,379,194,2078,505,9,14,90,67,129,74,26,40,2078,505,11,18,0,12,322,178,116,95,1604,497,0,12
"4898","060375433211","Block Group 1, Census Tract 5433.21, Los Angeles County, California",3112,526,0,12,0,12,0,12,0,12,0,12,0,12,0,12,0,12,79,95,22,35,0,12,0,12,38,37,0,12,0,12,0,12,0,12,0,12,0,12,0,12,0,12,0,12,0,12,0,12,3246,563,304,234,3293,568,0,12,55,50,9,14,0,12,3293,568,472,247,0,12,1989,534,218,110,441,170,0,12
"4899","060375435022","Block Group 2, Census Tract 5435.02, Los Angeles County, California",938,339,0,12,0,12,0,12,0,12,0,12,0,12,0,12,0,12,40,43,21,25,0,12,0,12,0,12,0,12,0,12,0,12,45,68,0,12,0,12,0,12,13,20,0,12,0,12,0,12,990,370,234,265,1000,373,7,10,31,38,34,42,0,12,1000,373,282,168,0,12,11,18,133,89,545,337,11,18
"4900","060375501003","Block Group 3, Census Tract 5501, Los Angeles County, California",950,347,0,12,0,12,0,12,0,12,0,12,0,12,0,12,0,12,68,68,51,52,0,12,0,12,0,12,0,12,0,12,0,12,10,17,8,11,0,12,0,12,0,12,0,12,0,12,0,12,1073,429,36,61,1119,472,0,12,0,12,32,50,0,12,1119,472,73,78,0,12,171,257,74,75,801,376,0,12
"4901","060375501006","Block Group 6, Census Tract 5501, Los Angeles County, California",1611,428,13,20,0,12,0,12,0,12,0,12,0,12,0,12,0,12,100,75,8,13,0,12,0,12,19,16,12,18,0,12,0,12,19,22,0,12,0,12,0,12,43,70,0,12,0,12,0,12,1718,444,107,86,1718,444,0,12,12,19,40,47,0,12,1718,444,151,101,0,12,210,334,184,83,1173,500,0,12
"4902","060371271021","Block Group 1, Census Tract 1271.02, Los Angeles County, California",1101,352,0,12,0,12,0,12,0,12,0,12,0,12,0,12,0,12,150,118,0,12,0,12,0,12,0,12,0,12,0,12,0,12,0,12,0,12,0,12,0,12,38,52,0,12,0,12,0,12,1184,380,348,231,1184,380,0,12,40,63,147,112,0,12,1191,381,56,57,0,12,10,10,295,137,805,372,0,12
"4903","060371011222","Block Group 2, Census Tract 1011.22, Los Angeles County, California",1226,316,0,12,0,12,0,12,0,12,0,12,0,12,0,12,0,12,0,12,0,12,0,12,0,12,36,50,0,12,0,12,0,12,0,12,0,12,0,12,0,12,0,12,0,12,0,12,0,12,1249,313,0,12,1249,313,0,12,73,74,40,43,0,12,1249,313,120,127,0,12,0,12,1070,292,35,53,0,12
"4904","060372016023","Block Group 3, Census Tract 2016.02, Los Angeles County, California",936,234,18,27,0,12,0,12,0,12,0,12,0,12,0,12,0,12,84,63,12,17,0,12,0,12,14,22,0,12,0,12,0,12,31,30,7,12,0,12,0,12,6,8,8,11,0,12,0,12,990,257,186,145,1000,261,28,26,53,30,41,26,9,14,1000,261,86,63,0,12,3,7,53,55,847,258,0,12
"4905","060371959032","Block Group 2, Census Tract 1959.03, Los Angeles County, California",724,148,0,12,0,12,0,12,0,12,0,12,0,12,0,12,0,12,13,17,25,28,0,12,0,12,26,22,0,12,0,12,0,12,0,12,6,11,0,12,0,12,5,8,0,12,0,12,0,12,774,169,94,73,774,169,0,12,13,15,53,38,0,12,774,169,153,76,0,12,0,12,239,73,346,161,0,12
"4906","060371959011","Block Group 1, Census Tract 1959.01, Los Angeles County, California",2130,182,0,12,0,12,0,12,0,12,0,12,0,12,0,12,0,12,14,20,103,67,9,14,0,12,0,12,0,12,0,12,0,12,0,12,55,50,0,12,0,12,0,12,11,24,0,12,0,12,2182,173,246,116,2182,173,0,12,212,104,106,66,0,12,2237,181,370,164,0,12,42,41,987,191,808,156,12,20
"4907","060377008013","Block Group 3, Census Tract 7008.01, Los Angeles County, California",685,278,0,12,0,12,0,12,0,12,0,12,0,12,0,12,0,12,0,12,0,12,0,12,0,12,0,12,0,12,0,12,0,12,0,12,0,12,150,121,17,28,0,12,0,12,0,12,0,12,685,278,218,134,685,278,0,12,0,12,0,12,0,12,685,278,0,12,0,12,0,12,675,275,0,12,0,12
"4908","060377005021","Block Group 1, Census Tract 7005.02, Los Angeles County, California",3117,398,0,12,0,12,0,12,0,12,0,12,0,12,0,12,0,12,20,31,0,12,0,12,0,12,0,12,0,12,0,12,0,12,0,12,0,12,0,12,0,12,0,12,0,12,0,12,0,12,3135,400,311,127,3135,400,0,12,15,24,140,123,0,12,3135,400,189,129,0,12,3,3,2432,366,460,194,0,12
"4909","060377005011","Block Group 1, Census Tract 7005.01, Los Angeles County, California",1185,329,0,12,0,12,0,12,0,12,0,12,0,12,0,12,0,12,39,69,0,12,0,12,0,12,0,12,0,12,0,12,0,12,0,12,0,12,0,12,0,12,0,12,0,12,0,12,0,12,1224,339,83,82,1224,339,0,12,116,106,11,18,0,12,1224,339,95,113,0,12,35,41,824,257,182,153,0,12
"4910","060372124102","Block Group 2, Census Tract 2124.10, Los Angeles County, California",2845,425,19,30,0,12,0,12,0,12,0,12,0,12,0,12,0,12,455,180,315,214,0,12,0,12,171,83,48,58,0,12,0,12,42,51,0,12,0,12,0,12,54,50,0,12,0,12,0,12,3045,462,532,294,3056,460,40,43,483,231,447,257,0,12,3056,460,968,262,0,12,77,92,176,77,1766,506,0,12
"4911","060379105013","Block Group 3, Census Tract 9105.01, Los Angeles County, California",1614,384,0,12,0,12,0,12,0,12,0,12,0,12,0,12,0,12,106,86,13,22,0,12,0,12,30,45,0,12,0,12,0,12,0,12,20,30,0,12,0,12,0,12,0,12,0,12,0,12,1882,448,788,344,1882,448,0,12,86,85,85,47,0,12,1882,448,49,73,0,12,322,166,102,76,1409,466,0,12
"4912","060372080001","Block Group 1, Census Tract 2080, Los Angeles County, California",3094,464,0,12,0,12,0,12,0,12,0,12,0,12,0,12,0,12,50,63,163,130,15,24,0,12,186,146,44,54,0,12,0,12,29,48,0,12,0,12,0,12,14,28,20,36,0,12,0,12,3323,522,1123,428,3323,522,77,123,343,166,261,200,20,36,3323,522,883,267,0,12,311,225,464,230,1552,459,0,12
"4913","060376036001","Block Group 1, Census Tract 6036, Los Angeles County, California",1387,417,0,12,0,12,0,12,0,12,0,12,0,12,0,12,0,12,64,59,0,12,0,12,0,12,82,81,0,12,4,12,0,12,28,42,13,20,0,12,0,12,0,12,0,12,0,12,0,12,1428,429,239,166,1428,429,0,12,37,40,123,82,0,12,1428,429,291,206,0,12,148,203,282,150,652,295,0,12
"4914","060376210021","Block Group 1, Census Tract 6210.02, Los Angeles County, California",863,136,0,12,0,12,0,12,0,12,0,12,0,12,0,12,0,12,0,12,0,12,0,12,0,12,0,12,0,12,0,12,0,12,0,12,0,12,0,12,0,12,0,12,0,12,0,12,0,12,879,138,67,42,879,138,0,12,0,12,6,7,0,12,879,138,55,40,0,12,6,10,782,115,29,24,0,12
"4915","060377004004","Block Group 4, Census Tract 7004, Los Angeles County, California",806,209,0,12,0,12,0,12,0,12,0,12,0,12,0,12,0,12,0,12,0,12,0,12,0,12,0,12,0,12,0,12,0,12,0,12,0,12,0,12,0,12,0,12,0,12,0,12,0,12,806,209,55,51,806,209,0,12,0,12,96,156,0,12,806,209,35,41,0,12,0,12,673,210,98,90,0,12
"4916","060375738002","Block Group 2, Census Tract 5738, Los Angeles County, California",693,159,0,12,0,12,0,12,0,12,0,12,0,12,0,12,0,12,5,18,0,12,0,12,0,12,0,12,0,12,0,12,0,12,0,12,0,12,0,12,0,12,0,12,0,12,0,12,0,12,711,165,7,12,711,165,0,12,0,12,19,25,0,12,711,165,56,55,7,12,0,12,443,125,191,118,7,13
"4917","060375768012","Block Group 2, Census Tract 5768.01, Los Angeles County, California",1219,450,0,12,0,12,0,12,0,12,0,12,0,12,0,12,0,12,0,12,0,12,0,12,0,12,0,12,0,12,0,12,0,12,19,30,0,12,0,12,0,12,17,28,0,12,0,12,0,12,1277,448,133,72,1278,447,0,12,48,79,28,45,0,12,1278,447,356,413,0,12,75,90,636,228,210,150,0,12
"4918","060376507021","Block Group 1, Census Tract 6507.02, Los Angeles County, California",1128,307,0,12,0,12,0,12,0,12,0,12,0,12,0,12,0,12,0,12,0,12,0,12,0,12,20,33,0,12,0,12,0,12,0,12,0,12,0,12,0,12,1,2,0,12,0,12,0,12,1233,337,23,21,1233,337,0,12,0,12,48,49,0,12,1233,337,281,142,0,12,14,20,649,231,216,140,0,12
"4919","060371066041","Block Group 1, Census Tract 1066.04, Los Angeles County, California",469,390,0,12,0,12,0,12,0,12,0,12,0,12,0,12,0,12,0,12,0,12,0,12,0,12,0,12,0,12,0,12,0,12,7,13,0,12,0,12,0,12,0,12,0,12,0,12,0,12,498,408,26,42,498,408,0,12,46,78,10,16,0,12,498,408,0,12,0,12,0,12,47,46,451,408,0,12
"4920","060375411002","Block Group 2, Census Tract 5411, Los Angeles County, California",1056,297,0,12,0,12,0,12,0,12,0,12,0,12,0,12,0,12,44,51,0,12,0,12,0,12,0,12,0,12,0,12,0,12,0,12,0,12,0,12,0,12,0,12,0,12,0,12,0,12,1156,367,245,174,1156,367,0,12,27,37,16,25,0,12,1156,367,27,33,0,12,586,193,56,57,468,338,0,12
"4921","060375428002","Block Group 2, Census Tract 5428, Los Angeles County, California",925,317,0,12,0,12,0,12,0,12,0,12,0,12,0,12,0,12,45,43,5,9,0,12,0,12,0,12,0,12,0,12,0,12,0,12,20,24,0,12,0,12,0,12,0,12,0,12,0,12,998,366,305,288,998,366,0,12,54,70,80,53,20,24,998,366,0,12,0,12,319,146,5,7,674,326,0,12
"4922","060379006072","Block Group 2, Census Tract 9006.07, Los Angeles County, California",1681,383,0,12,0,12,0,12,0,12,0,12,0,12,0,12,0,12,60,50,21,21,0,12,0,12,0,12,0,12,0,12,0,12,0,12,8,13,0,12,0,12,0,12,0,12,0,12,0,12,1794,403,527,342,1794,405,0,12,13,15,79,53,0,12,1812,405,64,68,0,12,351,298,541,201,838,343,0,12
"4923","060379107121","Block Group 1, Census Tract 9107.12, Los Angeles County, California",2731,324,4,7,0,12,0,12,0,12,0,12,0,12,0,12,0,12,156,78,7,11,0,12,0,12,0,12,0,12,0,12,0,12,68,53,86,63,0,12,0,12,1,2,0,12,0,12,0,12,2804,314,224,120,2904,366,0,12,147,68,47,59,55,59,2904,366,56,55,0,12,446,132,379,99,1968,307,0,12
"4924","060379100021","Block Group 1, Census Tract 9100.02, Los Angeles County, California",3728,862,0,12,0,12,0,12,0,12,0,12,0,12,0,12,0,12,266,147,0,12,0,12,0,12,0,12,0,12,0,12,0,12,134,98,178,233,0,12,0,12,0,12,0,12,0,12,0,12,4075,978,299,253,4075,978,108,164,66,69,113,131,42,56,4075,978,0,12,0,12,19,31,781,316,3096,880,109,144
"4925","060379010113","Block Group 3, Census Tract 9010.11, Los Angeles County, California",1553,303,0,12,0,12,0,12,0,12,0,12,0,12,0,12,0,12,0,12,0,12,0,12,0,12,0,12,0,12,0,12,0,12,0,12,0,12,0,12,0,12,0,12,0,12,0,12,0,12,1559,303,305,178,1573,304,77,93,73,46,0,12,0,12,1573,304,64,47,0,12,160,151,872,251,266,151,134,213
"4926","060379010104","Block Group 4, Census Tract 9010.10, Los Angeles County, California",762,227,0,12,0,12,0,12,0,12,0,12,0,12,0,12,0,12,0,12,0,12,0,12,0,12,0,12,0,12,0,12,0,12,0,12,0,12,0,12,0,12,0,12,0,12,0,12,0,12,757,228,76,46,772,228,26,35,26,36,25,34,0,12,772,228,0,12,0,12,89,98,541,177,142,110,0,12
"4927","060375535042","Block Group 2, Census Tract 5535.04, Los Angeles County, California",2384,413,13,21,0,12,0,12,0,12,0,12,0,12,0,12,0,12,261,118,134,86,0,12,0,12,0,12,0,12,0,12,0,12,10,15,57,69,7,11,0,12,39,25,0,12,0,12,0,12,2555,434,331,211,2555,434,101,112,167,177,137,81,0,12,2555,434,132,63,0,12,186,163,67,54,2141,397,0,12
"4928","060372626041","Block Group 1, Census Tract 2626.04, Los Angeles County, California",447,144,0,12,0,12,0,12,0,12,0,12,0,12,0,12,0,12,0,12,0,12,0,12,0,12,0,12,0,12,0,12,0,12,0,12,0,12,0,12,0,12,0,12,0,12,0,12,0,12,504,179,0,12,504,179,0,12,17,29,0,12,0,12,504,179,73,85,0,12,0,12,401,173,14,22,0,12
"4929","060372626044","Block Group 4, Census Tract 2626.04, Los Angeles County, California",2590,360,0,12,0,12,0,12,0,12,0,12,0,12,0,12,0,12,0,12,0,12,0,12,0,12,0,12,0,12,0,12,0,12,0,12,0,12,0,12,16,26,0,12,0,12,0,12,0,12,2736,411,68,90,2736,411,0,12,0,12,20,33,0,12,2736,411,156,84,0,12,0,12,2299,433,54,38,0,12
"4930","060372412021","Block Group 1, Census Tract 2412.02, Los Angeles County, California",1340,491,0,12,0,12,0,12,0,12,0,12,0,12,0,12,0,12,55,77,68,92,0,12,0,12,0,12,0,12,0,12,0,12,25,38,0,12,0,12,0,12,0,12,0,12,0,12,0,12,1453,537,526,433,1453,537,12,19,26,31,37,37,0,12,1453,537,23,38,0,12,655,292,35,44,740,443,0,12
"4931","060372412025","Block Group 5, Census Tract 2412.02, Los Angeles County, California",753,294,13,22,0,12,0,12,0,12,0,12,0,12,0,12,0,12,105,90,0,12,0,12,0,12,0,12,0,12,0,12,0,12,18,34,19,35,0,12,0,12,0,12,0,12,0,12,0,12,855,317,402,248,855,317,0,12,31,41,57,51,0,12,855,317,0,12,0,12,292,207,0,12,563,342,0,12
"4932","060371286012","Block Group 2, Census Tract 1286.01, Los Angeles County, California",1132,313,0,12,0,12,0,12,0,12,0,12,0,12,0,12,0,12,95,80,0,12,7,16,0,12,0,12,0,12,0,12,0,12,0,12,0,12,7,15,2,26,0,12,0,12,0,12,0,12,1175,317,250,175,1175,317,0,12,11,26,94,74,0,12,1194,317,218,160,2,4,36,29,359,162,522,278,0,12
"4933","060371281011","Block Group 1, Census Tract 1281.01, Los Angeles County, California",2318,352,0,12,0,12,0,12,0,12,0,12,0,12,0,12,0,12,216,113,57,73,68,78,19,29,0,12,9,15,0,12,0,12,22,24,14,23,26,27,43,63,0,12,0,12,0,12,0,12,2512,366,290,165,2520,370,37,34,131,128,211,122,0,12,2520,370,150,146,0,12,112,84,973,247,1190,347,8,13
"4934","060371278062","Block Group 2, Census Tract 1278.06, Los Angeles County, California",762,202,0,12,0,12,0,12,0,12,0,12,0,12,0,12,0,12,57,65,0,12,30,46,0,12,0,12,0,12,0,12,0,12,28,38,0,12,29,45,21,31,0,12,0,12,0,12,0,12,776,202,216,145,776,202,0,12,15,19,71,78,0,12,776,202,57,85,0,12,81,70,347,157,291,195,0,12
"4935","060371278031","Block Group 1, Census Tract 1278.03, Los Angeles County, California",1910,395,0,12,0,12,0,12,0,12,0,12,0,12,0,12,0,12,136,100,26,42,0,12,0,12,0,12,6,15,0,12,0,12,64,95,17,28,24,36,24,37,44,43,23,25,0,12,0,12,1998,441,580,313,2009,442,12,18,29,34,30,47,0,12,2009,442,178,89,0,12,43,49,550,237,1129,402,13,22
"4936","060371276032","Block Group 2, Census Tract 1276.03, Los Angeles County, California",1200,290,0,12,0,12,0,12,0,12,0,12,0,12,0,12,0,12,195,96,40,31,0,12,0,12,0,12,0,12,0,12,0,12,1,3,0,12,0,12,0,12,0,12,0,12,0,12,0,12,1293,340,341,172,1296,341,59,67,93,69,82,46,1,3,1296,341,25,34,0,12,10,16,203,109,1051,330,0,12
"4937","060371271042","Block Group 2, Census Tract 1271.04, Los Angeles County, California",1828,355,0,12,0,12,0,12,0,12,0,12,0,12,0,12,0,12,186,108,50,56,9,15,0,12,0,12,0,12,0,12,0,12,0,12,0,12,16,24,0,12,0,12,0,12,0,12,5,9,2075,417,277,244,2075,417,0,12,36,27,103,86,0,12,2075,417,94,96,0,12,107,140,413,173,1404,449,0,12
"4938","060371255022","Block Group 2, Census Tract 1255.02, Los Angeles County, California",1007,189,0,12,0,12,0,12,0,12,0,12,0,12,0,12,0,12,0,12,0,12,0,12,0,12,0,12,0,12,0,12,0,12,0,12,0,12,0,12,0,12,10,15,0,12,0,12,0,12,1040,196,90,67,1040,196,0,12,0,12,51,55,0,12,1040,196,66,53,0,12,38,57,700,148,213,108,0,12
"4939","060371061141","Block Group 1, Census Tract 1061.14, Los Angeles County, California",4223,537,0,12,0,12,0,12,0,12,0,12,0,12,0,12,0,12,314,118,76,63,0,12,0,12,0,12,0,12,0,12,0,12,114,90,89,87,0,12,0,12,0,12,0,12,0,12,0,12,4728,599,811,365,4802,594,46,31,267,124,219,169,0,12,4802,594,251,136,0,12,161,134,200,96,4169,593,0,12
"4940","060371081031","Block Group 1, Census Tract 1081.03, Los Angeles County, California",1645,362,0,12,0,12,0,12,0,12,0,12,0,12,0,12,0,12,62,73,0,12,18,20,0,12,11,17,0,12,0,12,0,12,0,12,26,31,0,12,0,12,35,40,0,12,0,12,0,12,1703,378,58,99,1703,378,0,12,0,12,0,12,0,12,1703,378,356,160,20,28,0,12,980,191,306,255,10,18
"4941","060374641002","Block Group 2, Census Tract 4641, Los Angeles County, California",1462,545,0,12,0,12,0,12,0,12,0,12,0,12,0,12,0,12,0,12,0,12,0,12,0,12,0,12,0,12,0,12,0,12,0,12,0,12,0,12,0,12,58,91,0,12,0,12,0,12,1500,577,292,376,1500,577,0,12,75,116,0,12,36,54,1500,577,932,543,0,12,56,60,323,203,134,132,0,12
"4942","060374641003","Block Group 3, Census Tract 4641, Los Angeles County, California",392,184,0,12,0,12,0,12,0,12,0,12,0,12,0,12,0,12,0,12,0,12,0,12,0,12,0,12,0,12,0,12,0,12,0,12,0,12,0,12,0,12,0,12,0,12,0,12,0,12,392,184,0,12,392,184,0,12,0,12,0,12,0,12,392,184,230,153,0,12,0,12,162,126,0,12,0,12
"4943","060371837013","Block Group 3, Census Tract 1837.01, Los Angeles County, California",937,281,0,12,0,12,0,12,0,12,0,12,0,12,0,12,0,12,62,71,0,12,0,12,0,12,0,12,0,12,0,12,0,12,18,27,55,58,0,12,0,12,0,12,0,12,0,12,0,12,1017,317,356,230,1017,317,6,32,75,60,49,47,0,12,1017,317,47,64,17,24,30,36,212,106,693,327,0,12
"4944","060379800201","Block Group 1, Census Tract 9800.20, Los Angeles County, California",0,12,0,12,0,12,0,12,0,12,0,12,0,12,0,12,0,12,0,12,0,12,0,12,0,12,0,12,0,12,0,12,0,12,0,12,0,12,0,12,0,12,0,12,0,12,0,12,0,12,0,12,0,12,0,12,0,12,0,12,0,12,0,12,0,12,0,12,0,12,0,12,0,12,0,12,0,12
"4945","060379301011","Block Group 1, Census Tract 9301.01, Los Angeles County, California",90,41,0,12,0,12,0,12,0,12,0,12,0,12,0,12,0,12,0,12,0,12,0,12,0,12,6,8,5,7,0,12,0,12,0,12,0,12,0,12,0,12,4,6,0,12,0,12,0,12,90,41,0,12,90,41,0,12,0,12,5,8,0,12,90,41,15,21,0,12,0,12,64,36,0,12,0,12
"4946","060375421041","Block Group 1, Census Tract 5421.04, Los Angeles County, California",1402,343,0,12,7,11,0,12,0,12,0,12,0,12,0,12,0,12,172,79,25,26,0,12,0,12,0,12,0,12,0,12,0,12,35,29,16,19,0,12,0,12,0,12,0,12,0,12,0,12,1480,359,315,205,1522,383,32,38,7,10,90,54,0,12,1522,383,11,16,0,12,94,62,36,32,1381,379,0,12
"4947","060375515023","Block Group 3, Census Tract 5515.02, Los Angeles County, California",1115,318,0,12,0,12,0,12,0,12,0,12,0,12,0,12,0,12,0,12,0,12,9,16,0,12,0,12,0,12,0,12,0,12,28,43,14,15,0,12,0,12,5,10,0,12,0,12,0,12,1123,355,46,48,1133,363,10,19,0,12,0,12,0,12,1226,372,216,105,0,12,0,12,278,157,732,336,0,12
"4948","060375503004","Block Group 4, Census Tract 5503, Los Angeles County, California",1201,356,0,12,0,12,0,12,0,12,0,12,18,28,0,12,0,12,76,90,0,12,0,12,0,12,34,38,22,35,0,12,0,12,47,51,17,27,0,12,0,12,0,12,0,12,0,12,0,12,1133,343,160,182,1133,343,35,39,108,117,25,40,24,40,1224,364,136,166,34,52,12,20,253,170,737,295,0,12
"4949","060375538023","Block Group 3, Census Tract 5538.02, Los Angeles County, California",2228,396,0,12,0,12,0,12,0,12,0,12,0,12,0,12,0,12,216,115,43,43,0,12,0,12,0,12,0,12,17,26,0,12,0,12,43,54,0,12,0,12,0,12,0,12,0,12,0,12,2491,440,576,297,2482,441,70,63,188,147,105,63,7,11,2500,441,0,12,0,12,163,119,99,107,2119,425,0,12
"4950","060375704021","Block Group 1, Census Tract 5704.02, Los Angeles County, California",1255,210,0,12,0,12,0,12,0,12,0,12,0,12,0,12,0,12,69,56,19,31,0,12,0,12,5,10,6,9,0,12,0,12,10,14,0,12,0,12,0,12,0,12,18,19,0,12,0,12,1403,225,148,134,1403,225,112,90,80,54,99,73,8,13,1403,225,53,56,58,82,325,117,47,34,899,269,0,12
"4951","060375720014","Block Group 4, Census Tract 5720.01, Los Angeles County, California",1331,367,0,12,0,12,0,12,0,12,0,12,0,12,0,12,0,12,41,47,0,12,0,12,0,12,21,36,0,12,0,12,0,12,78,76,0,12,0,12,0,12,27,41,0,12,0,12,0,12,1449,425,179,200,1449,425,0,12,22,34,44,69,0,12,1449,425,269,173,0,12,142,130,561,245,461,326,0,12
"4952","060375720011","Block Group 1, Census Tract 5720.01, Los Angeles County, California",2183,453,0,12,0,12,0,12,0,12,0,12,0,12,0,12,0,12,0,12,0,12,0,12,0,12,37,45,0,12,0,12,0,12,22,34,0,12,0,12,0,12,0,12,0,12,0,12,0,12,2285,465,107,89,2306,471,0,12,90,121,16,30,0,12,2320,470,279,166,0,12,174,110,926,282,705,338,0,12
"4953","060374071012","Block Group 2, Census Tract 4071.01, Los Angeles County, California",540,185,0,12,0,12,0,12,0,12,0,12,0,12,0,12,0,12,33,48,16,27,0,12,0,12,0,12,35,42,0,12,0,12,10,15,0,12,0,12,0,12,0,12,0,12,0,12,0,12,599,213,51,66,599,213,9,14,0,12,51,41,0,12,599,213,90,120,0,12,21,33,31,47,457,210,0,12
"4954","060374004021","Block Group 1, Census Tract 4004.02, Los Angeles County, California",1990,269,0,12,0,12,0,12,0,12,0,12,0,12,0,12,0,12,0,12,11,17,0,12,0,12,29,39,0,12,0,12,0,12,0,12,0,12,0,12,0,12,23,29,14,22,0,12,0,12,2136,311,198,137,2143,311,0,12,0,12,10,18,0,12,2143,311,453,148,0,12,34,30,1269,224,247,140,0,12
"4955","060377013022","Block Group 2, Census Tract 7013.02, Los Angeles County, California",2481,378,0,12,0,12,0,12,0,12,0,12,0,12,0,12,0,12,0,12,0,12,0,12,0,12,0,12,0,12,0,12,0,12,0,12,0,12,18,29,0,12,0,12,0,12,0,12,0,12,2525,387,175,104,2525,387,10,37,40,47,122,173,0,12,2525,387,365,144,0,12,3,7,1854,390,214,107,0,12
"4956","060374002073","Block Group 3, Census Tract 4002.07, Los Angeles County, California",1475,339,0,12,0,12,0,12,0,12,0,12,0,12,0,12,0,12,0,12,0,12,0,12,0,12,0,12,0,12,0,12,0,12,0,12,0,12,0,12,0,12,0,12,0,12,0,12,0,12,1531,342,34,36,1504,332,12,18,44,49,30,34,0,12,1531,342,228,174,0,12,25,27,628,189,627,237,0,12
"4957","060375315041","Block Group 1, Census Tract 5315.04, Los Angeles County, California",2327,585,0,12,0,12,0,12,0,12,0,12,0,12,0,12,0,12,197,147,109,103,0,12,0,12,0,12,0,12,0,12,0,12,105,95,46,45,0,12,0,12,0,12,0,12,0,12,0,12,2573,676,493,429,2573,676,54,89,112,102,251,185,0,12,2573,676,0,12,0,12,0,12,8,13,2565,677,0,12
"4958","060375315032","Block Group 2, Census Tract 5315.03, Los Angeles County, California",1314,305,0,12,0,12,0,12,0,12,0,12,0,12,0,12,0,12,197,97,53,49,0,12,0,12,0,12,0,12,0,12,0,12,24,28,30,26,0,12,0,12,0,12,0,12,0,12,0,12,1466,342,394,260,1482,344,0,12,67,51,115,78,0,12,1482,344,0,12,0,12,0,12,4,7,1469,344,9,14
"4959","060371863012","Block Group 2, Census Tract 1863.01, Los Angeles County, California",868,252,0,12,0,12,0,12,0,12,0,12,0,12,0,12,0,12,80,48,84,60,0,12,0,12,0,12,0,12,0,12,0,12,0,12,23,26,0,12,0,12,0,12,0,12,0,12,0,12,946,287,522,264,948,285,24,38,118,69,127,72,0,12,948,285,0,12,0,12,25,39,107,85,811,263,0,12
"4960","060371831041","Block Group 1, Census Tract 1831.04, Los Angeles County, California",2096,143,5,9,0,12,0,12,0,12,0,12,0,12,0,12,0,12,51,39,29,29,3,5,0,12,4,7,0,12,0,12,0,12,46,50,18,22,0,12,0,12,23,24,0,12,5,8,0,12,2143,149,160,58,2143,149,0,12,178,76,57,35,13,20,2146,149,343,61,6,8,44,47,558,118,1152,122,0,12
"4961","060379800261","Block Group 1, Census Tract 9800.26, Los Angeles County, California",26,18,0,12,0,12,0,12,0,12,0,12,0,12,0,12,0,12,0,12,0,12,0,12,0,12,0,12,0,12,0,12,0,12,0,12,0,12,0,12,0,12,0,12,0,12,0,12,0,12,9,15,0,12,9,15,0,12,0,12,0,12,0,12,26,18,0,12,0,12,11,11,7,10,7,12,0,12
"4962","060376506051","Block Group 1, Census Tract 6506.05, Los Angeles County, California",2857,227,0,12,0,12,0,12,0,12,0,12,0,12,85,98,0,12,47,53,5,9,0,12,0,12,50,41,13,23,18,28,0,12,0,12,0,12,0,12,0,12,7,12,0,12,0,12,0,12,3064,251,279,188,3064,251,6,8,7,11,36,39,0,12,3064,251,1325,297,0,12,38,38,1079,254,469,218,21,33
"4963","060372145012","Block Group 2, Census Tract 2145.01, Los Angeles County, California",384,113,0,12,0,12,0,12,0,12,0,12,0,12,0,12,0,12,0,12,0,12,0,12,0,12,0,12,0,12,0,12,0,12,0,12,0,12,0,12,0,12,0,12,0,12,0,12,0,12,395,122,40,34,395,122,0,12,0,12,11,15,0,12,395,122,49,37,0,12,0,12,309,99,37,51,0,12
"4964","060371066461","Block Group 1, Census Tract 1066.46, Los Angeles County, California",1743,200,0,12,0,12,0,12,0,12,0,12,0,12,0,12,0,12,4,6,0,12,4,8,0,12,10,11,0,12,0,12,0,12,9,21,12,24,38,35,0,12,9,11,3,7,0,12,0,12,1790,202,118,89,1790,202,0,12,6,11,18,19,0,12,1879,216,346,143,0,12,115,59,935,157,374,165,4,8
"4965","060371064063","Block Group 3, Census Tract 1064.06, Los Angeles County, California",1092,379,0,12,0,12,0,12,0,12,13,19,0,12,0,12,0,12,24,27,10,17,0,12,0,12,0,12,0,12,0,12,0,12,0,12,0,12,0,12,0,12,0,12,0,12,0,12,0,12,1256,458,27,25,1267,459,0,12,14,22,15,23,0,12,1267,459,194,172,0,12,17,19,251,109,761,452,0,12
"4966","060372656021","Block Group 1, Census Tract 2656.02, Los Angeles County, California",783,175,0,12,0,12,0,12,0,12,0,12,0,12,0,12,0,12,20,30,0,12,0,12,0,12,0,12,0,12,0,12,0,12,0,12,0,12,0,12,0,12,0,12,0,12,0,12,0,12,810,181,76,64,810,181,0,12,0,12,0,12,0,12,810,181,58,70,0,12,15,25,556,122,118,133,0,12
"4967","060372933062","Block Group 2, Census Tract 2933.06, Los Angeles County, California",1517,240,5,9,0,12,0,12,0,12,5,7,0,12,0,12,0,12,76,73,0,12,6,8,0,12,21,18,5,8,0,12,0,12,7,10,24,31,5,9,0,12,0,12,0,12,0,12,0,12,1577,246,50,33,1577,246,60,77,21,26,71,43,0,12,1577,246,264,148,0,12,123,90,604,139,541,185,0,12
"4968","060372766032","Block Group 2, Census Tract 2766.03, Los Angeles County, California",3374,681,0,12,0,12,0,12,0,12,0,12,0,12,0,12,0,12,0,12,0,12,13,21,0,12,0,12,0,12,0,12,0,12,15,23,0,12,0,12,0,12,0,12,0,12,0,12,0,12,3393,682,225,137,3393,682,20,31,93,95,42,43,0,12,3393,682,576,199,0,12,386,409,1913,439,363,169,0,12
"4969","060372699061","Block Group 1, Census Tract 2699.06, Los Angeles County, California",2996,203,0,12,0,12,0,12,0,12,0,12,0,12,0,12,0,12,24,38,43,45,14,23,0,12,85,84,0,12,0,12,8,13,0,12,0,12,0,12,0,12,0,12,0,12,0,12,8,13,3158,217,240,100,3158,217,19,20,102,55,17,19,0,12,3158,217,636,158,77,107,186,100,1327,183,800,177,14,24
"4970","060374340042","Block Group 2, Census Tract 4340.04, Los Angeles County, California",1314,255,0,12,0,12,0,12,0,12,0,12,0,12,0,12,0,12,138,77,18,17,0,12,0,12,16,18,0,12,0,12,0,12,26,25,28,29,0,12,0,12,10,15,0,12,0,12,0,12,1476,277,341,176,1476,277,28,27,24,25,56,40,0,12,1476,277,97,72,0,12,5,9,13,22,1361,277,0,12
"4971","060372187012","Block Group 2, Census Tract 2187.01, Los Angeles County, California",1199,234,0,12,0,12,0,12,0,12,0,12,0,12,0,12,0,12,47,44,32,50,0,12,0,12,32,28,12,18,0,12,0,12,0,12,0,12,0,12,0,12,11,15,0,12,0,12,0,12,1248,255,149,98,1248,255,0,12,47,59,79,52,3,8,1248,255,210,122,0,12,591,227,153,79,249,153,0,12
"4972","060372170021","Block Group 1, Census Tract 2170.02, Los Angeles County, California",1537,326,0,12,0,12,0,12,0,12,0,12,0,12,0,12,0,12,0,12,0,12,107,92,35,54,0,12,0,12,17,27,0,12,0,12,0,12,43,69,71,76,0,12,0,12,0,12,0,12,1607,338,141,95,1607,338,0,12,16,27,16,26,0,12,1607,338,229,145,0,12,35,40,1169,309,111,100,0,12
"4973","060372170011","Block Group 1, Census Tract 2170.01, Los Angeles County, California",1175,168,0,12,0,12,0,12,0,12,0,12,0,12,0,12,0,12,0,12,0,12,5,7,0,12,0,12,0,12,0,12,0,12,0,12,0,12,5,7,0,12,0,12,0,12,0,12,0,12,1408,235,172,192,1408,235,0,12,5,7,8,11,0,12,1408,235,37,41,0,12,47,46,1138,215,33,33,0,12
"4974","060372164022","Block Group 2, Census Tract 2164.02, Los Angeles County, California",1155,255,0,12,0,12,0,12,0,12,0,12,0,12,0,12,0,12,0,12,0,12,52,57,0,12,9,14,0,12,0,12,0,12,0,12,9,20,58,57,0,12,0,12,0,12,0,12,0,12,1231,345,123,71,1231,345,0,12,33,40,8,12,32,40,1260,342,235,170,0,12,0,12,865,328,143,97,8,12
"4975","060372151021","Block Group 1, Census Tract 2151.02, Los Angeles County, California",1297,266,0,12,0,12,0,12,0,12,0,12,0,12,0,12,0,12,0,12,0,12,0,12,0,12,60,70,0,12,0,12,0,12,0,12,0,12,0,12,0,12,0,12,0,12,0,12,0,12,1318,270,143,88,1318,270,15,24,92,91,54,65,0,12,1318,270,120,92,0,12,66,55,798,252,272,143,0,12
"4976","060372151011","Block Group 1, Census Tract 2151.01, Los Angeles County, California",2084,264,0,12,0,12,0,12,0,12,0,12,0,12,0,12,0,12,0,12,0,12,0,12,0,12,12,21,0,12,33,51,0,12,0,12,0,12,0,12,0,12,0,12,0,12,0,12,0,12,2142,284,212,148,2142,284,0,12,56,91,23,26,0,12,2142,284,377,148,33,51,101,67,1240,251,327,182,0,12
"4977","060371352035","Block Group 5, Census Tract 1352.03, Los Angeles County, California",863,276,0,12,0,12,25,37,0,12,0,12,0,12,0,12,0,12,0,12,0,12,0,12,0,12,0,12,0,12,0,12,0,12,0,12,0,12,23,37,0,12,0,12,0,12,0,12,0,12,968,311,216,222,968,311,0,12,0,12,0,12,0,12,968,311,21,34,0,12,0,12,901,325,0,12,0,12
"4978","060374310014","Block Group 4, Census Tract 4310.01, Los Angeles County, California",2852,807,0,12,0,12,0,12,0,12,0,12,0,12,0,12,0,12,0,12,0,12,0,12,0,12,12,19,0,12,0,12,0,12,83,73,0,12,0,12,0,12,0,12,0,12,0,12,0,12,2893,799,186,99,2893,799,0,12,97,100,31,34,14,23,2893,799,252,135,0,12,346,425,837,261,1376,483,0,12
"4979","060374322021","Block Group 1, Census Tract 4322.02, Los Angeles County, California",1306,302,0,12,0,12,0,12,0,12,0,12,0,12,0,12,0,12,78,108,0,12,0,12,0,12,81,51,22,24,0,12,0,12,0,12,0,12,0,12,0,12,117,81,76,56,0,12,0,12,1486,351,228,255,1486,351,6,11,120,84,95,114,10,16,1486,351,1012,297,0,12,1,3,29,25,444,298,0,12
"4980","060374326023","Block Group 3, Census Tract 4326.02, Los Angeles County, California",1342,431,14,23,0,12,0,12,0,12,0,12,0,12,0,12,0,12,28,43,14,21,0,12,0,12,45,60,155,118,0,12,0,12,12,19,0,12,0,12,0,12,66,74,24,34,0,12,0,12,1373,427,56,91,1373,427,0,12,29,46,28,43,0,12,1373,427,983,386,0,12,0,12,0,12,372,236,0,12
"4981","060374081333","Block Group 3, Census Tract 4081.33, Los Angeles County, California",1285,243,0,12,0,12,0,12,0,12,0,12,0,12,0,12,0,12,9,13,0,12,0,12,0,12,23,26,0,12,0,12,0,12,0,12,0,12,0,12,0,12,0,12,0,12,0,12,0,12,1335,255,86,78,1335,255,6,9,9,13,8,12,0,12,1335,255,728,158,0,12,43,46,50,42,457,194,0,12
"4982","060374081352","Block Group 2, Census Tract 4081.35, Los Angeles County, California",684,203,0,12,0,12,0,12,0,12,0,12,0,12,0,12,0,12,0,12,0,12,0,12,0,12,49,40,0,12,0,12,0,12,0,12,0,12,0,12,0,12,16,17,0,12,0,12,0,12,721,226,69,83,721,226,0,12,0,12,29,47,0,12,721,226,639,222,0,12,52,79,22,20,8,12,0,12
"4983","060374082111","Block Group 1, Census Tract 4082.11, Los Angeles County, California",780,294,0,12,0,12,0,12,0,12,0,12,0,12,0,12,0,12,30,36,25,39,0,12,0,12,91,63,16,27,0,12,0,12,0,12,14,22,0,12,0,12,9,15,13,20,0,12,0,12,909,365,44,133,909,365,21,54,55,67,79,92,0,12,909,365,401,216,0,12,0,12,57,33,449,322,0,12
"4984","060371954003","Block Group 3, Census Tract 1954, Los Angeles County, California",1040,321,0,12,0,12,0,12,0,12,0,12,0,12,0,12,0,12,0,12,50,81,0,12,0,12,0,12,0,12,0,12,0,12,0,12,0,12,0,12,0,12,0,12,0,12,0,12,0,12,1077,325,73,86,1077,325,0,12,48,77,45,72,0,12,1077,325,118,120,0,12,5,13,615,237,296,226,0,12
"4985","060371977001","Block Group 1, Census Tract 1977, Los Angeles County, California",2325,309,8,12,0,12,0,12,0,12,6,10,0,12,0,12,0,12,61,56,17,21,0,12,0,12,171,89,23,37,0,12,0,12,18,19,0,12,0,12,0,12,153,75,65,104,0,12,0,12,2570,312,535,204,2570,312,0,12,162,117,117,67,55,57,2570,312,946,247,0,12,91,101,540,235,882,270,0,12
"4986","060371990001","Block Group 1, Census Tract 1990, Los Angeles County, California",1217,368,0,12,0,12,0,12,0,12,0,12,0,12,0,12,0,12,68,61,26,29,0,12,0,12,0,12,0,12,0,12,0,12,75,63,0,12,0,12,0,12,0,12,0,12,0,12,0,12,1307,408,123,83,1307,408,22,36,42,67,96,105,39,47,1307,408,69,106,0,12,35,59,52,55,1151,394,0,12
"4987","060371993002","Block Group 2, Census Tract 1993, Los Angeles County, California",2650,363,0,12,0,12,0,12,0,12,0,12,0,12,0,12,0,12,285,105,41,63,0,12,0,12,95,52,32,34,0,12,0,12,78,80,0,12,0,12,0,12,28,45,62,78,0,12,0,12,2745,355,646,328,2761,350,0,12,129,97,320,124,0,12,2761,350,437,170,0,12,25,28,424,145,1845,357,21,37
"4988","060371864012","Block Group 2, Census Tract 1864.01, Los Angeles County, California",845,220,0,12,0,12,0,12,0,12,0,12,0,12,0,12,0,12,111,54,50,33,0,12,0,12,0,12,0,12,0,12,0,12,7,10,4,6,0,12,0,12,37,30,61,47,0,12,0,12,938,261,151,88,938,261,12,18,26,26,47,33,0,12,938,261,211,98,0,12,0,12,68,52,659,239,0,12
"4989","060371224101","Block Group 1, Census Tract 1224.10, Los Angeles County, California",2220,339,72,84,0,12,0,12,0,12,0,12,0,12,0,12,0,12,256,87,81,57,26,40,0,12,0,12,0,12,0,12,0,12,39,38,28,26,0,12,0,12,0,12,7,14,0,12,0,12,2177,335,618,252,2177,335,29,42,117,71,137,120,0,12,2292,345,59,45,0,12,64,60,409,148,1709,368,0,12
"4990","060374087051","Block Group 1, Census Tract 4087.05, Los Angeles County, California",1313,329,0,12,0,12,0,12,0,12,18,20,0,12,0,12,0,12,0,12,0,12,0,12,0,12,89,70,63,80,0,12,0,12,0,12,0,12,0,12,0,12,46,33,51,58,0,12,0,12,1455,379,68,60,1459,381,18,27,40,46,57,47,0,12,1459,381,1023,360,0,12,0,12,134,135,287,143,0,12
"4991","060374088003","Block Group 3, Census Tract 4088, Los Angeles County, California",1043,184,0,12,0,12,0,12,0,12,0,12,0,12,0,12,0,12,13,22,0,12,0,12,0,12,9,14,0,12,0,12,0,12,0,12,0,12,0,12,0,12,0,12,0,12,0,12,0,12,1099,202,307,115,1099,202,21,33,140,89,29,36,0,12,1099,202,208,99,0,12,74,67,270,101,471,199,0,12
"4992","060374301013","Block Group 3, Census Tract 4301.01, Los Angeles County, California",917,340,0,12,0,12,0,12,0,12,0,12,0,12,0,12,0,12,59,71,0,12,0,12,0,12,0,12,0,12,0,12,0,12,0,12,17,26,0,12,0,12,19,27,0,12,0,12,0,12,957,369,139,182,957,369,0,12,28,29,88,73,0,12,957,369,122,121,11,18,0,12,31,39,749,356,0,12
"4993","060374302001","Block Group 1, Census Tract 4302, Los Angeles County, California",976,132,0,12,0,12,0,12,0,12,0,12,0,12,0,12,0,12,0,12,10,15,0,12,0,12,51,30,5,7,0,12,5,8,6,7,0,12,0,12,0,12,0,12,13,18,0,12,0,12,979,135,46,40,979,135,0,12,5,9,27,24,0,12,1026,139,312,100,0,12,8,11,569,110,124,55,0,12
"4994","060374304004","Block Group 4, Census Tract 4304, Los Angeles County, California",1312,353,0,12,0,12,0,12,0,12,12,18,0,12,0,12,0,12,0,12,0,12,0,12,0,12,78,43,0,12,0,12,0,12,0,12,0,12,0,12,0,12,40,34,74,74,0,12,0,12,1343,354,0,12,1343,354,0,12,8,16,19,31,0,12,1343,354,1028,332,0,12,0,12,180,109,110,101,0,12
"4995","060374314003","Block Group 3, Census Tract 4314, Los Angeles County, California",1479,442,0,12,0,12,0,12,0,12,0,12,0,12,0,12,0,12,0,12,0,12,0,12,0,12,28,39,42,57,0,12,0,12,10,16,0,12,0,12,0,12,13,17,104,110,0,12,0,12,1492,446,113,79,1492,446,0,12,8,19,28,39,38,53,1492,446,593,321,64,65,6,16,165,110,575,273,0,12
"4996","060376700033","Block Group 3, Census Tract 6700.03, Los Angeles County, California",1173,267,0,12,0,12,0,12,0,12,0,12,0,12,0,12,0,12,0,12,0,12,0,12,0,12,0,12,0,12,0,12,0,12,0,12,0,12,0,12,0,12,10,18,0,12,0,12,0,12,1290,306,49,39,1290,306,46,72,0,12,24,29,20,24,1290,306,141,120,69,91,0,12,875,222,187,123,0,12
"4997","060379203142","Block Group 2, Census Tract 9203.14, Los Angeles County, California",1045,200,0,12,0,12,0,12,0,12,0,12,0,12,0,12,0,12,28,44,17,20,0,12,0,12,0,12,0,12,0,12,0,12,0,12,0,12,0,12,0,12,0,12,0,12,0,12,0,12,1094,197,6,10,1094,197,0,12,9,15,10,11,0,12,1094,197,45,34,0,12,11,13,588,161,429,143,0,12
"4998","060379200363","Block Group 3, Census Tract 9200.36, Los Angeles County, California",551,201,0,12,0,12,0,12,0,12,0,12,0,12,0,12,0,12,0,12,0,12,0,12,0,12,0,12,0,12,0,12,0,12,0,12,0,12,0,12,0,12,0,12,0,12,0,12,0,12,606,245,36,23,606,245,0,12,0,12,0,12,0,12,606,245,108,153,3,6,6,9,247,110,218,171,4,6
"4999","060379203134","Block Group 4, Census Tract 9203.13, Los Angeles County, California",1861,300,0,12,0,12,0,12,0,12,0,12,0,12,0,12,0,12,20,32,0,12,0,12,8,13,11,18,0,12,0,12,0,12,0,12,13,21,0,12,0,12,11,18,3,11,0,12,0,12,1980,341,190,168,2001,349,27,35,22,27,27,25,21,25,2001,349,250,179,0,12,20,32,1391,286,320,166,20,23
"5000","060374814022","Block Group 2, Census Tract 4814.02, Los Angeles County, California",2133,521,0,12,0,12,0,12,0,12,14,22,0,12,0,12,0,12,0,12,0,12,0,12,0,12,133,70,268,243,0,12,0,12,0,12,0,12,0,12,0,12,77,65,336,237,0,12,0,12,2198,524,266,264,2198,524,0,12,38,65,57,65,50,73,2198,524,1491,519,0,12,0,12,168,165,539,426,0,12
"5001","060374814021","Block Group 1, Census Tract 4814.02, Los Angeles County, California",1113,509,0,12,0,12,0,12,0,12,0,12,0,12,0,12,0,12,67,107,64,102,0,12,0,12,49,43,15,24,0,12,0,12,0,12,0,12,0,12,0,12,13,21,79,75,0,12,0,12,1125,512,74,101,1125,512,0,12,51,80,201,212,0,12,1125,512,719,400,0,12,0,12,15,25,391,402,0,12
"5002","060374828001","Block Group 1, Census Tract 4828, Los Angeles County, California",879,211,0,12,0,12,0,12,0,12,0,12,0,12,0,12,0,12,24,38,0,12,0,12,0,12,27,25,25,29,0,12,0,12,0,12,0,12,0,12,0,12,45,42,22,33,0,12,0,12,924,221,34,37,924,221,8,12,12,19,63,46,0,12,924,221,482,199,10,15,0,12,105,67,269,146,0,12
"5003","060375032013","Block Group 3, Census Tract 5032.01, Los Angeles County, California",1557,455,0,12,0,12,0,12,0,12,0,12,0,12,0,12,0,12,27,46,0,12,0,12,0,12,0,12,0,12,0,12,0,12,0,12,32,38,0,12,0,12,0,12,0,12,10,16,0,12,1559,456,67,75,1581,456,0,12,38,60,0,12,15,26,1581,456,7,11,0,12,37,57,178,89,1359,449,0,12
"5004","060376510014","Block Group 4, Census Tract 6510.01, Los Angeles County, California",640,176,0,12,0,12,0,12,0,12,0,12,0,12,0,12,0,12,0,12,0,12,0,12,0,12,11,19,0,12,0,12,0,12,0,12,0,12,0,12,0,12,16,22,0,12,0,12,0,12,704,199,38,38,704,199,0,12,0,12,13,21,0,12,704,199,140,89,0,12,0,12,307,136,234,121,0,12
"5005","060376510013","Block Group 3, Census Tract 6510.01, Los Angeles County, California",2555,475,0,12,0,12,0,12,0,12,0,12,0,12,0,12,0,12,89,100,29,45,0,12,0,12,45,30,0,12,0,12,0,12,19,42,0,12,0,12,0,12,51,40,0,12,0,12,0,12,2613,479,345,350,2613,479,23,35,73,66,155,99,0,12,2613,479,538,140,14,21,74,115,784,225,1133,424,0,12
"5006","060372037203","Block Group 3, Census Tract 2037.20, Los Angeles County, California",624,239,0,12,0,12,0,12,0,12,0,12,0,12,0,12,0,12,93,79,66,52,0,12,0,12,7,11,0,12,0,12,0,12,15,23,0,12,0,12,0,12,0,12,0,12,0,12,0,12,667,245,243,196,667,245,0,12,37,35,62,57,0,12,667,245,14,21,0,12,0,12,12,18,641,248,0,12
"5007","060372042001","Block Group 1, Census Tract 2042, Los Angeles County, California",1767,365,0,12,0,12,0,12,0,12,0,12,0,12,0,12,0,12,240,96,163,83,0,12,0,12,5,7,0,12,0,12,0,12,22,19,48,42,0,12,0,12,0,12,0,12,0,12,0,12,1886,377,738,305,1886,377,0,12,102,80,226,79,0,12,1886,377,23,12,0,12,12,20,38,39,1813,387,0,12
"5008","060372043002","Block Group 2, Census Tract 2043, Los Angeles County, California",1789,429,15,25,0,12,0,12,0,12,0,12,0,12,0,12,0,12,247,118,233,107,0,12,0,12,0,12,0,12,0,12,0,12,52,38,61,47,0,12,0,12,0,12,0,12,0,12,0,12,1958,473,194,167,1958,473,20,25,151,108,218,98,16,24,1958,473,7,10,0,12,2,6,12,12,1937,473,0,12
"5009","060372098202","Block Group 2, Census Tract 2098.20, Los Angeles County, California",972,249,0,12,0,12,0,12,0,12,0,12,0,12,0,12,0,12,160,75,77,48,0,12,0,12,6,10,0,12,0,12,0,12,40,29,16,16,0,12,0,12,25,29,0,12,0,12,0,12,1108,273,330,145,1113,273,6,13,83,55,80,41,0,12,1113,273,48,51,0,12,6,9,31,28,1021,269,0,12
"5010","060374033232","Block Group 2, Census Tract 4033.23, Los Angeles County, California",1858,265,0,12,0,12,0,12,0,12,0,12,0,12,0,12,0,12,0,12,0,12,0,12,0,12,101,62,19,21,0,12,0,12,0,12,0,12,0,12,0,12,31,30,8,12,0,12,0,12,1862,271,40,41,1877,271,15,24,0,12,15,23,0,12,1877,271,1077,280,38,57,55,65,431,163,276,165,0,12
"5011","060374034012","Block Group 2, Census Tract 4034.01, Los Angeles County, California",1160,304,0,12,0,12,0,12,0,12,11,19,0,12,0,12,0,12,0,12,0,12,0,12,0,12,169,91,12,18,0,12,0,12,0,12,0,12,0,12,0,12,54,47,0,12,0,12,0,12,1214,301,143,87,1214,301,11,17,16,24,83,60,0,12,1214,301,989,286,0,12,0,12,9,15,216,143,0,12
"5012","060374040003","Block Group 3, Census Tract 4040, Los Angeles County, California",1033,391,0,12,0,12,0,12,0,12,0,12,0,12,0,12,0,12,58,55,50,42,0,12,0,12,24,36,0,12,0,12,0,12,0,12,0,12,0,12,0,12,0,12,16,25,0,12,0,12,1079,434,11,17,1079,434,0,12,34,39,21,25,0,12,1079,434,68,100,0,12,0,12,260,107,751,406,0,12
"5013","060372293001","Block Group 1, Census Tract 2293, Los Angeles County, California",2131,513,0,12,0,12,0,12,0,12,0,12,0,12,0,12,0,12,220,96,293,152,0,12,0,12,0,12,0,12,0,12,0,12,0,12,0,12,0,12,0,12,0,12,0,12,0,12,0,12,2296,573,770,421,2296,573,0,12,232,108,223,114,0,12,2296,573,0,12,0,12,291,205,39,35,1935,579,0,12
"5014","060372361003","Block Group 3, Census Tract 2361, Los Angeles County, California",1659,607,0,12,0,12,0,12,0,12,0,12,0,12,0,12,0,12,0,12,0,12,0,12,0,12,0,12,0,12,0,12,0,12,0,12,0,12,0,12,0,12,0,12,0,12,0,12,0,12,1677,607,445,322,1677,607,18,29,45,74,51,68,0,12,1677,607,0,12,0,12,1292,474,18,29,367,447,0,12
"5015","060372411204","Block Group 4, Census Tract 2411.20, Los Angeles County, California",1262,389,33,46,0,12,0,12,0,12,0,12,0,12,0,12,0,12,163,83,33,33,0,12,0,12,0,12,0,12,0,12,0,12,23,31,39,59,0,12,0,12,0,12,0,12,0,12,0,12,1363,450,757,413,1363,450,40,47,32,42,166,128,0,12,1363,450,0,12,0,12,303,204,26,43,1034,418,0,12
"5016","060371433002","Block Group 2, Census Tract 1433, Los Angeles County, California",2288,428,0,12,0,12,0,12,0,12,0,12,0,12,0,12,0,12,0,12,0,12,0,12,0,12,40,63,40,63,0,12,0,12,66,93,0,12,0,12,0,12,0,12,0,12,0,12,0,12,2314,429,69,51,2314,429,0,12,104,120,235,170,0,12,2314,429,141,142,0,12,201,169,1277,396,578,240,0,12
"5017","060371433005","Block Group 5, Census Tract 1433, Los Angeles County, California",1399,248,0,12,0,12,0,12,0,12,0,12,0,12,0,12,0,12,0,12,0,12,0,12,0,12,0,12,0,12,0,12,0,12,0,12,0,12,0,12,0,12,0,12,0,12,0,12,0,12,1571,362,39,39,1571,362,0,12,0,12,90,111,0,12,1571,362,156,106,0,12,69,79,1276,381,32,35,0,12
"5018","060374024041","Block Group 1, Census Tract 4024.04, Los Angeles County, California",1862,209,0,12,0,12,0,12,0,12,0,12,0,12,0,12,0,12,4,7,0,12,0,12,0,12,12,17,0,12,0,12,0,12,0,12,0,12,0,12,0,12,0,12,0,12,0,12,0,12,9,13,0,12,1862,209,50,42,22,23,0,12,0,12,1862,209,448,122,0,12,138,54,608,108,522,123,0,12
"5019","060371256003","Block Group 3, Census Tract 1256, Los Angeles County, California",860,237,0,12,0,12,0,12,0,12,0,12,0,12,0,12,0,12,42,52,15,22,0,12,0,12,0,12,0,12,0,12,0,12,0,12,0,12,0,12,0,12,0,12,0,12,0,12,0,12,909,281,257,230,909,281,0,12,26,36,41,47,0,12,909,281,40,48,0,12,11,17,618,170,229,228,0,12
"5020","060371234101","Block Group 1, Census Tract 1234.10, Los Angeles County, California",2799,469,23,37,0,12,45,75,0,12,0,12,0,12,0,12,0,12,423,252,135,93,61,79,0,12,24,28,0,12,15,25,0,12,0,12,32,37,15,25,25,33,5,11,0,12,0,12,0,12,2929,538,595,371,2929,538,106,122,177,201,88,75,0,12,3007,535,206,130,0,12,52,37,1080,306,1662,488,0,12
"5021","060371247004","Block Group 4, Census Tract 1247, Los Angeles County, California",1154,301,0,12,0,12,0,12,0,12,0,12,0,12,0,12,0,12,0,12,0,12,0,12,0,12,0,12,0,12,0,12,0,12,0,12,0,12,0,12,0,12,0,12,0,12,0,12,0,12,1182,309,13,25,1182,309,0,12,91,110,80,126,0,12,1182,309,93,119,0,12,16,27,866,292,153,103,0,12
"5022","060374312002","Block Group 2, Census Tract 4312, Los Angeles County, California",1723,525,16,27,0,12,0,12,0,12,0,12,0,12,0,12,0,12,74,56,52,59,6,14,0,12,52,48,18,30,0,12,0,12,33,39,4,11,0,12,0,12,9,14,52,77,0,12,0,12,1743,555,249,243,1743,555,34,41,108,105,135,102,0,12,1868,574,283,257,7,15,182,149,56,43,1259,501,0,12
"5023","060376003021","Block Group 1, Census Tract 6003.02, Los Angeles County, California",1259,367,0,12,0,12,0,12,0,12,0,12,0,12,0,12,0,12,37,40,52,60,0,12,0,12,0,12,0,12,0,12,0,12,59,65,0,12,0,12,0,12,0,12,0,12,0,12,0,12,1283,364,267,133,1299,369,0,12,90,79,5,10,56,59,1299,369,0,12,0,12,518,176,16,24,728,303,0,12
"5024","060376008021","Block Group 1, Census Tract 6008.02, Los Angeles County, California",918,257,0,12,0,12,0,12,0,12,0,12,0,12,0,12,0,12,0,12,0,12,0,12,0,12,0,12,0,12,0,12,0,12,0,12,0,12,0,12,0,12,0,12,0,12,0,12,0,12,918,257,44,72,918,257,15,24,22,34,0,12,0,12,918,257,0,12,0,12,902,252,0,12,16,25,0,12
"5025","060371031021","Block Group 1, Census Tract 1031.02, Los Angeles County, California",730,226,0,12,0,12,0,12,0,12,0,12,0,12,0,12,0,12,115,150,10,15,8,13,0,12,30,46,0,12,0,12,0,12,0,12,0,12,63,72,0,12,9,13,0,12,0,12,0,12,751,228,36,44,751,228,0,12,11,17,11,17,0,12,751,228,144,110,0,12,0,12,358,154,234,215,0,12
"5026","060375431003","Block Group 3, Census Tract 5431, Los Angeles County, California",988,388,0,12,0,12,0,12,0,12,0,12,0,12,0,12,0,12,88,76,16,19,0,12,0,12,0,12,4,9,0,12,0,12,0,12,7,11,0,12,0,12,0,12,0,12,0,12,0,12,1148,468,264,267,1148,468,0,12,51,59,38,36,0,12,1153,468,4,9,0,12,589,450,7,11,543,280,0,12
"5027","060375431004","Block Group 4, Census Tract 5431, Los Angeles County, California",1462,555,0,12,0,12,0,12,0,12,0,12,0,12,0,12,0,12,73,97,188,148,0,12,0,12,0,12,20,31,0,12,0,12,0,12,0,12,0,12,0,12,0,12,0,12,0,12,0,12,1616,585,141,138,1616,585,32,48,53,64,85,96,0,12,1616,585,101,155,0,12,310,151,14,34,929,408,0,12
"5028","060375432021","Block Group 1, Census Tract 5432.02, Los Angeles County, California",914,345,0,12,0,12,0,12,0,12,0,12,0,12,0,12,0,12,9,14,10,15,0,12,0,12,37,59,0,12,0,12,0,12,0,12,18,26,0,12,0,12,0,12,15,21,0,12,0,12,1025,390,180,185,1025,390,55,69,82,93,39,43,0,12,1025,390,85,134,163,217,98,95,12,16,654,302,0,12
"5029","060375433041","Block Group 1, Census Tract 5433.04, Los Angeles County, California",1183,385,0,12,0,12,0,12,0,12,0,12,0,12,0,12,0,12,0,12,0,12,0,12,0,12,0,12,0,12,0,12,0,12,0,12,0,12,0,12,0,12,0,12,0,12,0,12,0,12,1183,385,24,25,1183,385,0,12,60,49,71,45,9,14,1183,385,80,98,0,12,707,257,337,262,19,32,0,12
"5030","060372409004","Block Group 4, Census Tract 2409, Los Angeles County, California",1013,378,0,12,0,12,0,12,0,12,0,12,0,12,0,12,0,12,58,58,52,60,0,12,0,12,0,12,0,12,0,12,0,12,0,12,31,31,0,12,0,12,0,12,0,12,0,12,0,12,1201,473,350,315,1201,473,78,86,69,67,67,51,12,20,1201,473,0,12,0,12,589,412,0,12,612,360,0,12
"5031","060375433043","Block Group 3, Census Tract 5433.04, Los Angeles County, California",1315,359,0,12,0,12,0,12,0,12,0,12,0,12,0,12,0,12,20,37,0,12,0,12,0,12,0,12,0,12,0,12,0,12,0,12,0,12,0,12,0,12,0,12,0,12,0,12,0,12,1355,395,115,107,1446,421,0,12,34,41,20,23,0,12,1446,421,0,12,0,12,1335,418,44,35,67,86,0,12
"5032","060375319014","Block Group 4, Census Tract 5319.01, Los Angeles County, California",847,372,23,38,21,31,0,12,0,12,0,12,0,12,0,12,0,12,111,102,34,41,0,12,0,12,0,12,0,12,0,12,0,12,11,17,20,22,0,12,0,12,0,12,0,12,0,12,0,12,859,383,243,254,880,393,28,27,51,54,66,78,0,12,880,393,6,10,0,12,0,12,5,8,869,396,0,12
"5033","060375337031","Block Group 1, Census Tract 5337.03, Los Angeles County, California",1855,484,23,37,0,12,0,12,0,12,0,12,0,12,0,12,0,12,354,211,208,143,0,12,0,12,0,12,0,12,0,12,0,12,21,22,25,40,0,12,0,12,0,12,0,12,0,12,0,12,2011,552,587,424,2011,552,34,40,147,97,112,75,0,12,2011,552,0,12,0,12,0,12,0,12,2011,552,0,12
"5034","060375342011","Block Group 1, Census Tract 5342.01, Los Angeles County, California",2915,414,49,45,0,12,0,12,0,12,0,12,0,12,0,12,0,12,288,102,148,77,0,12,0,12,0,12,0,12,0,12,0,12,98,56,54,46,0,12,0,12,0,12,0,12,0,12,0,12,3051,462,1073,381,3051,462,130,147,328,126,205,98,23,28,3174,457,8,19,0,12,37,34,62,35,3058,450,4,9
"5035","060373008001","Block Group 1, Census Tract 3008, Los Angeles County, California",2324,559,0,12,0,12,0,12,0,12,0,12,0,12,0,12,0,12,21,37,0,12,17,28,11,17,20,33,0,12,0,12,0,12,0,12,0,12,19,31,0,12,0,12,0,12,0,12,0,12,2388,585,235,179,2388,585,26,34,18,32,78,78,0,12,2388,585,415,225,0,12,18,29,1394,430,476,282,0,12
"5036","060373107022","Block Group 2, Census Tract 3107.02, Los Angeles County, California",1951,431,0,12,0,12,0,12,0,12,0,12,0,12,0,12,0,12,0,12,0,12,0,12,0,12,20,34,0,12,0,12,0,12,41,47,0,12,84,81,187,145,0,12,0,12,0,12,0,12,1976,431,536,227,1976,431,0,12,163,148,0,12,0,12,1976,431,490,349,0,12,52,82,1181,330,164,109,0,12
"5037","060373117004","Block Group 4, Census Tract 3117, Los Angeles County, California",919,274,0,12,0,12,0,12,0,12,0,12,0,12,0,12,0,12,0,12,0,12,0,12,0,12,0,12,0,12,0,12,0,12,8,18,0,12,17,35,0,12,8,17,0,12,0,12,0,12,785,230,104,98,785,230,0,12,12,21,0,12,0,12,941,281,41,45,0,12,58,84,531,197,230,166,0,12
"5038","060375729003","Block Group 3, Census Tract 5729, Los Angeles County, California",1186,288,0,12,0,12,0,12,0,12,0,12,0,12,0,12,0,12,0,12,16,26,0,12,0,12,0,12,0,12,0,12,0,12,0,12,5,8,0,12,0,12,28,31,0,12,0,12,0,12,1254,327,52,43,1254,327,0,12,21,32,17,27,0,12,1254,327,461,167,0,12,168,202,77,54,360,269,0,12
"5039","060375737005","Block Group 5, Census Tract 5737, Los Angeles County, California",468,146,0,12,0,12,0,12,0,12,0,12,0,12,0,12,0,12,0,12,0,12,0,12,0,12,1,2,0,12,0,12,0,12,1,2,0,12,0,12,0,12,0,12,2,3,0,12,0,12,586,201,0,12,586,201,0,12,0,12,0,12,0,12,597,202,11,14,1,2,3,5,383,148,199,150,0,12
"5040","060375737001","Block Group 1, Census Tract 5737, Los Angeles County, California",875,255,0,12,0,12,0,12,0,12,0,12,0,12,0,12,0,12,0,12,0,12,0,12,0,12,0,12,0,12,0,12,0,12,0,12,0,12,0,12,0,12,0,12,0,12,0,12,0,12,954,294,22,28,954,294,0,12,0,12,40,50,0,12,954,294,71,89,0,12,0,12,477,167,352,208,0,12
"5041","060375746011","Block Group 1, Census Tract 5746.01, Los Angeles County, California",2276,271,0,12,0,12,0,12,0,12,0,12,0,12,0,12,0,12,0,12,0,12,0,12,0,12,0,12,0,12,0,12,0,12,0,12,0,12,0,12,0,12,0,12,0,12,0,12,0,12,0,12,0,12,2276,271,20,27,17,19,0,12,0,12,2276,271,348,93,7,11,79,44,1214,206,508,117,0,12
"5042","060375775011","Block Group 1, Census Tract 5775.01, Los Angeles County, California",1178,214,0,12,0,12,0,12,0,12,0,12,0,12,0,12,0,12,0,12,0,12,0,12,0,12,0,12,0,12,0,12,0,12,0,12,0,12,0,12,0,12,0,12,0,12,0,12,0,12,1189,216,88,65,1189,216,0,12,9,14,0,12,0,12,1189,216,66,65,0,12,39,44,721,154,333,168,0,12
"5043","060374073022","Block Group 2, Census Tract 4073.02, Los Angeles County, California",944,286,0,12,0,12,0,12,0,12,0,12,0,12,0,12,0,12,66,81,25,32,0,12,0,12,12,18,0,12,0,12,0,12,0,12,0,12,0,12,0,12,0,12,0,12,0,12,0,12,997,302,85,64,997,302,5,8,20,30,11,12,6,11,997,302,162,111,0,12,0,12,29,34,806,297,0,12
"5044","060371920022","Block Group 2, Census Tract 1920.02, Los Angeles County, California",868,239,0,12,0,12,0,12,0,12,0,12,0,12,0,12,0,12,0,12,0,12,0,12,0,12,0,12,0,12,0,12,0,12,0,12,0,12,0,12,0,12,0,12,0,12,0,12,0,12,923,240,93,64,923,240,0,12,0,12,17,18,0,12,923,240,88,67,29,45,43,47,534,159,29,27,0,12
"5045","060375010022","Block Group 2, Census Tract 5010.02, Los Angeles County, California",925,350,0,12,0,12,0,12,0,12,0,12,0,12,0,12,0,12,7,11,0,12,0,12,0,12,0,12,0,12,0,12,0,12,0,12,0,12,0,12,0,12,0,12,0,12,0,12,0,12,988,358,29,58,988,358,11,17,25,28,23,38,0,12,988,358,0,12,0,12,0,12,136,113,837,343,0,12
"5046","060375312021","Block Group 1, Census Tract 5312.02, Los Angeles County, California",1374,416,24,36,0,12,0,12,0,12,0,12,0,12,0,12,0,12,90,75,117,154,0,12,0,12,0,12,0,12,0,12,0,12,63,55,54,53,0,12,0,12,0,12,0,12,0,12,0,12,1465,440,138,169,1465,440,16,26,103,159,61,50,29,34,1465,440,36,39,0,12,32,50,0,12,1397,442,0,12
"5047","060372122042","Block Group 2, Census Tract 2122.04, Los Angeles County, California",1530,303,0,12,33,54,0,12,0,12,0,12,0,12,0,12,0,12,286,112,222,134,0,12,0,12,39,36,22,34,0,12,0,12,23,32,0,12,0,12,0,12,0,12,18,30,0,12,0,12,1632,313,504,238,1632,313,16,27,251,121,290,129,0,12,1632,313,221,153,0,12,156,137,49,50,1171,285,17,29
"5048","060372123061","Block Group 1, Census Tract 2123.06, Los Angeles County, California",1499,329,0,12,0,12,0,12,0,12,0,12,0,12,0,12,0,12,184,99,153,110,0,12,0,12,166,69,34,28,0,12,0,12,2,4,31,40,0,12,0,12,32,35,17,27,0,12,0,12,1643,346,280,140,1643,346,16,24,210,91,353,161,31,40,1643,346,689,196,0,12,11,15,86,58,857,358,0,12
"5049","060372286001","Block Group 1, Census Tract 2286, Los Angeles County, California",2898,506,0,12,20,32,0,12,0,12,0,12,0,12,0,12,0,12,579,272,357,121,0,12,0,12,0,12,0,12,0,12,0,12,33,37,105,112,0,12,0,12,0,12,0,12,0,12,0,12,3015,510,1132,462,3075,526,16,24,375,180,227,94,0,12,3075,526,4,6,0,12,196,155,23,22,2836,551,15,39
"5050","060372322001","Block Group 1, Census Tract 2322, Los Angeles County, California",976,323,0,12,0,12,0,12,0,12,0,12,0,12,0,12,0,12,147,123,36,40,0,12,0,12,0,12,0,12,0,12,0,12,41,65,0,12,0,12,0,12,0,12,0,12,0,12,0,12,985,328,316,194,985,328,0,12,28,38,22,34,9,17,998,328,0,12,0,12,148,74,13,21,836,342,0,12
"5051","060372348002","Block Group 2, Census Tract 2348, Los Angeles County, California",955,282,0,12,0,12,0,12,0,12,0,12,0,12,0,12,0,12,19,23,0,12,0,12,0,12,0,12,0,12,11,20,0,12,40,47,0,12,0,12,0,12,0,12,0,12,0,12,0,12,990,288,123,130,990,288,0,12,26,37,13,21,0,12,990,288,0,12,0,12,425,214,31,47,527,234,0,12
"5052","060372348003","Block Group 3, Census Tract 2348, Los Angeles County, California",668,238,0,12,0,12,0,12,0,12,0,12,0,12,0,12,0,12,66,68,0,12,0,12,0,12,0,12,0,12,0,12,0,12,0,12,0,12,0,12,0,12,0,12,0,12,0,12,0,12,668,238,2,4,668,238,0,12,33,40,0,12,0,12,668,238,0,12,46,73,307,178,0,12,315,209,0,12
"5053","060372944101","Block Group 1, Census Tract 2944.10, Los Angeles County, California",2249,372,0,12,0,12,0,12,0,12,0,12,0,12,0,12,0,12,229,115,39,38,0,12,0,12,30,45,0,12,0,12,0,12,0,12,7,11,2,4,0,12,9,15,0,12,0,12,0,12,2550,402,732,425,2550,402,10,16,115,76,92,73,0,12,2550,402,349,198,360,451,786,319,75,61,968,363,0,12
"5054","060372962102","Block Group 2, Census Tract 2962.10, Los Angeles County, California",666,195,0,12,0,12,0,12,0,12,0,12,0,12,0,12,0,12,72,60,28,30,0,12,0,12,0,12,0,12,0,12,0,12,27,25,12,13,0,12,0,12,0,12,0,12,0,12,0,12,775,241,246,191,775,241,0,12,88,61,27,32,0,12,775,241,10,12,0,12,85,99,73,54,600,235,0,12
"5055","060374329021","Block Group 1, Census Tract 4329.02, Los Angeles County, California",721,272,0,12,0,12,0,12,0,12,0,12,0,12,0,12,0,12,20,29,0,12,0,12,0,12,26,21,38,35,0,12,0,12,0,12,28,27,0,12,0,12,38,23,42,72,0,12,0,12,640,248,73,50,640,248,0,12,4,6,60,36,14,23,721,272,329,172,0,12,0,12,39,38,353,191,0,12
"5056","060374336021","Block Group 1, Census Tract 4336.02, Los Angeles County, California",2777,226,0,12,0,12,0,12,0,12,29,40,0,12,0,12,0,12,52,29,25,38,5,8,0,12,342,122,155,55,0,12,0,12,22,22,17,25,0,12,5,7,89,36,223,73,0,12,0,12,2896,226,549,210,2896,226,4,6,44,39,133,61,0,12,2896,226,1852,184,0,12,0,12,93,72,945,144,0,12
"5057","060375401021","Block Group 1, Census Tract 5401.02, Los Angeles County, California",1469,380,39,59,0,12,0,12,0,12,0,12,0,12,0,12,0,12,107,77,35,35,0,12,0,12,0,12,0,12,0,12,0,12,11,18,8,15,0,12,0,12,0,12,0,12,0,12,0,12,1617,411,180,157,1617,411,0,12,96,66,110,85,0,12,1617,411,0,12,0,12,109,84,0,12,1508,416,0,12
"5058","060375424013","Block Group 3, Census Tract 5424.01, Los Angeles County, California",438,183,0,12,0,12,0,12,0,12,0,12,0,12,0,12,0,12,79,64,14,23,0,12,0,12,0,12,0,12,0,12,0,12,9,15,0,12,0,12,0,12,0,12,0,12,0,12,0,12,438,183,0,12,438,183,0,12,11,18,44,52,0,12,438,183,0,12,0,12,157,113,0,12,281,158,0,12
"5059","060375432011","Block Group 1, Census Tract 5432.01, Los Angeles County, California",1365,244,28,39,0,12,0,12,0,12,0,12,0,12,0,12,0,12,113,47,30,37,0,12,0,12,0,12,0,12,0,12,0,12,0,12,45,52,0,12,0,12,0,12,0,12,0,12,0,12,1512,279,181,180,1512,279,0,12,56,35,127,70,0,12,1512,279,37,56,0,12,510,144,78,94,887,251,0,12
"5060","060375512021","Block Group 1, Census Tract 5512.02, Los Angeles County, California",1771,561,0,12,0,12,0,12,0,12,0,12,0,12,0,12,0,12,139,112,18,30,0,12,0,12,0,12,0,12,0,12,0,12,0,12,8,23,0,12,0,12,0,12,0,12,0,12,0,12,1761,548,206,201,1827,585,0,12,0,12,38,56,0,12,1837,586,43,62,0,12,13,20,250,177,1531,543,0,12
"5061","060375512024","Block Group 4, Census Tract 5512.02, Los Angeles County, California",2595,600,0,12,0,12,0,12,0,12,0,12,0,12,0,12,0,12,207,120,125,104,0,12,0,12,13,23,0,12,0,12,0,12,0,12,49,82,0,12,0,12,0,12,0,12,0,12,0,12,2938,695,612,509,2938,695,51,54,140,197,239,185,17,28,2938,695,180,122,0,12,138,168,220,183,2380,710,0,12
"5062","060372319001","Block Group 1, Census Tract 2319, Los Angeles County, California",2201,619,0,12,0,12,0,12,0,12,0,12,0,12,0,12,0,12,209,124,340,223,0,12,0,12,0,12,0,12,0,12,0,12,42,34,18,34,0,12,0,12,0,12,0,12,0,12,23,37,2238,633,697,366,2238,633,0,12,80,98,247,157,6,15,2238,633,0,12,0,12,322,170,18,23,1885,652,0,12
"5063","060372328002","Block Group 2, Census Tract 2328, Los Angeles County, California",2250,331,0,12,0,12,0,12,0,12,0,12,0,12,0,12,0,12,413,112,219,82,0,12,0,12,0,12,0,12,0,12,0,12,20,21,27,22,0,12,0,12,0,12,0,12,0,12,0,12,2526,382,1049,352,2559,389,114,80,145,82,250,84,0,12,2559,389,0,12,0,12,299,129,27,29,2220,419,0,12
"5064","060372346004","Block Group 4, Census Tract 2346, Los Angeles County, California",1586,404,0,12,0,12,0,12,0,12,0,12,0,12,0,12,0,12,0,12,0,12,0,12,0,12,0,12,0,12,0,12,0,12,5,13,0,12,0,12,0,12,0,12,0,12,0,12,0,12,1696,448,64,37,1696,448,36,35,27,34,37,36,0,12,1703,447,29,32,0,12,958,315,198,180,297,228,0,12
"5065","060372379002","Block Group 2, Census Tract 2379, Los Angeles County, California",1612,441,0,12,0,12,0,12,0,12,0,12,0,12,0,12,0,12,72,79,72,69,0,12,0,12,0,12,0,12,0,12,0,12,24,36,0,12,0,12,0,12,0,12,0,12,0,12,0,12,1667,461,309,229,1667,461,0,12,104,70,169,113,0,12,1667,461,0,12,0,12,1029,414,14,15,624,340,0,12
"5066","060372379001","Block Group 1, Census Tract 2379, Los Angeles County, California",829,384,0,12,0,12,0,12,0,12,0,12,0,12,0,12,0,12,0,12,0,12,0,12,0,12,0,12,0,12,0,12,0,12,0,12,0,12,0,12,0,12,0,12,0,12,0,12,0,12,954,439,202,166,954,439,0,12,28,34,15,24,0,12,954,439,0,12,0,12,780,402,0,12,111,102,0,12
"5067","060374602004","Block Group 4, Census Tract 4602, Los Angeles County, California",669,248,0,12,0,12,0,12,0,12,0,12,0,12,0,12,0,12,0,12,0,12,0,12,0,12,0,12,0,12,0,12,0,12,0,12,0,12,0,12,0,12,0,12,0,12,0,12,0,12,731,282,56,62,731,282,0,12,0,12,14,24,0,12,731,282,41,46,0,12,188,189,354,206,57,65,0,12
"5068","060371012202","Block Group 2, Census Tract 1012.20, Los Angeles County, California",2459,309,0,12,0,12,22,33,0,12,0,12,0,12,0,12,0,12,149,62,35,35,83,59,39,44,38,42,0,12,0,12,0,12,15,23,0,12,121,82,67,71,24,27,0,12,0,12,0,12,2576,323,518,239,2576,323,22,33,107,66,142,86,0,12,2576,323,272,135,0,12,87,107,1106,268,1070,220,0,12
"5069","060371034005","Block Group 5, Census Tract 1034, Los Angeles County, California",2499,536,0,12,0,12,0,12,0,12,0,12,0,12,0,12,0,12,13,22,0,12,0,12,0,12,0,12,0,12,0,12,0,12,0,12,0,12,24,29,50,77,0,12,0,12,0,12,13,21,2580,540,213,180,2580,540,50,75,43,66,30,36,0,12,2580,540,447,383,0,12,96,155,1598,447,393,289,0,12
"5070","060371041051","Block Group 1, Census Tract 1041.05, Los Angeles County, California",1720,358,0,12,0,12,0,12,0,12,0,12,0,12,0,12,0,12,76,60,0,12,0,12,0,12,40,44,19,29,0,12,0,12,19,22,0,12,0,12,0,12,17,28,0,12,0,12,0,12,1777,378,162,118,1777,378,8,13,21,24,58,56,0,12,1777,378,512,118,0,12,86,82,265,166,821,281,31,50
"5071","060375517001","Block Group 1, Census Tract 5517, Los Angeles County, California",1856,368,0,12,0,12,0,12,0,12,0,12,0,12,0,12,0,12,63,51,24,23,0,12,0,12,0,12,0,12,0,12,0,12,13,14,0,12,0,12,0,12,15,25,0,12,0,12,0,12,1934,398,231,163,1922,397,0,12,59,53,154,81,6,11,1934,398,44,54,0,12,0,12,269,111,1599,393,0,12
"5072","060375521004","Block Group 4, Census Tract 5521, Los Angeles County, California",931,341,0,12,0,12,0,12,0,12,0,12,0,12,0,12,0,12,68,58,5,12,0,12,0,12,51,53,0,12,0,12,0,12,0,12,7,14,0,12,0,12,27,27,0,12,0,12,0,12,1078,394,23,54,1078,394,0,12,9,15,18,24,0,12,1078,394,242,191,0,12,63,75,74,67,692,389,0,12
"5073","060375404001","Block Group 1, Census Tract 5404, Los Angeles County, California",759,245,12,18,0,12,0,12,0,12,0,12,0,12,0,12,0,12,101,43,57,63,0,12,0,12,0,12,0,12,0,12,0,12,17,18,6,9,0,12,0,12,0,12,0,12,0,12,0,12,811,261,155,174,811,261,0,12,67,41,93,58,0,12,811,261,0,12,0,12,120,84,4,6,687,255,0,12
"5074","060375418011","Block Group 1, Census Tract 5418.01, Los Angeles County, California",1209,387,0,12,0,12,0,12,0,12,0,12,0,12,0,12,0,12,110,89,75,81,0,12,0,12,0,12,0,12,0,12,0,12,15,26,0,12,0,12,0,12,0,12,0,12,0,12,0,12,1450,507,178,155,1450,507,63,97,138,109,41,51,0,12,1450,507,0,12,0,12,282,204,49,76,1048,472,0,12
"5075","060375422003","Block Group 3, Census Tract 5422, Los Angeles County, California",1279,365,12,20,0,12,0,12,0,12,0,12,0,12,0,12,0,12,182,98,123,80,0,12,0,12,0,12,0,12,0,12,0,12,0,12,17,28,0,12,0,12,0,12,0,12,0,12,0,12,1395,402,334,301,1395,402,0,12,22,28,112,84,17,29,1395,402,0,12,0,12,337,243,0,12,1051,403,0,12
"5076","060371375023","Block Group 3, Census Tract 1375.02, Los Angeles County, California",1512,231,13,18,12,19,0,12,0,12,0,12,0,12,0,12,0,12,0,12,0,12,0,12,0,12,0,12,0,12,0,12,0,12,0,12,0,12,9,14,0,12,0,12,0,12,0,12,0,12,1655,265,117,76,1655,265,32,49,60,51,79,57,0,12,1655,265,158,106,0,12,65,63,995,190,270,139,35,53
"5077","060371397022","Block Group 2, Census Tract 1397.02, Los Angeles County, California",689,172,0,12,0,12,0,12,0,12,0,12,0,12,0,12,0,12,0,12,0,12,14,22,0,12,0,12,0,12,0,12,0,12,15,25,0,12,0,12,0,12,0,12,0,12,0,12,0,12,702,175,37,62,702,175,0,12,0,12,0,12,0,12,702,175,37,62,0,12,0,12,620,156,45,54,0,12
"5078","060371435001","Block Group 1, Census Tract 1435, Los Angeles County, California",1040,269,0,12,0,12,0,12,0,12,0,12,0,12,0,12,0,12,0,12,0,12,0,12,0,12,0,12,0,12,0,12,0,12,0,12,0,12,0,12,0,12,0,12,0,12,0,12,0,12,1091,281,62,70,1091,281,0,12,0,12,0,12,0,12,1091,281,53,43,0,12,76,88,783,275,69,72,0,12
"5079","060371435002","Block Group 2, Census Tract 1435, Los Angeles County, California",1033,232,0,12,0,12,0,12,0,12,0,12,0,12,0,12,0,12,0,12,0,12,39,62,0,12,0,12,0,12,0,12,0,12,0,12,0,12,0,12,0,12,0,12,0,12,0,12,0,12,1095,252,48,43,1095,252,0,12,0,12,40,62,0,12,1095,252,33,36,0,12,32,49,981,265,15,24,0,12
"5080","060374811021","Block Group 1, Census Tract 4811.02, Los Angeles County, California",1551,355,0,12,0,12,0,12,0,12,52,82,0,12,0,12,0,12,6,13,0,12,19,28,0,12,200,162,44,43,13,20,0,12,0,12,10,24,0,12,0,12,7,9,0,12,0,12,0,12,1585,383,118,91,1585,383,124,111,141,137,48,58,0,12,1640,385,812,310,0,12,39,44,250,167,473,166,0,12
"5081","060374812023","Block Group 3, Census Tract 4812.02, Los Angeles County, California",875,243,0,12,0,12,0,12,0,12,0,12,0,12,0,12,0,12,0,12,0,12,0,12,0,12,85,77,19,23,0,12,0,12,0,12,0,12,0,12,0,12,68,47,8,13,0,12,0,12,891,251,77,57,891,251,0,12,26,25,70,48,0,12,891,251,534,227,0,12,0,12,123,62,234,157,0,12
"5082","060374818001","Block Group 1, Census Tract 4818, Los Angeles County, California",578,133,0,12,0,12,0,12,0,12,4,7,0,12,0,12,0,12,0,12,0,12,0,12,0,12,33,20,17,18,0,12,0,12,0,12,0,12,0,12,0,12,54,34,13,13,0,12,0,12,588,134,32,27,588,134,0,12,10,15,24,28,5,8,588,134,316,84,0,12,0,12,121,69,151,91,0,12
"5083","060374820012","Block Group 2, Census Tract 4820.01, Los Angeles County, California",735,183,0,12,0,12,0,12,0,12,10,17,0,12,0,12,0,12,0,12,0,12,0,12,0,12,23,25,11,16,0,12,0,12,0,12,0,12,0,12,0,12,29,45,12,18,0,12,0,12,735,183,26,31,735,183,0,12,0,12,64,53,12,18,735,183,581,160,0,12,0,12,39,35,98,113,0,12
"5084","060374820021","Block Group 1, Census Tract 4820.02, Los Angeles County, California",1153,310,0,12,0,12,0,12,0,12,9,17,0,12,0,12,0,12,0,12,0,12,0,12,0,12,61,61,0,12,0,12,0,12,0,12,0,12,0,12,0,12,86,93,14,22,0,12,0,12,1161,310,141,171,1161,310,0,12,0,12,0,12,0,12,1161,310,849,295,0,12,0,12,40,52,211,182,61,72
"5085","060379005041","Block Group 1, Census Tract 9005.04, Los Angeles County, California",1400,336,0,12,0,12,0,12,0,12,0,12,0,12,0,12,0,12,85,69,0,12,0,12,0,12,11,18,0,12,0,12,0,12,0,12,0,12,0,12,0,12,0,12,0,12,0,12,0,12,1468,342,499,230,1468,342,8,12,33,30,45,49,0,12,1468,342,65,58,0,12,422,230,346,165,590,246,0,12
"5086","060379007031","Block Group 1, Census Tract 9007.03, Los Angeles County, California",1184,223,0,12,0,12,0,12,0,12,0,12,0,12,0,12,0,12,13,21,0,12,0,12,0,12,0,12,0,12,0,12,0,12,9,18,0,12,8,19,0,12,8,18,0,12,0,12,0,12,1156,252,267,139,1174,260,0,12,16,23,0,12,0,12,1269,263,134,87,0,12,411,174,272,86,353,181,0,12
"5087","060379102011","Block Group 1, Census Tract 9102.01, Los Angeles County, California",1866,315,0,12,0,12,0,12,0,12,0,12,0,12,0,12,0,12,18,22,0,12,27,54,0,12,0,12,0,12,0,12,0,12,0,12,0,12,9,13,0,12,0,12,0,12,0,12,0,12,2123,426,251,218,2123,426,0,12,17,21,0,12,8,13,2123,426,146,137,0,12,52,50,1073,215,755,360,0,12
"5088","060379103021","Block Group 1, Census Tract 9103.02, Los Angeles County, California",1050,382,0,12,0,12,0,12,0,12,0,12,0,12,0,12,0,12,0,12,0,12,0,12,0,12,0,12,0,12,0,12,0,12,0,12,0,12,0,12,0,12,0,12,15,24,0,12,0,12,1187,399,34,36,1187,399,0,12,0,12,24,27,0,12,1200,399,27,42,0,12,18,24,584,194,507,359,0,12
"5089","060375336033","Block Group 3, Census Tract 5336.03, Los Angeles County, California",1307,288,0,12,0,12,0,12,0,12,0,12,0,12,0,12,0,12,288,154,50,42,0,12,0,12,0,12,0,12,11,15,0,12,50,42,43,31,0,12,0,12,0,12,0,12,0,12,0,12,1428,303,556,181,1428,303,0,12,117,69,128,70,0,12,1428,303,0,12,0,12,28,48,72,83,1309,304,0,12
"5090","060372282202","Block Group 2, Census Tract 2282.20, Los Angeles County, California",1662,331,0,12,0,12,0,12,0,12,0,12,0,12,0,12,0,12,142,56,194,94,0,12,0,12,0,12,0,12,0,12,0,12,5,8,53,37,0,12,0,12,0,12,0,12,0,12,0,12,1770,347,480,224,1770,347,61,72,92,45,154,78,17,27,1770,347,0,12,0,12,102,122,0,12,1660,350,8,13
"5091","060372283201","Block Group 1, Census Tract 2283.20, Los Angeles County, California",595,288,14,16,0,12,0,12,0,12,0,12,0,12,0,12,0,12,123,85,126,75,0,12,0,12,0,12,0,12,0,12,0,12,0,12,13,20,0,12,0,12,0,12,0,12,0,12,0,12,595,288,94,98,595,288,0,12,89,62,26,24,0,12,595,288,0,12,0,12,0,12,0,12,595,288,0,12
"5092","060372284102","Block Group 2, Census Tract 2284.10, Los Angeles County, California",871,335,13,19,19,28,0,12,0,12,0,12,0,12,0,12,0,12,85,49,153,97,0,12,0,12,10,15,0,12,0,12,0,12,0,12,46,59,0,12,0,12,0,12,0,12,0,12,0,12,957,343,208,138,957,343,18,27,103,51,118,63,0,12,957,343,43,47,0,12,15,22,62,92,837,353,0,12
"5093","060372284202","Block Group 2, Census Tract 2284.20, Los Angeles County, California",2406,326,11,15,0,12,0,12,0,12,0,12,0,12,0,12,0,12,366,112,273,85,0,12,0,12,0,12,0,12,13,20,0,12,47,39,13,21,0,12,0,12,0,12,0,12,0,12,0,12,2621,370,1119,359,2625,370,44,36,112,52,263,88,13,21,2625,370,0,12,0,12,242,283,14,22,2369,382,0,12
"5094","060372285003","Block Group 3, Census Tract 2285, Los Angeles County, California",781,382,0,12,0,12,0,12,0,12,0,12,0,12,0,12,0,12,220,140,99,96,0,12,0,12,0,12,0,12,0,12,0,12,32,36,0,12,0,12,0,12,0,12,0,12,0,12,0,12,931,445,330,271,931,445,31,50,16,27,133,109,0,12,931,445,0,12,0,12,29,36,0,12,902,459,0,12
"5095","060371199003","Block Group 3, Census Tract 1199, Los Angeles County, California",729,322,0,12,0,12,0,12,0,12,0,12,0,12,0,12,0,12,61,70,67,92,0,12,0,12,0,12,0,12,0,12,0,12,30,47,27,43,0,12,0,12,6,12,0,12,0,12,0,12,716,319,89,86,716,319,34,54,29,35,73,63,0,12,729,322,188,125,0,12,8,12,31,30,443,332,0,12
"5096","060374608002","Block Group 2, Census Tract 4608, Los Angeles County, California",1312,286,0,12,0,12,0,12,0,12,0,12,0,12,0,12,0,12,0,12,0,12,0,12,0,12,0,12,0,12,0,12,0,12,0,12,0,12,11,17,0,12,0,12,0,12,0,12,0,12,1388,314,17,20,1388,314,0,12,0,12,4,8,0,12,1388,314,239,97,0,12,141,188,817,182,191,150,0,12
"5097","060374825222","Block Group 2, Census Tract 4825.22, Los Angeles County, California",781,238,0,12,0,12,0,12,0,12,0,12,0,12,0,12,0,12,3,8,0,12,0,12,0,12,62,88,6,12,0,12,0,12,25,40,0,12,0,12,0,12,8,13,0,12,0,12,0,12,787,241,9,14,787,241,0,12,0,12,44,51,0,12,787,241,355,211,0,12,0,12,9,15,423,194,0,12
"5098","060375006005","Block Group 5, Census Tract 5006, Los Angeles County, California",1343,424,0,12,0,12,0,12,0,12,0,12,0,12,0,12,0,12,40,35,15,20,0,12,0,12,0,12,0,12,0,12,0,12,78,56,0,12,0,12,0,12,0,12,0,12,0,12,0,12,1418,455,48,60,1418,455,28,33,9,15,112,71,17,27,1418,455,0,12,0,12,0,12,0,12,1418,455,0,12
"5099","060375514021","Block Group 1, Census Tract 5514.02, Los Angeles County, California",1761,420,9,15,0,12,0,12,0,12,0,12,0,12,0,12,0,12,38,41,34,40,0,12,0,12,0,12,0,12,0,12,0,12,32,35,24,38,0,12,0,12,0,12,0,12,0,12,0,12,1851,444,87,121,1851,444,0,12,89,86,35,36,0,12,1851,444,0,12,0,12,2,14,252,149,1587,428,0,12
"5100","060373020021","Block Group 1, Census Tract 3020.02, Los Angeles County, California",751,201,0,12,0,12,0,12,0,12,0,12,0,12,0,12,0,12,0,12,0,12,115,77,12,19,0,12,0,12,0,12,0,12,0,12,0,12,44,53,16,17,0,12,0,12,0,12,0,12,826,252,162,91,826,252,0,12,32,41,64,60,0,12,826,252,149,108,0,12,6,14,561,230,46,34,0,12
"5101","060371976002","Block Group 2, Census Tract 1976, Los Angeles County, California",1345,202,0,12,0,12,0,12,0,12,0,12,0,12,0,12,0,12,42,32,32,52,0,12,0,12,12,16,2,7,0,12,0,12,15,17,40,31,0,12,0,12,21,21,13,15,0,12,0,12,1423,197,96,51,1423,197,21,18,75,50,85,45,13,19,1423,197,231,66,0,12,0,12,516,120,619,216,0,12
"5102","060371992022","Block Group 2, Census Tract 1992.02, Los Angeles County, California",1329,287,7,10,0,12,0,12,0,12,0,12,0,12,0,12,0,12,61,49,59,46,0,12,0,12,43,31,16,16,0,12,0,12,46,49,55,52,0,12,0,12,0,12,41,33,0,12,0,12,1385,306,188,86,1362,282,42,29,174,101,21,18,0,12,1392,305,193,115,0,12,25,28,236,164,893,234,0,12
"5103","060372013022","Block Group 2, Census Tract 2013.02, Los Angeles County, California",1000,275,0,12,0,12,0,12,0,12,0,12,0,12,0,12,0,12,0,12,0,12,0,12,0,12,54,57,0,12,0,12,0,12,12,15,0,12,0,12,0,12,29,31,0,12,0,12,0,12,1028,282,212,212,1028,282,0,12,0,12,34,41,0,12,1028,282,702,291,0,12,8,13,161,79,148,75,0,12
"5104","060372074001","Block Group 1, Census Tract 2074, Los Angeles County, California",1518,403,0,12,0,12,0,12,0,12,0,12,0,12,0,12,0,12,55,65,29,37,0,12,0,12,20,27,0,12,0,12,0,12,2,4,0,12,0,12,0,12,12,18,25,30,0,12,0,12,704,97,159,74,704,97,0,12,93,68,11,17,0,12,1539,400,182,78,5,8,396,148,232,107,687,232,11,17
"5105","060372089031","Block Group 1, Census Tract 2089.03, Los Angeles County, California",2384,410,0,12,0,12,0,12,0,12,0,12,0,12,0,12,0,12,661,230,451,230,0,12,0,12,0,12,0,12,0,12,0,12,50,45,41,43,0,12,4,10,15,24,0,12,0,12,0,12,2437,428,935,357,2437,428,65,80,598,230,326,169,0,12,2518,435,101,84,0,12,90,74,105,73,2218,420,0,12
"5106","060372100102","Block Group 2, Census Tract 2100.10, Los Angeles County, California",1047,305,0,12,0,12,0,12,0,12,0,12,0,12,0,12,0,12,229,108,44,35,0,12,0,12,0,12,0,12,0,12,0,12,15,22,43,47,0,12,0,12,0,12,0,12,0,12,0,12,1084,338,113,91,1084,338,0,12,196,121,110,103,0,12,1084,338,31,32,0,12,8,15,9,14,1036,323,0,12
"5107","060371918202","Block Group 2, Census Tract 1918.20, Los Angeles County, California",1164,302,20,29,0,12,0,12,0,12,0,12,0,12,0,12,0,12,138,99,0,12,0,12,0,12,0,12,0,12,0,12,0,12,35,43,0,12,0,12,0,12,0,12,0,12,0,12,0,12,1220,341,100,52,1220,341,0,12,44,35,106,85,16,25,1220,341,61,77,0,12,84,56,327,146,718,327,10,15
"5108","060371925102","Block Group 2, Census Tract 1925.10, Los Angeles County, California",2019,404,0,12,0,12,0,12,0,12,0,12,0,12,0,12,0,12,270,151,117,116,0,12,0,12,83,66,73,103,0,12,0,12,95,63,28,36,0,12,11,17,24,40,0,12,0,12,0,12,2154,462,582,314,2154,462,46,78,68,96,347,177,14,24,2154,462,593,279,0,12,0,12,98,57,1398,451,0,12
"5109","060371926101","Block Group 1, Census Tract 1926.10, Los Angeles County, California",1391,347,53,66,0,12,0,12,0,12,0,12,0,12,0,12,0,12,332,185,79,59,0,12,0,12,0,12,0,12,0,12,0,12,19,21,53,53,8,12,0,12,0,12,0,12,0,12,0,12,1459,368,303,268,1459,368,32,58,119,77,175,124,0,12,1459,368,127,70,0,12,29,32,83,55,1176,416,0,12
"5110","060371945001","Block Group 1, Census Tract 1945, Los Angeles County, California",906,128,0,12,0,12,0,12,0,12,0,12,0,12,0,12,0,12,0,12,0,12,0,12,0,12,0,12,0,12,0,12,0,12,10,21,0,12,29,23,12,20,0,12,0,12,4,7,0,12,893,133,73,43,893,133,0,12,0,12,5,8,0,12,944,135,59,60,0,12,84,63,642,125,116,91,0,12
"5111","060375425021","Block Group 1, Census Tract 5425.02, Los Angeles County, California",1017,293,0,12,0,12,0,12,0,12,0,12,0,12,0,12,0,12,57,54,94,88,0,12,0,12,0,12,0,12,0,12,0,12,0,12,18,32,0,12,0,12,0,12,0,12,0,12,0,12,1118,305,185,175,1118,305,37,45,56,50,59,53,18,32,1118,305,4,27,0,12,474,217,21,24,606,271,0,12
"5112","060375425023","Block Group 3, Census Tract 5425.02, Los Angeles County, California",811,327,0,12,0,12,0,12,0,12,0,12,0,12,0,12,0,12,26,32,13,21,0,12,0,12,0,12,0,12,0,12,0,12,14,21,0,12,0,12,0,12,0,12,0,12,0,12,0,12,893,368,352,213,893,368,10,17,86,87,61,51,0,12,893,368,0,12,0,12,427,217,0,12,430,301,17,30
"5113","060375426011","Block Group 1, Census Tract 5426.01, Los Angeles County, California",831,252,0,12,0,12,0,12,0,12,9,15,0,12,0,12,0,12,49,40,89,76,0,12,0,12,9,15,0,12,0,12,0,12,4,6,5,7,0,12,0,12,0,12,0,12,0,12,0,12,912,273,310,185,912,273,20,22,10,16,145,66,0,12,912,273,47,60,0,12,185,134,29,43,651,274,0,12
"5114","060375426022","Block Group 2, Census Tract 5426.02, Los Angeles County, California",2195,591,0,12,0,12,0,12,0,12,0,12,0,12,0,12,0,12,81,70,269,224,0,12,0,12,0,12,0,12,0,12,0,12,21,26,23,27,0,12,0,12,0,12,0,12,0,12,0,12,2468,662,220,201,2468,662,40,44,215,131,170,151,0,12,2468,662,0,12,0,12,521,278,0,12,1941,620,0,12
"5115","060375433221","Block Group 1, Census Tract 5433.22, Los Angeles County, California",1040,440,0,12,0,12,0,12,0,12,0,12,0,12,0,12,0,12,13,23,13,21,0,12,0,12,13,25,0,12,0,12,0,12,0,12,0,12,0,12,0,12,0,12,0,12,0,12,0,12,1054,447,10,18,1054,447,0,12,15,26,26,43,0,12,1059,446,95,114,0,12,770,403,46,46,129,121,0,12
"5116","060374012011","Block Group 1, Census Tract 4012.01, Los Angeles County, California",1237,299,0,12,0,12,0,12,0,12,0,12,0,12,0,12,0,12,9,14,0,12,0,12,0,12,0,12,0,12,47,65,0,12,0,12,0,12,0,12,0,12,0,12,0,12,46,64,0,12,1380,355,52,68,1380,355,56,81,8,12,43,42,0,12,1380,355,162,102,15,24,9,14,788,354,386,175,0,12
"5117","060374021011","Block Group 1, Census Tract 4021.01, Los Angeles County, California",1884,430,0,12,0,12,0,12,0,12,10,15,0,12,0,12,0,12,46,36,15,27,0,12,0,12,79,47,24,30,0,12,0,12,14,24,16,27,0,12,0,12,7,11,12,19,0,12,0,12,2108,471,384,253,2095,472,9,14,70,70,117,72,0,12,2108,471,316,147,0,12,146,98,193,101,1395,431,8,20
"5118","060372095202","Block Group 2, Census Tract 2095.20, Los Angeles County, California",835,203,12,18,0,12,0,12,0,12,0,12,0,12,0,12,0,12,215,74,76,52,0,12,0,12,4,8,0,12,0,12,0,12,0,12,64,47,0,12,0,12,0,12,0,12,0,12,0,12,913,237,382,176,913,237,36,56,92,48,201,70,0,12,913,237,65,44,0,12,5,8,5,10,817,242,21,36
"5119","060372114102","Block Group 2, Census Tract 2114.10, Los Angeles County, California",741,235,0,12,0,12,0,12,0,12,0,12,0,12,0,12,0,12,7,11,0,12,0,12,0,12,54,39,27,31,14,23,0,12,0,12,0,12,0,12,0,12,63,46,0,12,0,12,0,12,758,246,95,77,758,246,0,12,19,29,59,46,0,12,758,246,519,219,0,12,0,12,55,50,99,96,24,37
"5120","060372115003","Block Group 3, Census Tract 2115, Los Angeles County, California",799,250,0,12,0,12,0,12,0,12,0,12,0,12,0,12,0,12,25,40,0,12,0,12,0,12,0,12,0,12,0,12,0,12,0,12,0,12,9,15,0,12,4,8,4,8,0,12,0,12,847,290,151,228,847,290,0,12,0,12,25,40,0,12,847,290,162,135,0,12,16,18,388,145,175,239,0,12
"5121","060372128003","Block Group 3, Census Tract 2128, Los Angeles County, California",873,306,0,12,0,12,0,12,0,12,0,12,0,12,0,12,0,12,10,16,22,23,0,12,0,12,16,28,0,12,0,12,0,12,70,59,95,66,0,12,0,12,11,18,0,12,0,12,0,12,873,306,131,96,873,306,9,14,33,40,13,23,0,12,873,306,94,83,0,12,110,137,94,91,475,229,0,12
"5122","060372131002","Block Group 2, Census Tract 2131, Los Angeles County, California",1177,236,0,12,0,12,0,12,0,12,21,25,0,12,0,12,0,12,0,12,0,12,0,12,0,12,103,57,15,25,0,12,0,12,10,14,10,14,0,12,0,12,43,29,15,18,0,12,0,12,1138,248,136,68,1138,248,8,11,35,49,84,63,10,16,1220,252,669,194,0,12,231,162,179,110,135,73,0,12
"5123","060372163001","Block Group 1, Census Tract 2163, Los Angeles County, California",1408,330,0,12,0,12,0,12,0,12,0,12,0,12,0,12,0,12,64,102,0,12,0,12,0,12,0,12,0,12,0,12,0,12,0,12,0,12,0,12,0,12,0,12,0,12,0,12,0,12,1460,341,82,85,1460,341,0,12,91,147,0,12,0,12,1460,341,186,137,0,12,253,163,634,230,350,239,17,27
"5124","060372198002","Block Group 2, Census Tract 2198, Los Angeles County, California",984,188,52,58,0,12,0,12,0,12,0,12,0,12,0,12,0,12,128,55,30,26,0,12,0,12,0,12,0,12,0,12,0,12,9,10,27,29,0,12,0,12,0,12,0,12,0,12,0,12,1044,204,338,163,1044,204,0,12,70,42,103,50,9,15,1044,204,0,12,0,12,183,98,52,37,796,196,0,12
"5125","060372227001","Block Group 1, Census Tract 2227, Los Angeles County, California",4071,366,0,12,0,12,0,12,0,12,0,12,0,12,0,12,0,12,5,7,0,12,0,12,0,12,0,12,0,12,0,12,0,12,0,12,0,12,0,12,0,12,0,12,0,12,0,12,0,12,345,125,272,107,4071,366,20,25,63,36,0,12,0,12,4071,366,1328,208,30,23,288,114,1714,232,574,126,0,12
"5126","060379200453","Block Group 3, Census Tract 9200.45, Los Angeles County, California",1013,229,0,12,0,12,0,12,0,12,0,12,0,12,0,12,0,12,14,22,0,12,0,12,0,12,0,12,0,12,0,12,0,12,0,12,0,12,0,12,0,12,27,26,0,12,0,12,0,12,1059,238,62,63,1059,238,0,12,0,12,0,12,0,12,1059,238,228,141,0,12,41,66,617,153,162,136,0,12
"5127","060374803032","Block Group 2, Census Tract 4803.03, Los Angeles County, California",2618,294,0,12,0,12,0,12,0,12,12,17,0,12,0,12,0,12,94,75,27,40,0,12,0,12,167,73,41,41,0,12,0,12,36,33,0,12,0,12,0,12,110,56,24,25,0,12,0,12,2805,314,377,208,2805,314,18,28,106,63,119,58,0,12,2805,314,1123,238,13,20,178,176,107,66,1359,242,0,12
"5128","060375361033","Block Group 3, Census Tract 5361.03, Los Angeles County, California",1857,530,0,12,0,12,0,12,0,12,0,12,0,12,0,12,0,12,118,76,26,30,0,12,0,12,0,12,0,12,0,12,0,12,12,21,58,55,0,12,0,12,0,12,0,12,0,12,0,12,2013,564,103,77,2013,564,0,12,167,139,156,110,0,12,2013,564,0,12,0,12,0,12,44,37,1948,559,0,12
"5129","060376040011","Block Group 1, Census Tract 6040.01, Los Angeles County, California",1547,296,0,12,0,12,17,26,0,12,0,12,0,12,0,12,0,12,137,85,13,19,0,12,0,12,31,38,0,12,0,12,0,12,0,12,14,23,0,12,0,12,0,12,0,12,0,12,0,12,1648,313,206,163,1661,315,0,12,49,32,92,77,0,12,1661,315,257,187,0,12,169,128,195,94,1014,295,0,12
"5130","060376038021","Block Group 1, Census Tract 6038.02, Los Angeles County, California",2606,446,0,12,22,33,0,12,0,12,0,12,0,12,0,12,0,12,177,84,51,40,0,12,0,12,15,30,0,12,0,12,0,12,24,28,0,12,0,12,0,12,49,49,11,27,0,12,0,12,2821,481,482,318,2867,506,19,31,157,109,77,63,0,12,2867,506,292,184,0,12,272,243,351,220,1873,342,10,16
"5131","060374333063","Block Group 3, Census Tract 4333.06, Los Angeles County, California",333,159,0,12,0,12,0,12,0,12,0,12,0,12,0,12,0,12,24,22,23,30,0,12,0,12,0,12,0,12,0,12,0,12,6,11,0,12,0,12,0,12,0,12,0,12,0,12,0,12,358,174,96,106,358,174,0,12,28,32,21,29,0,12,358,174,0,12,0,12,0,12,0,12,358,174,0,12
"5132","060374800112","Block Group 2, Census Tract 4800.11, Los Angeles County, California",2635,480,0,12,0,12,0,12,0,12,0,12,0,12,0,12,0,12,79,68,132,172,0,12,0,12,118,106,31,31,46,76,91,147,24,38,0,12,7,11,0,12,53,36,28,34,0,12,0,12,2834,528,455,235,2839,528,10,17,231,209,131,105,0,12,2839,528,1200,307,0,12,10,15,299,116,1270,476,0,12
"5133","060374622012","Block Group 2, Census Tract 4622.01, Los Angeles County, California",1145,272,0,12,0,12,0,12,0,12,0,12,0,12,0,12,0,12,12,18,0,12,17,26,0,12,10,15,38,53,27,42,0,12,0,12,51,58,14,16,16,25,185,96,60,47,0,12,0,12,1175,284,685,261,1175,284,0,12,32,34,35,36,0,12,1175,284,376,152,0,12,85,65,404,173,272,166,0,12
"5134","060371317011","Block Group 1, Census Tract 1317.01, Los Angeles County, California",3006,483,0,12,0,12,0,12,0,12,0,12,0,12,0,12,0,12,116,118,0,12,71,95,0,12,35,52,0,12,0,12,0,12,0,12,0,12,24,24,16,26,0,12,0,12,0,12,0,12,3180,506,442,348,3180,506,53,62,52,41,126,118,49,54,3180,506,468,210,0,12,93,73,981,263,1564,474,0,12
"5135","060371288012","Block Group 2, Census Tract 1288.01, Los Angeles County, California",1733,262,0,12,0,12,0,12,0,12,0,12,0,12,0,12,0,12,0,12,0,12,0,12,0,12,0,12,0,12,0,12,0,12,0,12,0,12,84,79,0,12,0,12,0,12,0,12,0,12,1785,269,75,48,1785,269,0,12,0,12,56,43,0,12,1785,269,285,165,0,12,119,77,1050,239,162,92,0,12
"5136","060371276061","Block Group 1, Census Tract 1276.06, Los Angeles County, California",862,260,0,12,0,12,0,12,0,12,0,12,0,12,0,12,0,12,0,12,7,13,0,12,0,12,23,35,0,12,0,12,0,12,0,12,22,34,0,12,0,12,12,19,0,12,0,12,0,12,925,309,68,64,925,309,0,12,32,34,21,27,0,12,925,309,133,180,0,12,0,12,244,97,527,219,0,12
"5137","060371151042","Block Group 2, Census Tract 1151.04, Los Angeles County, California",3551,434,0,12,0,12,0,12,0,12,0,12,0,12,0,12,0,12,53,68,0,12,17,19,0,12,12,21,33,49,0,12,21,33,0,12,0,12,0,12,0,12,14,22,44,64,0,12,0,12,3590,442,1018,277,3623,443,0,12,176,116,96,79,0,12,3623,443,907,230,0,12,626,320,944,310,1028,367,0,12
"5138","060371902012","Block Group 2, Census Tract 1902.01, Los Angeles County, California",1267,274,0,12,0,12,0,12,0,12,0,12,0,12,0,12,0,12,6,12,0,12,0,12,0,12,0,12,0,12,0,12,0,12,0,12,0,12,0,12,0,12,0,12,0,12,0,12,0,12,814,248,149,114,1235,274,6,11,115,64,78,70,0,12,1267,274,42,32,0,12,164,88,531,120,469,253,0,12
"5139","060374086312","Block Group 2, Census Tract 4086.31, Los Angeles County, California",1130,323,0,12,0,12,0,12,0,12,0,12,0,12,0,12,0,12,31,42,63,73,0,12,0,12,86,64,0,12,0,12,0,12,0,12,0,12,0,12,0,12,9,15,0,12,0,12,0,12,1211,361,150,181,1211,361,0,12,100,98,61,70,0,12,1211,361,403,185,0,12,0,12,139,198,662,268,0,12
"5140","060374023032","Block Group 2, Census Tract 4023.03, Los Angeles County, California",895,350,10,16,0,12,0,12,0,12,0,12,0,12,0,12,0,12,110,83,70,50,0,12,0,12,0,12,0,12,0,12,0,12,0,12,50,84,0,12,0,12,0,12,0,12,0,12,0,12,1019,404,225,117,1011,405,0,12,51,52,57,56,0,12,1019,404,0,12,0,12,12,18,62,45,913,400,0,12
"5141","060374020022","Block Group 2, Census Tract 4020.02, Los Angeles County, California",1065,223,0,12,0,12,0,12,0,12,0,12,0,12,0,12,0,12,0,12,0,12,0,12,0,12,0,12,0,12,0,12,0,12,25,26,0,12,0,12,0,12,0,12,0,12,0,12,0,12,1086,223,84,77,1086,223,0,12,11,17,123,117,0,12,1086,223,31,28,0,12,155,123,591,167,280,105,0,12
"5142","060374803041","Block Group 1, Census Tract 4803.04, Los Angeles County, California",2279,332,0,12,0,12,0,12,0,12,8,14,0,12,0,12,0,12,21,30,38,60,0,12,0,12,226,108,120,122,0,12,0,12,21,32,20,24,0,12,0,12,50,34,142,85,0,12,1,2,2312,343,574,267,2351,343,10,16,57,52,191,100,0,12,2413,359,1303,320,0,12,13,22,213,81,846,235,23,36
"5143","060374332004","Block Group 4, Census Tract 4332, Los Angeles County, California",2731,459,0,12,0,12,0,12,0,12,0,12,0,12,0,12,0,12,143,76,190,107,46,69,0,12,145,76,56,53,0,12,0,12,14,19,8,16,0,12,0,12,20,33,58,57,0,12,0,12,2882,468,495,306,2882,468,86,92,28,33,209,111,0,12,2958,469,525,245,107,163,37,44,287,214,1978,426,0,12
"5144","060374601004","Block Group 4, Census Tract 4601, Los Angeles County, California",717,369,0,12,0,12,0,12,0,12,0,12,0,12,0,12,0,12,0,12,0,12,0,12,0,12,0,12,0,12,0,12,0,12,0,12,0,12,0,12,0,12,0,12,0,12,18,29,0,12,717,369,13,22,717,369,0,12,130,204,0,12,0,12,717,369,0,12,0,12,294,356,266,130,129,94,0,12
"5145","060374613001","Block Group 1, Census Tract 4613, Los Angeles County, California",534,248,0,12,0,12,0,12,0,12,0,12,0,12,0,12,0,12,0,12,0,12,0,12,0,12,0,12,0,12,0,12,0,12,0,12,0,12,0,12,0,12,0,12,0,12,0,12,0,12,564,267,4,11,564,267,0,12,0,12,0,12,0,12,564,267,225,247,0,12,4,11,323,137,12,20,0,12
"5146","060371958042","Block Group 2, Census Tract 1958.04, Los Angeles County, California",1187,235,0,12,0,12,0,12,0,12,0,12,0,12,0,12,0,12,31,35,18,26,0,12,0,12,16,23,0,12,0,12,0,12,48,45,0,12,0,12,0,12,0,12,0,12,0,12,0,12,1207,235,239,154,1207,235,11,18,16,23,45,48,26,38,1207,235,192,108,14,37,128,119,527,175,276,148,0,12
"5147","060371952022","Block Group 2, Census Tract 1952.02, Los Angeles County, California",934,286,0,12,0,12,0,12,0,12,0,12,0,12,0,12,0,12,15,22,0,12,0,12,0,12,0,12,0,12,0,12,0,12,0,12,0,12,0,12,0,12,9,16,0,12,0,12,0,12,965,295,57,43,965,295,0,12,0,12,0,12,0,12,965,295,102,89,0,12,23,26,670,280,126,103,0,12
"5148","060371952011","Block Group 1, Census Tract 1952.01, Los Angeles County, California",2042,229,0,12,0,12,0,12,0,12,0,12,0,12,0,12,0,12,29,28,0,12,0,12,0,12,27,31,0,12,0,12,0,12,11,19,0,12,0,12,0,12,13,21,0,12,0,12,0,12,2121,244,214,111,2121,244,0,12,16,17,23,25,0,12,2121,244,231,109,0,12,0,12,1423,245,427,147,0,12
"5149","060371862011","Block Group 1, Census Tract 1862.01, Los Angeles County, California",2995,346,26,33,0,12,0,12,0,12,0,12,0,12,0,12,0,12,120,112,50,63,0,12,0,12,8,13,0,12,0,12,0,12,48,48,0,12,0,12,0,12,68,54,10,15,0,12,0,12,3188,404,564,279,3201,407,36,55,102,69,167,77,0,12,3201,407,1004,364,0,12,134,115,368,134,1629,358,0,12
"5150","060375024023","Block Group 3, Census Tract 5024.02, Los Angeles County, California",2110,280,0,12,0,12,0,12,0,12,0,12,0,12,0,12,0,12,198,86,40,42,0,12,0,12,0,12,0,12,0,12,0,12,86,43,48,43,0,12,0,12,0,12,0,12,0,12,0,12,2173,267,102,65,2244,321,0,12,253,98,160,96,25,36,2244,321,0,12,0,12,2,5,83,37,2152,319,7,10
"5151","060375710005","Block Group 5, Census Tract 5710, Los Angeles County, California",549,153,0,12,0,12,0,12,0,12,0,12,0,12,0,12,0,12,0,12,0,12,0,12,0,12,0,12,0,12,0,12,0,12,0,12,0,12,0,12,0,12,0,12,0,12,0,12,0,12,592,165,20,32,592,165,0,12,0,12,21,32,0,12,592,165,19,21,0,12,0,12,430,140,113,107,0,12
"5152","060375717011","Block Group 1, Census Tract 5717.01, Los Angeles County, California",1900,537,0,12,0,12,0,12,0,12,0,12,0,12,0,12,0,12,184,153,0,12,0,12,0,12,0,12,0,12,0,12,0,12,0,12,19,31,0,12,0,12,8,13,0,12,0,12,0,12,1905,540,140,91,1962,546,28,38,204,164,117,111,0,12,1962,546,154,137,0,12,270,225,95,99,1380,521,0,12
"5153","060375723011","Block Group 1, Census Tract 5723.01, Los Angeles County, California",1928,381,6,8,0,12,0,12,0,12,11,16,0,12,0,12,0,12,180,82,79,66,0,12,0,12,23,21,0,12,0,12,0,12,5,7,10,11,0,12,0,12,8,11,0,12,0,12,0,12,2086,437,400,244,2086,437,12,17,104,63,75,44,0,12,2086,437,438,194,3,10,155,131,62,42,1361,408,0,12
"5154","060375751022","Block Group 2, Census Tract 5751.02, Los Angeles County, California",1937,331,0,12,0,12,0,12,0,12,7,14,0,12,0,12,0,12,109,75,79,68,12,22,0,12,37,37,13,23,0,12,0,12,31,33,6,12,0,12,0,12,22,23,47,60,0,12,0,12,2038,356,299,161,2051,355,0,12,47,45,123,99,0,12,2051,355,460,179,0,12,291,199,78,68,1132,327,0,12
"5155","060372182201","Block Group 1, Census Tract 2182.20, Los Angeles County, California",1055,222,0,12,0,12,0,12,0,12,0,12,0,12,0,12,0,12,2,5,0,12,0,12,0,12,12,18,0,12,0,12,0,12,0,12,0,12,0,12,0,12,2,4,0,12,0,12,0,12,1055,222,56,35,1055,222,0,12,15,19,37,53,0,12,1055,222,160,113,0,12,449,181,376,141,61,48,0,12
"5156","060371236011","Block Group 1, Census Tract 1236.01, Los Angeles County, California",966,236,0,12,0,12,0,12,0,12,0,12,0,12,0,12,0,12,82,63,32,41,8,13,0,12,0,12,0,12,0,12,0,12,21,34,0,12,0,12,31,37,0,12,0,12,0,12,0,12,981,234,233,131,989,233,8,13,66,58,35,36,10,14,989,233,19,21,0,12,14,17,515,158,431,187,0,12
"5157","060371235101","Block Group 1, Census Tract 1235.10, Los Angeles County, California",2839,643,26,42,48,77,0,12,0,12,0,12,0,12,0,12,0,12,466,193,134,132,43,48,35,42,11,18,0,12,0,12,0,12,47,71,54,45,87,60,44,41,0,12,4,9,0,12,0,12,2806,629,570,246,2816,630,15,25,79,67,162,111,0,12,2929,657,172,116,0,12,49,46,906,271,1567,589,0,12
"5158","060371237001","Block Group 1, Census Tract 1237, Los Angeles County, California",1003,408,0,12,0,12,37,65,0,12,0,12,0,12,0,12,0,12,40,66,0,12,72,102,0,12,0,12,0,12,0,12,0,12,0,12,0,12,42,49,0,12,0,12,0,12,0,12,0,12,1025,415,0,12,1025,415,0,12,17,29,0,12,0,12,1025,415,45,49,0,12,6,12,665,408,289,218,0,12
"5159","060371241022","Block Group 2, Census Tract 1241.02, Los Angeles County, California",1181,300,0,12,0,12,0,12,0,12,0,12,0,12,0,12,0,12,76,75,0,12,11,17,0,12,15,23,0,12,0,12,0,12,42,46,0,12,31,34,0,12,0,12,0,12,0,12,0,12,1206,309,124,82,1206,309,0,12,53,65,55,57,0,12,1206,309,150,143,0,12,103,130,395,162,473,186,0,12
"5160","060371242012","Block Group 2, Census Tract 1242.01, Los Angeles County, California",1350,415,31,35,0,12,24,35,0,12,0,12,0,12,0,12,0,12,0,12,0,12,80,67,0,12,0,12,0,12,0,12,0,12,56,62,68,95,0,12,0,12,0,12,0,12,0,12,0,12,1502,449,200,180,1502,449,0,12,2,4,50,41,0,12,1502,449,109,97,0,12,3,5,565,213,825,417,0,12
"5161","060371252002","Block Group 2, Census Tract 1252, Los Angeles County, California",973,251,0,12,0,12,0,12,0,12,0,12,0,12,0,12,0,12,0,12,0,12,0,12,0,12,0,12,0,12,0,12,0,12,17,26,0,12,0,12,0,12,0,12,0,12,0,12,0,12,1085,277,120,148,1085,277,0,12,1,2,20,22,0,12,1085,277,9,14,26,43,1,2,579,189,286,200,0,12
"5162","060374046001","Block Group 1, Census Tract 4046, Los Angeles County, California",827,133,1,4,0,12,0,12,0,12,0,12,0,12,0,12,0,12,7,6,22,15,0,12,0,12,0,12,0,12,0,12,0,12,26,23,19,13,0,12,0,12,0,12,0,12,0,12,0,12,888,153,70,35,891,153,0,12,0,12,36,20,0,12,891,153,9,8,0,12,0,12,118,31,756,140,0,12
"5163","060374811031","Block Group 1, Census Tract 4811.03, Los Angeles County, California",1412,379,0,12,0,12,0,12,0,12,0,12,0,12,0,12,0,12,97,107,10,17,0,12,0,12,161,80,9,13,0,12,0,12,0,12,0,12,0,12,0,12,76,50,47,42,0,12,0,12,1410,419,251,206,1420,421,0,12,48,50,60,47,0,12,1468,420,801,285,0,12,8,15,82,49,577,350,0,12
"5164","060375001001","Block Group 1, Census Tract 5001, Los Angeles County, California",1866,370,0,12,0,12,0,12,0,12,0,12,0,12,0,12,0,12,0,12,0,12,15,19,0,12,41,50,0,12,0,12,0,12,0,12,0,12,0,12,0,12,18,31,0,12,0,12,0,12,2000,403,146,174,2000,403,25,40,0,12,24,40,0,12,2000,403,362,163,0,12,0,12,1069,293,541,255,12,26
"5165","060372121021","Block Group 1, Census Tract 2121.02, Los Angeles County, California",739,143,0,12,0,12,0,12,0,12,0,12,0,12,0,12,0,12,0,12,0,12,0,12,0,12,0,12,0,12,0,12,0,12,24,40,0,12,9,14,0,12,105,71,62,83,0,12,0,12,743,148,147,71,743,148,0,12,59,57,9,16,0,12,743,148,381,119,39,64,29,32,189,72,77,77,10,44
"5166","060372121012","Block Group 2, Census Tract 2121.01, Los Angeles County, California",1599,328,0,12,0,12,0,12,0,12,0,12,0,12,0,12,0,12,61,49,27,44,0,12,0,12,52,45,0,12,0,12,0,12,0,12,68,110,0,12,0,12,24,31,58,61,0,12,0,12,1718,326,510,219,1718,326,14,26,123,100,78,68,0,12,1718,326,520,194,0,12,456,195,211,94,415,284,0,12
"5167","060371041242","Block Group 2, Census Tract 1041.24, Los Angeles County, California",1421,302,0,12,0,12,0,12,0,12,0,12,0,12,0,12,0,12,45,55,0,12,0,12,0,12,0,12,0,12,0,12,0,12,37,57,0,12,0,12,0,12,0,12,0,12,0,12,0,12,1315,328,30,61,1458,319,12,21,89,84,27,30,0,12,1532,320,119,92,0,12,291,155,525,209,581,242,0,12
"5168","060371864032","Block Group 2, Census Tract 1864.03, Los Angeles County, California",1618,212,0,12,0,12,0,12,0,12,0,12,0,12,0,12,0,12,92,48,40,31,0,12,0,12,16,21,9,10,0,12,0,12,90,42,55,35,0,12,0,12,21,20,15,23,0,12,0,12,1724,228,281,159,1724,228,34,40,77,54,115,65,5,7,1724,228,405,179,0,12,8,11,120,83,1178,265,0,12
"5169","060371863021","Block Group 1, Census Tract 1863.02, Los Angeles County, California",1381,297,0,12,0,12,0,12,0,12,0,12,0,12,0,12,0,12,12,18,5,10,0,12,0,12,54,40,0,12,0,12,0,12,0,12,17,21,0,12,0,12,62,46,0,12,0,12,0,12,1423,302,88,61,1454,319,0,12,15,26,28,28,0,12,1454,319,448,162,0,12,34,35,608,178,304,202,0,12
"5170","060371862021","Block Group 1, Census Tract 1862.02, Los Angeles County, California",730,186,0,12,0,12,0,12,0,12,0,12,0,12,0,12,0,12,0,12,9,14,0,12,0,12,0,12,0,12,0,12,0,12,0,12,0,12,15,17,0,12,8,15,0,12,0,12,0,12,764,193,15,17,764,193,9,13,10,15,30,35,0,12,764,193,111,61,0,12,5,9,361,129,264,119,0,12
"5171","060371310102","Block Group 2, Census Tract 1310.10, Los Angeles County, California",3549,473,0,12,1,3,0,12,0,12,0,12,0,12,0,12,0,12,355,164,0,12,28,36,0,12,30,35,0,12,0,12,0,12,20,23,48,75,0,12,0,12,0,12,0,12,23,36,0,12,3672,521,532,247,3672,521,0,12,140,90,265,133,0,12,3679,521,756,230,0,12,135,148,696,254,1954,461,2,4
"5172","060379006053","Block Group 3, Census Tract 9006.05, Los Angeles County, California",3038,608,0,12,0,12,0,12,0,12,0,12,0,12,0,12,0,12,96,81,17,30,0,12,0,12,0,12,0,12,0,12,0,12,0,12,0,12,0,12,0,12,0,12,0,12,0,12,0,12,3619,704,1380,699,3710,725,14,24,85,88,79,60,0,12,3710,725,34,52,0,12,710,443,430,150,2491,680,0,12
"5173","060371411021","Block Group 1, Census Tract 1411.02, Los Angeles County, California",1126,255,0,12,0,12,0,12,0,12,0,12,0,12,0,12,0,12,0,12,0,12,0,12,0,12,0,12,0,12,0,12,0,12,8,15,0,12,0,12,0,12,0,12,0,12,0,12,0,12,1175,279,50,43,1175,279,10,15,43,44,43,48,26,40,1175,279,36,38,0,12,76,52,871,229,78,111,0,12
"5174","060371394022","Block Group 2, Census Tract 1394.02, Los Angeles County, California",774,145,0,12,0,12,0,12,0,12,0,12,0,12,0,12,0,12,23,26,0,12,7,11,0,12,0,12,0,12,0,12,0,12,6,9,0,12,14,16,0,12,0,12,0,12,0,12,0,12,843,168,48,39,843,168,8,13,0,12,36,32,0,12,843,168,0,12,0,12,61,96,675,154,53,43,0,12
"5175","060371390012","Block Group 2, Census Tract 1390.01, Los Angeles County, California",2150,562,0,12,0,12,0,12,0,12,0,12,0,12,0,12,0,12,0,12,0,12,0,12,0,12,0,12,0,12,0,12,0,12,0,12,0,12,60,85,0,12,0,12,0,12,0,12,0,12,2332,580,123,205,2332,580,9,20,0,12,124,129,0,12,2332,580,67,94,0,12,25,31,1628,489,529,253,0,12
"5176","060377016023","Block Group 3, Census Tract 7016.02, Los Angeles County, California",979,331,0,12,0,12,0,12,0,12,0,12,0,12,0,12,0,12,0,12,0,12,0,12,0,12,0,12,0,12,0,12,0,12,0,12,9,20,11,18,0,12,0,12,9,21,0,12,0,12,1007,383,16,13,1007,383,59,90,0,12,110,167,0,12,1101,385,97,120,0,12,37,37,707,377,214,260,0,12
"5177","060377018021","Block Group 1, Census Tract 7018.02, Los Angeles County, California",1653,468,0,12,0,12,0,12,0,12,0,12,0,12,0,12,0,12,44,78,0,12,0,12,0,12,0,12,0,12,7,13,0,12,37,48,31,52,0,12,0,12,0,12,0,12,0,12,0,12,1622,458,391,229,1633,462,10,15,27,36,72,72,0,12,1661,474,47,44,0,12,217,152,524,180,699,353,15,27
"5178","060371198002","Block Group 2, Census Tract 1198, Los Angeles County, California",1459,518,0,12,0,12,11,16,0,12,0,12,0,12,0,12,0,12,173,105,26,31,0,12,0,12,0,12,0,12,0,12,0,12,0,12,0,12,0,12,0,12,33,50,0,12,0,12,0,12,1500,524,392,344,1500,524,41,66,45,49,219,208,0,12,1500,524,278,260,6,11,7,6,101,86,1108,502,0,12
"5179","060371198004","Block Group 4, Census Tract 1198, Los Angeles County, California",1806,389,0,12,0,12,0,12,0,12,0,12,0,12,0,12,0,12,236,107,20,25,0,12,0,12,0,12,0,12,0,12,0,12,5,10,75,56,0,12,0,12,0,12,0,12,0,12,0,12,1839,395,103,67,1844,395,13,20,78,65,66,50,0,12,1844,395,54,45,0,12,39,62,92,78,1638,394,0,12
"5180","060371222002","Block Group 2, Census Tract 1222, Los Angeles County, California",1556,377,0,12,0,12,0,12,0,12,0,12,0,12,0,12,0,12,157,65,56,45,16,18,0,12,0,12,0,12,0,12,0,12,22,20,77,64,17,18,0,12,0,12,7,10,0,12,0,12,1616,392,186,156,1616,392,0,12,37,36,154,83,0,12,1616,392,52,56,0,12,3,5,270,128,1285,389,0,12
"5181","060373107012","Block Group 2, Census Tract 3107.01, Los Angeles County, California",591,127,0,12,0,12,0,12,0,12,0,12,0,12,0,12,0,12,0,12,0,12,0,12,30,47,0,12,0,12,0,12,0,12,0,12,0,12,149,69,142,92,0,12,0,12,0,12,0,12,591,127,223,86,591,127,0,12,8,14,0,12,0,12,591,127,33,55,0,12,1,4,521,132,35,41,0,12
"5182","060374325001","Block Group 1, Census Tract 4325, Los Angeles County, California",1381,590,0,12,0,12,0,12,0,12,0,12,0,12,0,12,0,12,144,128,0,12,0,12,0,12,59,73,20,34,0,12,0,12,0,12,101,167,0,12,0,12,0,12,0,12,0,12,0,12,1442,615,0,12,1442,615,0,12,0,12,20,34,0,12,1442,615,349,247,29,47,0,12,26,43,1038,599,0,12
"5183","060374338021","Block Group 1, Census Tract 4338.02, Los Angeles County, California",1537,232,0,12,0,12,0,12,0,12,0,12,0,12,0,12,0,12,77,56,4,9,0,12,0,12,58,33,18,21,0,12,0,12,9,14,32,32,7,10,0,12,27,22,37,30,0,12,0,12,1639,242,218,170,1639,242,70,85,84,49,29,32,0,12,1639,242,574,142,0,12,29,17,156,162,870,235,10,14
"5184","060375041013","Block Group 3, Census Tract 5041.01, Los Angeles County, California",625,207,0,12,0,12,0,12,0,12,0,12,0,12,0,12,0,12,0,12,0,12,0,12,0,12,0,12,0,12,0,12,0,12,8,13,19,21,0,12,0,12,0,12,0,12,0,12,0,12,646,219,11,11,646,219,0,12,31,37,8,11,0,12,646,219,0,12,0,12,4,6,148,59,484,208,10,17
"5185","060375302041","Block Group 1, Census Tract 5302.04, Los Angeles County, California",1669,352,0,12,0,12,0,12,0,12,0,12,0,12,0,12,0,12,191,116,87,58,0,12,0,12,54,42,13,17,0,12,0,12,10,16,0,12,0,12,0,12,22,20,0,12,0,12,0,12,1740,384,112,91,1740,384,8,14,142,118,93,77,0,12,1740,384,162,109,0,12,0,12,35,48,1543,367,0,12
"5186","060375334022","Block Group 2, Census Tract 5334.02, Los Angeles County, California",1491,400,0,12,0,12,0,12,0,12,0,12,0,12,0,12,0,12,180,102,84,54,0,12,0,12,0,12,0,12,0,12,0,12,20,29,39,35,0,12,0,12,0,12,0,12,0,12,0,12,1696,455,551,383,1696,455,0,12,114,80,143,110,0,12,1696,455,0,12,0,12,0,12,22,25,1674,458,0,12
"5187","060375320022","Block Group 2, Census Tract 5320.02, Los Angeles County, California",2546,248,0,12,6,9,0,12,0,12,0,12,0,12,0,12,0,12,204,80,213,98,0,12,0,12,13,14,0,12,0,12,0,12,23,17,82,53,0,12,0,12,0,12,0,12,0,12,0,12,2663,259,582,258,2663,259,72,78,269,97,272,89,0,12,2663,259,167,91,0,12,0,12,110,96,2370,291,16,26
"5188","060375321013","Block Group 3, Census Tract 5321.01, Los Angeles County, California",1117,338,29,45,0,12,0,12,0,12,0,12,0,12,0,12,0,12,28,43,25,40,0,12,0,12,0,12,0,12,0,12,0,12,36,41,67,102,0,12,0,12,0,12,0,12,0,12,0,12,1203,375,332,284,1203,375,0,12,38,40,76,52,0,12,1203,375,32,42,0,12,0,12,31,36,1140,378,0,12
"5189","060375350021","Block Group 1, Census Tract 5350.02, Los Angeles County, California",1349,273,0,12,6,9,0,12,0,12,0,12,0,12,0,12,0,12,243,68,45,38,0,12,0,12,0,12,0,12,0,12,0,12,32,25,29,32,0,12,0,12,0,12,0,12,0,12,0,12,1425,298,245,126,1425,298,0,12,60,43,126,72,0,12,1425,298,0,12,0,12,19,30,0,12,1393,303,13,21
"5190","060375350013","Block Group 3, Census Tract 5350.01, Los Angeles County, California",1382,347,7,9,6,9,0,12,0,12,0,12,0,12,0,12,0,12,116,64,55,39,0,12,0,12,0,12,0,12,0,12,0,12,32,32,28,39,0,12,0,12,0,12,0,12,0,12,0,12,1469,369,244,168,1464,368,31,37,84,79,81,66,0,12,1469,369,0,12,0,12,159,109,0,12,1284,356,26,41
"5191","060375338062","Block Group 2, Census Tract 5338.06, Los Angeles County, California",1090,374,0,12,0,12,0,12,0,12,0,12,0,12,0,12,0,12,206,133,2,8,0,12,0,12,0,12,0,12,0,12,0,12,110,80,2,8,0,12,0,12,0,12,0,12,0,12,0,12,1221,434,258,287,1222,432,1,8,30,36,300,174,0,12,1222,432,0,12,0,12,0,12,27,45,1195,450,0,12
"5192","060375338051","Block Group 1, Census Tract 5338.05, Los Angeles County, California",2132,281,0,12,0,12,0,12,0,12,0,12,0,12,0,12,0,12,298,131,116,63,0,12,0,12,0,12,0,12,0,12,0,12,152,65,45,32,0,12,0,12,0,12,0,12,0,12,0,12,2310,286,409,214,2310,286,18,27,158,82,287,121,0,12,2310,286,24,25,0,12,57,66,0,12,2229,278,0,12
"5193","060375028012","Block Group 2, Census Tract 5028.01, Los Angeles County, California",1922,404,7,11,0,12,0,12,0,12,0,12,0,12,0,12,0,12,14,16,0,12,0,12,0,12,0,12,0,12,0,12,0,12,0,12,0,12,0,12,0,12,0,12,0,12,0,12,0,12,2135,429,254,175,2135,429,23,25,64,53,62,47,0,12,2135,429,11,19,0,12,14,23,427,241,1649,365,0,12
"5194","060376500031","Block Group 1, Census Tract 6500.03, Los Angeles County, California",1631,327,0,12,0,12,0,12,0,12,0,12,0,12,0,12,0,12,56,52,0,12,0,12,0,12,32,37,0,12,0,12,0,12,0,12,33,51,2,6,0,12,15,21,0,12,0,12,0,12,1760,348,187,139,1760,348,9,15,88,80,58,54,0,12,1760,348,555,173,0,12,72,74,319,143,645,238,0,12
"5195","060376213263","Block Group 3, Census Tract 6213.26, Los Angeles County, California",1386,191,0,12,0,12,0,12,0,12,0,12,0,12,0,12,0,12,0,12,0,12,0,12,0,12,0,12,0,12,0,12,0,12,0,12,0,12,0,12,0,12,0,12,0,12,0,12,0,12,1391,192,64,66,1391,192,0,12,32,39,79,83,0,12,1391,192,80,63,0,12,13,20,1087,197,188,92,0,12
"5196","060373025051","Block Group 1, Census Tract 3025.05, Los Angeles County, California",1929,418,0,12,0,12,0,12,0,12,0,12,0,12,0,12,0,12,72,68,60,59,139,81,23,34,0,12,22,34,0,12,0,12,46,48,21,31,24,36,59,64,0,12,0,12,0,12,0,12,2009,430,560,174,2009,430,20,27,56,67,96,71,0,12,2009,430,139,131,0,12,61,61,1072,348,716,275,0,12
"5197","060374335032","Block Group 2, Census Tract 4335.03, Los Angeles County, California",760,244,6,9,0,12,0,12,0,12,0,12,0,12,0,12,0,12,174,108,13,14,0,12,0,12,0,12,0,12,0,12,0,12,6,10,75,60,0,12,0,12,0,12,0,12,0,12,0,12,790,253,189,143,790,253,13,21,5,9,76,60,0,12,790,253,31,43,0,12,0,12,17,15,742,256,0,12
"5198","060374067021","Block Group 1, Census Tract 4067.02, Los Angeles County, California",1345,414,0,12,0,12,0,12,0,12,0,12,0,12,0,12,0,12,46,73,0,12,0,12,0,12,0,12,0,12,0,12,0,12,10,22,11,15,0,12,0,12,10,16,0,12,0,12,0,12,1348,440,68,62,1390,447,42,67,40,45,96,95,0,12,1497,448,87,90,0,12,26,32,198,127,1089,424,0,12
"5199","060379006082","Block Group 2, Census Tract 9006.08, Los Angeles County, California",1045,369,0,12,0,12,0,12,0,12,0,12,0,12,0,12,0,12,21,34,0,12,0,12,0,12,0,12,0,12,0,12,0,12,0,12,0,12,0,12,0,12,0,12,0,12,0,12,0,12,1045,367,348,226,1059,372,13,16,21,22,55,47,0,12,1059,372,120,177,0,12,445,237,180,103,303,202,0,12
"5200","060379005073","Block Group 3, Census Tract 9005.07, Los Angeles County, California",2565,672,16,26,0,12,0,12,0,12,0,12,0,12,0,12,0,12,197,141,41,48,0,12,0,12,29,48,0,12,0,12,0,12,0,12,0,12,0,12,0,12,0,12,0,12,0,12,0,12,2706,707,438,284,2706,707,18,30,0,12,173,116,0,12,2706,707,270,285,0,12,0,12,760,275,1636,657,0,12
"5201","060375548011","Block Group 1, Census Tract 5548.01, Los Angeles County, California",1810,277,0,12,0,12,0,12,0,12,0,12,0,12,0,12,0,12,160,82,132,68,0,12,0,12,6,10,0,12,0,12,0,12,46,27,13,14,0,12,0,12,0,12,0,12,0,12,0,12,1949,319,411,257,1966,320,12,19,217,102,114,81,0,12,1966,320,48,52,0,12,19,31,39,39,1775,318,0,12
"5202","060375552022","Block Group 2, Census Tract 5552.02, Los Angeles County, California",2024,451,0,12,0,12,0,12,0,12,0,12,0,12,0,12,0,12,0,12,0,12,0,12,0,12,13,20,0,12,0,12,0,12,0,12,0,12,0,12,0,12,0,12,0,12,0,12,0,12,2163,539,109,107,2163,539,10,16,11,16,20,22,0,12,2163,539,170,111,0,12,3,6,1406,431,365,184,0,12
"5203","060372691001","Block Group 1, Census Tract 2691, Los Angeles County, California",1549,331,0,12,0,12,0,12,0,12,0,12,0,12,0,12,0,12,0,12,0,12,11,16,0,12,0,12,0,12,0,12,0,12,0,12,0,12,0,12,0,12,0,12,0,12,0,12,0,12,1659,360,71,64,1659,360,0,12,12,19,55,55,0,12,1659,360,114,167,0,12,42,51,1302,341,167,186,0,12
"5204","060372697001","Block Group 1, Census Tract 2697, Los Angeles County, California",1477,276,0,12,0,12,0,12,0,12,0,12,0,12,0,12,0,12,62,49,0,12,0,12,0,12,0,12,0,12,0,12,0,12,32,49,26,37,0,12,0,12,0,12,0,12,0,12,0,12,1548,310,188,216,1548,310,0,12,12,23,30,46,0,12,1548,310,197,86,0,12,159,79,456,199,703,224,0,12
"5205","060372703002","Block Group 2, Census Tract 2703, Los Angeles County, California",758,145,0,12,0,12,0,12,0,12,0,12,0,12,0,12,0,12,18,20,6,11,0,12,0,12,0,12,0,12,0,12,0,12,12,17,0,12,0,12,0,12,6,9,0,12,0,12,0,12,827,162,51,45,827,162,0,12,0,12,0,12,0,12,827,162,117,60,0,12,265,117,133,53,270,147,0,12
"5206","060372717021","Block Group 1, Census Tract 2717.02, Los Angeles County, California",1241,196,0,12,0,12,0,12,0,12,0,12,0,12,0,12,0,12,0,12,0,12,0,12,0,12,28,36,0,12,0,12,0,12,0,12,0,12,0,12,0,12,26,34,0,12,0,12,0,12,1391,257,300,202,1391,257,0,12,45,50,0,12,0,12,1391,257,534,251,0,12,62,61,614,140,159,110,0,12
"5207","060376505013","Block Group 3, Census Tract 6505.01, Los Angeles County, California",787,152,9,14,0,12,0,12,0,12,0,12,0,12,0,12,0,12,8,14,0,12,0,12,0,12,24,35,0,12,0,12,0,12,0,12,0,12,0,12,0,12,0,12,0,12,0,12,0,12,805,148,34,47,805,148,0,12,0,12,1,4,0,12,805,148,118,77,0,12,0,12,450,140,183,86,12,19
"5208","060373013002","Block Group 2, Census Tract 3013, Los Angeles County, California",1140,186,0,12,0,12,0,12,0,12,0,12,0,12,0,12,0,12,0,12,0,12,6,10,0,12,0,12,0,12,0,12,0,12,0,12,0,12,72,49,0,12,12,17,0,12,0,12,0,12,1174,182,42,32,1174,182,7,11,12,14,26,25,0,12,1174,182,76,56,0,12,0,12,1013,196,85,59,0,12
"5209","060371233032","Block Group 2, Census Tract 1233.03, Los Angeles County, California",2219,262,6,9,0,12,0,12,0,12,0,12,0,12,0,12,0,12,306,147,120,74,117,83,29,33,8,11,0,12,0,12,0,12,7,10,14,17,48,42,18,19,0,12,0,12,0,12,0,12,2307,264,501,172,2338,268,0,12,103,55,213,87,0,12,2338,268,127,73,0,12,34,33,708,154,1399,258,0,12
"5210","060371234203","Block Group 3, Census Tract 1234.20, Los Angeles County, California",764,287,0,12,0,12,0,12,0,12,0,12,0,12,0,12,0,12,62,79,49,41,23,36,0,12,0,12,0,12,0,12,0,12,0,12,0,12,0,12,0,12,0,12,0,12,9,13,0,12,838,295,395,213,838,295,0,12,17,27,47,50,0,12,838,295,0,12,0,12,40,63,186,98,612,265,0,12
"5211","060372162001","Block Group 1, Census Tract 2162, Los Angeles County, California",725,291,0,12,0,12,0,12,0,12,0,12,0,12,0,12,0,12,0,12,0,12,0,12,0,12,24,38,0,12,0,12,0,12,0,12,0,12,0,12,0,12,0,12,23,37,0,12,0,12,701,288,199,216,725,291,0,12,31,50,24,38,0,12,725,291,126,178,0,12,95,90,199,146,249,229,0,12
"5212","060372169003","Block Group 3, Census Tract 2169, Los Angeles County, California",1079,225,0,12,0,12,0,12,0,12,0,12,0,12,0,12,0,12,0,12,8,17,0,12,0,12,9,21,8,17,0,12,0,12,0,12,0,12,0,12,0,12,0,12,0,12,0,12,0,12,1037,232,38,22,1037,232,0,12,20,31,85,100,0,12,1114,236,75,64,0,12,242,123,613,226,126,102,8,16
"5213","060372169005","Block Group 5, Census Tract 2169, Los Angeles County, California",944,287,0,12,0,12,0,12,0,12,0,12,0,12,0,12,0,12,0,12,0,12,0,12,0,12,0,12,0,12,0,12,0,12,0,12,0,12,16,29,0,12,0,12,0,12,0,12,0,12,944,287,185,118,921,272,0,12,23,35,0,12,0,12,944,287,116,122,0,12,447,241,270,137,111,119,0,12
"5214","060373115001","Block Group 1, Census Tract 3115, Los Angeles County, California",1554,349,0,12,0,12,0,12,0,12,0,12,0,12,0,12,0,12,0,12,0,12,0,12,0,12,0,12,0,12,0,12,0,12,0,12,0,12,0,12,0,12,0,12,0,12,0,12,0,12,1634,381,0,12,1634,381,0,12,29,35,0,12,0,12,1634,381,59,67,0,12,0,12,1004,308,571,310,0,12
"5215","060373021031","Block Group 1, Census Tract 3021.03, Los Angeles County, California",1290,345,0,12,0,12,22,32,0,12,0,12,0,12,0,12,0,12,29,36,35,53,172,117,0,12,21,33,0,12,0,12,0,12,9,15,0,12,55,61,21,24,0,12,0,12,0,12,0,12,1335,355,251,167,1335,355,0,12,85,68,83,103,0,12,1335,355,248,135,0,12,10,16,769,342,268,174,0,12
"5216","060371093003","Block Group 3, Census Tract 1093, Los Angeles County, California",823,162,0,12,0,12,0,12,0,12,0,12,0,12,0,12,0,12,5,10,26,38,9,13,0,12,2,4,0,12,0,12,0,12,24,35,5,7,0,12,14,15,6,8,0,12,0,12,0,12,830,165,86,71,830,165,0,12,0,12,20,18,0,12,837,164,177,101,0,12,21,26,275,105,347,136,0,12
"5217","060371094003","Block Group 3, Census Tract 1094, Los Angeles County, California",1009,264,0,12,0,12,0,12,0,12,0,12,0,12,0,12,0,12,37,47,38,47,0,12,0,12,0,12,0,12,0,12,0,12,57,42,30,27,0,12,0,12,0,12,0,12,0,12,0,12,1016,265,225,177,1016,265,0,12,0,12,19,30,0,12,1016,265,28,45,0,12,0,12,345,124,643,256,0,12
"5218","060371098004","Block Group 4, Census Tract 1098, Los Angeles County, California",1461,528,0,12,0,12,0,12,0,12,0,12,0,12,0,12,0,12,41,55,77,65,0,12,0,12,12,20,0,12,0,12,0,12,48,52,0,12,0,12,0,12,9,15,0,12,0,12,0,12,1465,582,157,104,1557,601,162,170,104,70,126,185,32,50,1557,601,142,149,0,12,20,27,77,62,1318,583,0,12
"5219","060371894001","Block Group 1, Census Tract 1894, Los Angeles County, California",1522,198,0,12,0,12,0,12,0,12,0,12,0,12,0,12,0,12,14,21,0,12,0,12,0,12,10,17,0,12,0,12,0,12,0,12,0,12,0,12,0,12,0,12,0,12,0,12,0,12,1591,212,18,20,1591,212,0,12,0,12,17,18,0,12,1591,212,37,25,0,12,89,81,1255,208,151,104,0,12
"5220","060375552111","Block Group 1, Census Tract 5552.11, Los Angeles County, California",2018,490,0,12,0,12,0,12,0,12,0,12,0,12,0,12,0,12,92,80,80,92,0,12,0,12,0,12,0,12,0,12,0,12,23,27,66,53,0,12,0,12,29,35,0,12,0,12,0,12,2145,500,457,293,2153,502,35,46,46,51,31,36,24,39,2153,502,194,159,0,12,0,12,27,46,1932,517,0,12
"5221","060375552121","Block Group 1, Census Tract 5552.12, Los Angeles County, California",4604,456,13,21,0,17,0,17,0,17,0,17,0,17,0,17,0,17,536,279,90,66,0,17,0,17,60,71,9,13,0,17,0,17,42,41,54,41,0,17,0,17,55,50,1,3,0,17,0,17,5073,516,1362,496,5110,511,36,42,153,101,300,158,42,39,5110,511,343,217,0,17,153,183,286,130,4179,551,0,17
"5222","060375708003","Block Group 3, Census Tract 5708, Los Angeles County, California",874,224,0,12,0,12,0,12,0,12,0,12,0,12,0,12,0,12,9,13,0,12,0,12,0,12,0,12,0,12,0,12,0,12,0,12,0,12,0,12,0,12,0,12,0,12,0,12,0,12,917,235,127,104,917,235,0,12,0,12,0,12,0,12,917,235,94,79,0,12,155,164,392,108,276,132,0,12
"5223","060374070021","Block Group 1, Census Tract 4070.02, Los Angeles County, California",1643,271,12,20,0,12,0,12,0,12,0,12,0,12,0,12,0,12,110,53,68,31,0,12,0,12,16,18,0,12,0,12,0,12,33,24,68,40,0,12,0,12,28,24,23,25,0,12,0,12,1724,293,185,134,1724,293,7,10,19,13,41,30,16,25,1724,293,211,134,4,9,26,36,65,54,1393,296,0,12
"5224","060373014002","Block Group 2, Census Tract 3014, Los Angeles County, California",1643,398,10,16,0,12,0,12,0,12,0,12,0,12,0,12,0,12,0,12,0,12,96,94,0,12,0,12,0,12,15,21,0,12,0,12,0,12,33,49,99,123,0,12,0,12,0,12,0,12,1726,433,277,313,1726,433,24,47,119,101,78,70,0,12,1726,433,61,57,0,12,7,13,1394,337,198,195,0,12
"5225","060373015012","Block Group 2, Census Tract 3015.01, Los Angeles County, California",964,157,0,12,0,12,0,12,0,12,0,12,0,12,0,12,0,12,0,12,0,12,6,8,6,9,0,12,0,12,0,12,0,12,0,12,0,12,58,60,0,12,0,12,0,12,0,12,0,12,1025,152,98,100,1025,152,0,12,0,12,6,10,0,12,1025,152,157,131,0,12,0,12,752,147,116,86,0,12
"5226","060373017011","Block Group 1, Census Tract 3017.01, Los Angeles County, California",1484,266,0,12,0,12,0,12,0,12,0,12,0,12,0,12,0,12,0,12,0,12,35,42,9,18,38,37,0,12,0,12,0,12,0,12,0,12,93,77,87,94,0,12,0,12,0,12,0,12,1554,310,152,100,1554,310,31,40,0,12,54,53,0,12,1554,310,273,110,0,12,111,154,779,217,368,244,0,12
"5227","060377003004","Block Group 4, Census Tract 7003, Los Angeles County, California",2001,458,0,12,0,12,0,12,0,12,0,12,0,12,0,12,0,12,0,12,0,12,0,12,0,12,0,12,0,12,0,12,0,12,0,12,0,12,190,200,19,31,0,12,0,12,0,12,0,12,2045,487,439,201,2045,487,0,12,145,146,0,12,0,12,2045,487,18,28,0,12,17,27,1897,507,37,41,0,12
"5228","060377003003","Block Group 3, Census Tract 7003, Los Angeles County, California",1068,207,0,12,0,12,0,12,0,12,0,12,0,12,0,12,0,12,0,12,0,12,0,12,0,12,0,12,0,12,0,12,0,12,0,12,0,12,17,26,0,12,0,12,0,12,0,12,0,12,1085,211,39,43,1085,211,0,12,21,34,0,12,0,12,1085,211,120,67,0,12,59,70,782,156,64,65,0,12
"5229","060377015013","Block Group 3, Census Tract 7015.01, Los Angeles County, California",2055,424,0,12,0,12,0,12,0,12,0,12,0,12,0,12,0,12,0,12,31,42,0,12,0,12,0,12,0,12,0,12,0,12,0,12,0,12,35,39,91,133,0,12,0,12,0,12,0,12,2233,489,252,105,2233,489,60,92,4,17,0,12,0,12,2233,489,241,193,30,45,103,96,1440,356,154,94,0,12
"5230","060371064052","Block Group 2, Census Tract 1064.05, Los Angeles County, California",2115,600,32,38,0,12,0,12,0,12,0,12,0,12,0,12,0,12,37,43,9,15,0,12,0,12,0,12,0,12,0,12,0,12,1,2,0,12,0,12,0,12,0,12,0,12,0,12,0,12,2282,649,664,304,2282,649,26,41,82,82,48,76,0,12,2282,649,0,12,0,12,235,298,572,259,1475,582,0,12
"5231","060371048211","Block Group 1, Census Tract 1048.21, Los Angeles County, California",2339,341,16,20,7,10,0,12,0,12,0,12,0,12,0,12,0,12,217,84,137,72,0,12,0,12,20,30,0,12,0,12,0,12,66,43,6,9,0,12,0,12,27,28,0,12,0,12,0,12,2432,362,449,217,2468,364,29,30,164,66,201,85,0,12,2468,364,119,93,0,12,86,93,103,88,2156,380,0,12
"5232","060371047031","Block Group 1, Census Tract 1047.03, Los Angeles County, California",1065,223,18,26,0,12,0,12,0,12,0,12,0,12,0,12,0,12,190,90,70,41,0,12,0,12,0,12,0,12,0,12,0,12,0,12,0,12,0,12,0,12,0,12,0,12,0,12,0,12,1221,283,480,184,1221,283,6,8,52,34,168,83,0,12,1221,283,0,12,0,12,149,128,81,59,991,296,0,12
"5233","060372766012","Block Group 2, Census Tract 2766.01, Los Angeles County, California",952,265,0,12,0,12,0,12,0,12,0,12,0,12,0,12,0,12,0,12,0,12,18,20,0,12,0,12,0,12,0,12,0,12,0,12,0,12,0,12,0,12,0,12,0,12,0,12,0,12,1029,281,169,180,1029,281,0,12,23,22,42,60,0,12,1029,281,128,129,0,12,0,12,776,232,65,53,0,12
"5234","060372911101","Block Group 1, Census Tract 2911.10, Los Angeles County, California",2248,389,0,12,0,12,0,12,0,12,0,12,0,12,0,12,0,12,139,92,25,26,0,12,0,12,0,12,0,12,0,12,0,12,0,12,14,21,0,12,0,12,0,12,0,12,0,12,0,12,2574,490,740,427,2574,490,21,33,91,59,211,118,0,12,2574,490,0,12,0,12,1541,362,25,27,978,307,13,21
"5235","060372264201","Block Group 1, Census Tract 2264.20, Los Angeles County, California",2016,546,35,37,0,12,0,12,0,12,0,12,0,12,0,12,0,12,305,150,358,190,0,12,0,12,0,12,0,12,0,12,0,12,25,29,9,16,0,12,0,12,6,12,0,12,0,12,0,12,2197,633,675,347,2236,638,123,116,94,92,153,137,0,12,2236,638,147,184,0,12,9,14,0,12,2080,612,0,12
"5236","060371253201","Block Group 1, Census Tract 1253.20, Los Angeles County, California",2034,348,0,12,0,12,0,12,0,12,0,12,0,12,0,12,0,12,0,12,32,52,18,28,0,12,0,12,0,12,0,12,0,12,17,30,40,60,35,54,81,65,0,12,0,12,0,12,0,12,2052,349,634,144,2052,349,0,12,134,129,65,65,0,12,2052,349,113,94,0,12,111,89,1155,292,509,191,0,12
"5237","060371282101","Block Group 1, Census Tract 1282.10, Los Angeles County, California",3038,373,5,9,0,12,0,12,0,12,0,12,0,12,0,12,0,12,329,108,188,105,41,64,0,12,0,12,0,12,16,26,0,12,25,38,51,66,0,12,0,12,0,12,0,12,0,12,0,12,3306,390,1211,395,3306,390,0,12,255,116,310,135,0,12,3306,390,195,127,0,12,143,129,381,140,2518,409,0,12
"5238","060371814003","Block Group 3, Census Tract 1814, Los Angeles County, California",2262,383,0,12,0,12,0,12,0,12,0,12,0,12,0,12,0,12,31,43,0,12,0,12,0,12,76,81,0,12,0,12,0,12,2,4,45,58,0,12,5,10,91,74,0,12,0,12,0,12,2335,432,98,60,2335,432,0,12,80,71,36,44,0,12,2434,435,1092,342,0,12,57,63,499,171,753,345,0,12
"5239","060371873001","Block Group 1, Census Tract 1873, Los Angeles County, California",1674,281,0,12,0,12,0,12,0,12,0,12,0,12,0,12,0,12,21,32,0,12,0,12,0,12,24,31,0,12,0,12,0,12,0,12,0,12,0,12,0,12,42,41,0,12,0,12,0,12,1799,297,97,66,1799,297,33,42,12,17,52,43,0,12,1799,297,335,150,0,12,27,31,971,224,423,158,0,12
"5240","060371991102","Block Group 2, Census Tract 1991.10, Los Angeles County, California",1628,290,0,12,0,12,0,12,0,12,0,12,0,12,0,12,0,12,97,58,31,32,0,12,0,12,5,7,0,12,0,12,0,12,87,51,48,38,0,12,0,12,5,8,0,12,0,12,0,12,1754,315,305,172,1754,315,57,90,75,62,208,80,0,12,1754,315,37,26,0,12,5,8,74,50,1638,321,0,12
"5241","060371917201","Block Group 1, Census Tract 1917.20, Los Angeles County, California",1851,311,0,12,0,12,0,12,0,12,0,12,0,12,0,12,0,12,361,194,191,123,0,12,0,12,0,12,0,12,0,12,0,12,53,45,31,41,0,12,16,24,18,29,1,7,0,12,0,12,1984,334,725,314,1984,334,19,28,236,136,374,183,0,12,1984,334,127,92,0,12,66,73,283,168,1508,300,0,12
"5242","060372381004","Block Group 4, Census Tract 2381, Los Angeles County, California",892,279,0,12,0,12,0,12,0,12,0,12,0,12,0,12,0,12,0,12,0,12,0,12,0,12,0,12,0,12,0,12,0,12,0,12,0,12,0,12,0,12,0,12,0,12,0,12,0,12,892,279,81,68,892,279,0,12,0,12,38,59,13,21,892,279,5,11,0,12,780,249,0,12,40,38,0,12
"5243","060372381003","Block Group 3, Census Tract 2381, Los Angeles County, California",1065,399,0,12,0,12,0,12,0,12,9,14,0,12,0,12,0,12,44,67,0,12,0,12,0,12,0,12,0,12,0,12,0,12,23,33,0,12,0,12,0,12,0,12,0,12,0,12,0,12,1081,400,122,88,1081,400,0,12,30,46,0,12,0,12,1081,400,26,34,0,12,773,383,9,14,228,149,0,12
"5244","060372400203","Block Group 3, Census Tract 2400.20, Los Angeles County, California",1734,403,0,12,0,12,0,12,0,12,0,12,0,12,0,12,0,12,206,85,104,61,0,12,0,12,0,12,0,12,0,12,0,12,43,52,23,35,0,12,0,12,0,12,0,12,0,12,0,12,1829,429,273,179,1829,429,55,63,125,104,170,118,23,35,1829,429,0,12,0,12,186,93,16,22,1627,433,0,12
"5245","060379200301","Block Group 1, Census Tract 9200.30, Los Angeles County, California",2683,512,0,12,0,12,0,12,0,12,0,12,0,12,0,12,0,12,57,57,9,14,0,12,0,12,25,29,0,12,0,12,0,12,18,27,0,12,0,12,0,12,0,12,0,12,0,12,0,12,2863,533,219,136,2863,533,12,19,8,13,0,12,0,12,2863,533,224,121,0,12,139,106,873,218,1524,498,0,12
"5246","060375413004","Block Group 4, Census Tract 5413, Los Angeles County, California",1885,498,17,26,0,12,0,12,0,12,0,12,0,12,0,12,0,12,157,100,149,144,0,12,0,12,0,12,0,12,0,12,0,12,40,38,24,26,0,12,0,12,0,12,0,12,0,12,0,12,2017,535,321,275,2017,535,29,36,105,78,151,138,11,17,2017,535,33,46,7,13,235,182,32,37,1646,509,0,12
"5247","060375414001","Block Group 1, Census Tract 5414, Los Angeles County, California",2020,563,27,43,0,12,0,12,0,12,0,12,0,12,0,12,0,12,179,111,112,147,0,12,0,12,39,44,39,44,0,12,0,12,9,15,21,24,0,12,0,12,0,12,0,12,0,12,0,12,2389,707,1502,605,2389,707,0,12,57,91,100,148,0,12,2389,707,108,121,0,12,472,280,3,8,1795,730,0,12
"5248","060375429001","Block Group 1, Census Tract 5429, Los Angeles County, California",1655,302,21,27,2,4,0,12,0,12,0,12,0,12,0,12,0,12,203,106,119,85,0,12,0,12,0,12,0,12,0,12,0,12,23,22,37,26,0,12,0,12,0,12,0,12,0,12,0,12,1833,366,707,341,1833,366,41,35,107,77,132,67,5,7,1840,366,8,12,11,20,57,57,0,12,1764,368,0,12
"5249","060375719004","Block Group 4, Census Tract 5719, Los Angeles County, California",1186,359,0,12,0,12,0,12,0,12,0,12,0,12,0,12,0,12,47,67,0,12,0,12,0,12,0,12,0,12,0,12,0,12,8,23,0,12,0,12,0,12,0,12,0,12,0,12,0,12,1206,357,107,73,1206,357,0,12,73,108,16,27,0,12,1206,357,99,76,0,12,109,121,541,185,408,270,0,12
"5250","060375723023","Block Group 3, Census Tract 5723.02, Los Angeles County, California",1519,299,10,15,0,12,0,12,0,12,0,12,0,12,0,12,0,12,145,91,43,36,0,12,0,12,9,10,0,12,0,12,0,12,0,12,0,12,0,12,0,12,0,12,0,12,0,12,0,12,1602,314,92,74,1606,314,0,12,92,80,112,55,0,12,1606,314,235,141,0,12,181,95,52,28,1104,305,0,12
"5251","060375743006","Block Group 6, Census Tract 5743, Los Angeles County, California",646,231,0,12,0,12,0,12,0,12,0,12,0,12,0,12,0,12,0,12,0,12,0,12,0,12,0,12,0,12,0,12,0,12,0,12,0,12,0,12,0,12,0,12,0,12,0,12,0,12,757,265,49,55,757,265,0,12,0,12,15,36,28,43,757,265,20,38,0,12,0,12,592,266,107,95,28,43
"5252","060375743004","Block Group 4, Census Tract 5743, Los Angeles County, California",658,310,0,12,0,12,0,12,0,12,0,12,0,12,0,12,0,12,10,19,0,12,0,12,0,12,0,12,0,12,0,12,0,12,0,12,3,6,0,12,0,12,0,12,0,12,0,12,0,12,669,310,32,48,669,310,0,12,1,2,1,2,0,12,687,312,96,110,0,12,11,17,502,302,45,66,33,58
"5253","060375743001","Block Group 1, Census Tract 5743, Los Angeles County, California",754,303,0,12,0,12,0,12,0,12,0,12,0,12,0,12,0,12,0,12,0,12,0,12,0,12,0,12,0,12,0,12,0,12,0,12,0,12,0,12,0,12,0,12,0,12,0,12,0,12,797,316,48,81,797,316,0,12,0,12,0,12,0,12,797,316,88,123,0,12,0,12,603,339,79,125,0,12
"5254","060375758032","Block Group 2, Census Tract 5758.03, Los Angeles County, California",802,162,10,16,0,12,0,12,0,12,0,12,0,12,0,12,0,12,9,15,9,14,0,12,0,12,0,12,0,12,0,12,0,12,0,12,0,12,24,38,0,12,43,44,0,12,0,12,0,12,870,204,261,115,870,204,30,47,19,21,60,83,0,12,870,204,119,78,0,12,119,97,237,97,356,179,11,17
"5255","060372360001","Block Group 1, Census Tract 2360, Los Angeles County, California",1777,337,0,12,0,12,0,12,0,12,0,12,0,12,0,12,0,12,30,25,29,24,0,12,0,12,31,42,0,12,0,12,0,12,0,12,0,12,0,12,0,12,0,12,0,12,0,12,0,12,1777,337,130,106,1777,337,0,12,35,29,76,64,0,12,1777,337,74,82,0,12,740,246,494,160,382,84,0,12
"5256","060372382004","Block Group 4, Census Tract 2382, Los Angeles County, California",1253,619,0,12,0,12,0,12,0,12,0,12,0,12,0,12,0,12,0,12,0,12,0,12,0,12,0,12,0,12,0,12,0,12,0,12,0,12,0,12,0,12,0,12,0,12,0,12,0,12,1210,607,239,326,1252,619,0,12,101,118,19,30,0,12,1253,619,0,12,0,12,1110,622,0,12,121,166,0,12
"5257","060372393302","Block Group 2, Census Tract 2393.30, Los Angeles County, California",1314,274,18,26,0,12,0,12,0,12,0,12,0,12,0,12,0,12,207,92,104,62,0,12,0,12,0,12,0,12,0,12,0,12,11,16,0,12,0,12,0,12,0,12,0,12,0,12,0,12,1421,288,526,240,1421,288,18,18,51,52,103,62,0,12,1421,288,0,12,0,12,120,111,0,12,1301,290,0,12
"5258","060371838101","Block Group 1, Census Tract 1838.10, Los Angeles County, California",1849,321,0,12,0,12,0,12,0,12,0,12,0,12,0,12,0,12,307,123,83,75,0,12,0,12,0,12,0,12,0,12,0,12,36,33,36,34,0,12,0,12,0,12,0,12,0,12,0,12,2014,366,694,299,2014,366,38,47,125,93,193,104,14,25,2014,366,52,45,0,12,20,33,205,88,1721,392,0,12
"5259","060372402003","Block Group 3, Census Tract 2402, Los Angeles County, California",1654,503,56,86,0,12,0,12,0,12,0,12,0,12,0,12,0,12,91,64,145,89,0,12,0,12,0,12,0,12,0,12,0,12,10,16,62,52,0,12,0,12,0,12,0,12,0,12,0,12,1773,543,699,332,1773,543,94,128,56,52,131,90,18,42,1773,543,0,12,0,12,407,216,18,42,1348,475,0,12
"5260","060374087041","Block Group 1, Census Tract 4087.04, Los Angeles County, California",3117,351,0,12,0,12,0,12,0,12,20,35,0,12,0,12,0,12,41,43,2,4,0,12,0,12,242,93,151,212,0,12,0,12,37,45,0,12,0,12,0,12,259,136,251,137,0,12,0,12,3293,363,704,318,3305,357,38,38,122,77,229,162,0,12,3311,356,2089,280,0,12,63,60,250,68,866,377,0,12
"5261","060374301023","Block Group 3, Census Tract 4301.02, Los Angeles County, California",1416,417,0,12,0,12,0,12,0,12,0,12,0,12,0,12,0,12,109,76,0,12,0,12,0,12,0,12,0,12,0,12,0,12,102,93,5,9,0,12,0,12,14,20,0,12,0,12,0,12,1430,415,155,142,1430,415,40,62,6,10,139,122,0,12,1430,415,117,83,0,12,183,192,184,122,946,374,0,12
"5262","060374307013","Block Group 3, Census Tract 4307.01, Los Angeles County, California",1005,281,0,12,0,12,0,12,0,12,13,21,0,12,0,12,0,12,0,12,0,12,0,12,0,12,80,62,36,55,0,12,0,12,0,12,0,12,0,12,0,12,18,29,0,12,0,12,0,12,1122,337,38,61,1122,337,0,12,0,12,25,38,0,12,1122,337,881,349,0,12,0,12,138,83,37,45,0,12
"5263","060374807031","Block Group 1, Census Tract 4807.03, Los Angeles County, California",1040,288,22,26,0,12,0,12,0,12,0,12,0,12,0,12,0,12,0,12,0,12,0,12,0,12,10,15,0,12,0,12,0,12,0,12,0,12,0,12,0,12,13,23,14,20,0,12,0,12,1140,316,34,43,1140,316,0,12,15,25,25,39,0,12,1140,316,287,141,0,12,38,47,250,126,462,260,0,12
"5264","060374809021","Block Group 1, Census Tract 4809.02, Los Angeles County, California",2857,390,0,12,0,12,0,12,0,12,19,23,0,12,0,12,0,12,148,126,15,23,0,12,0,12,271,80,32,26,0,12,0,12,17,26,0,12,0,12,0,12,62,39,142,100,0,12,0,12,3020,420,461,271,3008,419,54,51,108,70,128,99,0,12,3020,420,1348,228,0,12,63,70,151,91,1371,430,19,30
"5265","060371203002","Block Group 2, Census Tract 1203, Los Angeles County, California",1174,434,0,12,0,12,0,12,0,12,0,12,0,12,0,12,0,12,72,85,0,12,19,31,0,12,0,12,0,12,0,12,0,12,22,35,0,12,0,12,23,40,0,12,0,12,0,12,0,12,1236,484,22,27,1236,484,0,12,116,136,153,163,0,12,1236,484,297,202,0,12,13,20,139,144,764,535,0,12
"5266","060376035002","Block Group 2, Census Tract 6035, Los Angeles County, California",1042,218,0,12,0,12,0,12,0,12,0,12,0,12,0,12,0,12,7,11,9,13,0,12,0,12,22,19,5,8,0,12,0,12,0,12,11,13,0,12,0,12,11,11,5,8,0,12,19,26,1093,223,14,21,1101,224,34,46,33,29,63,55,6,10,1101,224,277,109,9,14,228,136,120,52,433,184,0,12
"5267","060376037043","Block Group 3, Census Tract 6037.04, Los Angeles County, California",1996,553,0,12,0,12,0,12,0,12,0,12,0,12,0,12,0,12,145,123,534,477,0,12,0,12,39,63,0,12,0,12,0,12,40,62,11,33,0,12,0,12,0,12,0,12,0,12,0,12,2467,709,734,561,2467,709,32,50,471,407,387,208,40,62,2467,709,56,69,0,12,270,167,78,156,1938,750,0,12
"5268","060376039005","Block Group 5, Census Tract 6039, Los Angeles County, California",1017,587,0,12,0,12,0,12,0,12,0,12,0,12,0,12,0,12,76,82,60,94,0,12,0,12,0,12,0,12,0,12,0,12,0,12,0,12,0,12,0,12,0,12,0,12,0,12,0,12,1137,660,3,5,1137,660,28,47,93,109,24,40,0,12,1150,659,0,12,0,12,127,194,122,117,901,621,0,12
"5269","060376039002","Block Group 2, Census Tract 6039, Los Angeles County, California",730,285,0,12,0,12,0,12,0,12,0,12,0,12,0,12,0,12,28,48,0,12,0,12,0,12,0,12,0,12,0,12,0,12,20,37,0,12,0,12,0,12,0,12,0,12,0,12,0,12,749,298,82,109,749,298,0,12,0,12,0,12,0,12,749,298,0,12,0,12,89,86,195,236,411,286,0,12
"5270","060376209012","Block Group 2, Census Tract 6209.01, Los Angeles County, California",612,114,0,12,0,12,0,12,0,12,0,12,0,12,0,12,0,12,0,12,0,12,0,12,0,12,0,12,0,12,0,12,0,12,0,12,0,12,0,12,0,12,5,8,0,12,0,12,0,12,672,143,11,12,672,143,0,12,0,12,5,8,5,8,672,143,134,105,0,12,14,20,467,138,48,42,0,12
"5271","060372041201","Block Group 1, Census Tract 2041.20, Los Angeles County, California",1369,349,6,10,0,12,0,12,0,12,0,12,0,12,0,12,0,12,91,86,65,75,0,12,0,12,0,12,0,12,0,12,0,12,58,32,40,34,0,12,0,12,10,13,8,12,0,12,0,12,1419,363,170,118,1419,363,9,15,77,68,59,54,0,12,1419,363,25,33,0,12,0,12,68,54,1318,362,0,12
"5272","060372049101","Block Group 1, Census Tract 2049.10, Los Angeles County, California",3111,255,0,12,10,17,0,12,0,12,0,12,0,12,0,12,0,12,270,94,423,156,10,17,0,12,0,12,0,12,0,12,0,12,97,49,217,86,0,12,0,12,0,12,0,12,0,12,0,12,3341,284,718,226,3341,284,12,20,264,110,266,84,0,12,3341,284,8,9,0,12,29,30,83,50,3213,288,0,12
"5273","060374310022","Block Group 2, Census Tract 4310.02, Los Angeles County, California",1472,266,0,12,0,12,0,12,0,12,0,12,0,12,0,12,0,12,1,2,13,19,0,12,0,12,0,12,0,12,0,12,0,12,0,12,0,12,0,12,0,12,0,12,0,12,15,12,0,12,1538,287,2,4,1558,293,0,12,10,15,0,12,0,12,1558,293,64,60,245,191,36,43,768,232,404,209,0,12
"5274","060374013042","Block Group 2, Census Tract 4013.04, Los Angeles County, California",76,67,0,12,0,12,0,12,0,12,0,12,0,12,0,12,0,12,0,12,0,12,0,12,0,12,0,12,0,12,0,12,0,12,0,12,0,12,0,12,0,12,0,12,0,12,0,12,0,12,76,67,36,63,76,67,0,12,0,12,0,12,0,12,76,67,0,12,0,12,0,12,76,67,0,12,0,12
"5275","060371919021","Block Group 1, Census Tract 1919.02, Los Angeles County, California",1184,198,0,12,0,12,0,12,0,12,0,12,0,12,0,12,0,12,0,12,0,12,0,12,0,12,0,12,0,12,0,12,0,12,14,22,0,12,13,20,0,12,2,4,0,12,0,12,0,12,1210,206,113,65,1210,206,0,12,26,27,0,12,0,12,1210,206,87,57,0,12,0,12,900,190,136,65,1,4
"5276","060371913021","Block Group 1, Census Tract 1913.02, Los Angeles County, California",1421,173,0,12,0,12,0,12,0,12,0,12,0,12,0,12,0,12,134,62,29,41,0,12,0,12,7,10,0,12,0,12,0,12,30,26,15,18,15,19,0,12,0,12,0,12,0,12,0,12,1534,174,224,95,1534,174,0,12,86,70,126,63,11,19,1534,174,328,111,0,12,9,10,432,103,734,202,0,12
"5277","060371913012","Block Group 2, Census Tract 1913.01, Los Angeles County, California",1678,225,0,12,0,12,0,12,0,12,0,12,0,12,0,12,0,12,191,95,61,50,0,12,0,12,27,22,0,12,0,12,0,12,13,14,7,11,6,9,0,12,8,11,0,12,0,12,0,12,1780,250,517,183,1785,249,5,10,45,40,180,76,0,12,1785,249,293,96,0,12,114,65,214,60,1158,243,0,12
"5278","060371908022","Block Group 2, Census Tract 1908.02, Los Angeles County, California",697,197,0,12,0,12,0,12,0,12,0,12,0,12,0,12,0,12,123,111,0,12,0,12,0,12,0,12,0,12,0,12,0,12,0,12,0,12,0,12,0,12,0,12,0,12,0,12,0,12,704,199,101,50,704,199,0,12,43,40,9,14,0,12,704,199,39,42,0,12,39,43,206,81,420,199,0,12
"5279","060371892021","Block Group 1, Census Tract 1892.02, Los Angeles County, California",772,233,0,12,0,12,0,12,0,12,0,12,0,12,0,12,0,12,0,12,0,12,0,12,0,12,6,10,0,12,0,12,0,12,0,12,0,12,0,12,0,12,0,12,0,12,0,12,0,12,790,232,55,73,790,232,0,12,0,12,0,12,0,12,790,232,119,71,0,12,0,12,565,219,75,80,0,12
"5280","060378002031","Block Group 1, Census Tract 8002.03, Los Angeles County, California",1740,258,0,12,0,12,0,12,0,12,0,12,0,12,0,12,0,12,5,8,0,12,5,7,0,12,8,14,0,12,0,12,0,12,2,5,0,12,0,12,0,12,0,12,0,12,0,12,0,12,1790,268,94,89,1790,268,11,18,7,10,10,17,0,12,1790,268,68,65,0,12,0,12,1540,221,170,136,0,12
"5281","060377001021","Block Group 1, Census Tract 7001.02, Los Angeles County, California",1277,289,0,12,0,12,0,12,0,12,0,12,0,12,0,12,0,12,0,12,0,12,65,106,0,12,0,12,0,12,0,12,0,12,0,12,0,12,73,72,17,29,0,12,0,12,0,12,0,12,1305,291,201,153,1327,292,0,12,0,12,55,51,0,12,1327,292,45,54,0,12,95,122,1004,311,84,64,0,12
"5282","060379203373","Block Group 3, Census Tract 9203.37, Los Angeles County, California",1741,384,0,12,0,12,0,12,0,12,0,12,0,12,0,12,0,12,7,14,10,18,0,12,0,12,27,43,0,12,0,12,0,12,18,30,0,12,0,12,0,12,0,12,0,12,0,12,0,12,1941,404,520,225,1941,404,12,19,126,58,22,35,0,12,1941,404,329,254,0,12,207,179,480,166,820,324,0,12
"5283","060374061024","Block Group 4, Census Tract 4061.02, Los Angeles County, California",1459,417,0,12,0,12,0,12,0,12,0,12,0,12,0,12,0,12,39,46,0,12,0,12,0,12,0,12,0,12,0,12,0,12,11,20,0,12,0,12,0,12,0,12,0,12,0,12,0,12,1536,443,37,67,1536,443,17,27,95,76,101,88,0,12,1536,443,183,134,0,12,0,12,278,135,1075,418,0,12
"5284","060379012091","Block Group 1, Census Tract 9012.09, Los Angeles County, California",1567,288,0,12,0,12,0,12,0,12,0,12,0,12,0,12,0,12,2,6,0,12,6,8,0,12,9,14,0,12,0,12,0,12,1,6,0,12,0,12,0,12,0,12,0,12,0,12,0,12,1610,311,152,84,1634,305,20,26,35,33,57,58,0,12,1634,305,45,40,0,12,55,65,922,170,540,299,11,16
"5285","060375769042","Block Group 2, Census Tract 5769.04, Los Angeles County, California",1464,347,0,12,0,12,0,12,0,12,0,12,0,12,0,12,0,12,25,29,0,12,0,12,0,12,0,12,0,12,0,12,0,12,17,27,0,12,0,12,0,12,12,19,0,12,0,12,0,12,1465,353,414,219,1495,353,11,18,105,68,49,52,0,12,1495,353,113,75,0,12,256,147,583,184,408,179,0,12
"5286","060374636011","Block Group 1, Census Tract 4636.01, Los Angeles County, California",626,154,0,12,0,12,0,12,0,12,0,12,0,12,0,12,0,12,0,12,0,12,0,12,0,12,11,19,0,12,0,12,0,12,0,12,0,12,0,12,0,12,8,18,0,12,0,12,0,12,653,177,100,64,653,177,0,12,23,31,0,12,0,12,653,177,126,72,17,26,54,52,343,111,61,47,0,12
"5287","060378003326","Block Group 6, Census Tract 8003.32, Los Angeles County, California",1198,366,0,12,0,12,0,12,0,12,0,12,0,12,0,12,0,12,0,12,0,12,0,12,0,12,8,28,0,12,0,12,0,12,0,12,0,12,0,12,0,12,0,12,0,12,0,12,0,12,1198,366,14,27,1198,366,0,12,0,12,0,12,0,12,1198,366,153,108,0,12,0,12,889,364,15,28,0,12
"5288","060374080061","Block Group 1, Census Tract 4080.06, Los Angeles County, California",3197,357,0,12,0,12,0,12,0,12,0,12,0,12,0,12,0,12,27,22,22,26,0,12,0,12,46,35,19,24,0,12,0,12,20,34,27,38,0,12,0,12,104,59,26,35,0,12,0,12,3344,376,490,245,3344,376,13,20,30,44,81,57,0,12,3344,376,1795,337,9,15,133,106,118,94,1223,366,0,12
"5289","060374024061","Block Group 1, Census Tract 4024.06, Los Angeles County, California",1203,394,0,12,0,12,0,12,0,12,0,12,0,12,0,12,0,12,148,90,125,95,0,12,0,12,0,12,0,12,0,12,0,12,0,12,25,41,0,12,0,12,0,12,0,12,0,12,0,12,1269,409,547,270,1269,409,46,56,147,89,82,60,0,12,1269,409,74,75,0,12,86,83,14,23,1095,409,0,12
"5290","060376508002","Block Group 2, Census Tract 6508, Los Angeles County, California",1210,295,0,12,0,12,0,12,0,12,29,45,0,12,0,12,0,12,0,12,0,12,0,12,0,12,61,61,0,12,0,12,0,12,0,12,0,12,0,12,0,12,0,12,0,12,0,12,0,12,1313,322,195,122,1313,322,30,47,0,12,29,47,0,12,1313,322,880,317,0,12,42,50,363,95,28,32,0,12
"5291","060372943011","Block Group 1, Census Tract 2943.01, Los Angeles County, California",1306,233,0,12,0,12,0,12,0,12,0,12,0,12,0,12,0,12,64,37,17,26,0,12,0,12,0,12,0,12,0,12,0,12,5,9,28,43,0,12,0,12,6,9,0,12,0,12,0,12,1431,257,42,42,1431,257,0,12,39,32,7,9,0,12,1431,257,112,108,0,12,0,12,110,54,1193,240,0,12
"5292","060372781022","Block Group 2, Census Tract 2781.02, Los Angeles County, California",1366,223,0,12,0,12,0,12,0,12,0,12,0,12,0,12,0,12,0,12,0,12,0,12,0,12,0,12,0,12,0,12,0,12,0,12,0,12,0,12,0,12,0,12,0,12,0,12,0,12,1375,224,26,22,1375,224,9,14,8,12,55,34,0,12,1375,224,142,90,0,12,31,36,1080,192,90,72,0,12
"5293","060379800091","Block Group 1, Census Tract 9800.09, Los Angeles County, California",5,7,0,12,0,12,0,12,0,12,0,12,0,12,0,12,0,12,0,12,0,12,0,12,0,12,0,12,0,12,0,12,0,12,0,12,0,12,0,12,0,12,0,12,0,12,0,12,0,12,0,12,0,12,5,7,0,12,0,12,0,12,0,12,5,7,1,2,0,12,0,12,0,12,4,6,0,12
"5294","060376702012","Block Group 2, Census Tract 6702.01, Los Angeles County, California",2458,292,0,12,0,12,0,12,0,12,0,12,0,12,0,12,0,12,0,12,0,12,0,12,0,12,0,12,0,12,0,12,0,12,0,12,0,12,0,12,0,12,0,12,0,12,0,12,0,12,2609,290,136,113,2609,290,11,17,0,12,105,92,0,12,2609,290,659,218,0,12,0,12,1592,221,277,168,0,12
"5295","060372410011","Block Group 1, Census Tract 2410.01, Los Angeles County, California",1092,402,0,12,0,12,0,12,0,12,0,12,0,12,0,12,0,12,74,50,100,75,0,12,0,12,0,12,0,12,0,12,0,12,35,57,0,12,0,12,0,12,0,12,0,12,0,12,0,12,1186,431,121,142,1186,431,0,12,52,42,40,41,0,12,1186,431,0,12,0,12,498,333,0,12,688,336,0,12
"5296","060372404023","Block Group 3, Census Tract 2404.02, Los Angeles County, California",1336,354,0,12,29,39,0,12,0,12,0,12,0,12,0,12,0,12,103,95,35,47,0,12,0,12,0,12,0,12,0,12,0,12,0,12,0,12,0,12,0,12,0,12,0,12,0,12,0,12,1501,404,728,319,1501,404,0,12,30,37,34,40,0,12,1501,404,2,5,0,12,534,218,22,24,930,404,0,12
"5297","060376025072","Block Group 2, Census Tract 6025.07, Los Angeles County, California",1795,345,0,12,0,12,0,12,0,12,0,12,0,12,0,12,0,12,60,47,0,12,31,38,0,12,0,12,0,12,0,12,0,12,0,12,0,12,0,12,0,12,12,21,0,12,0,12,0,12,1989,382,188,139,1989,382,0,12,31,50,101,69,0,12,1989,382,80,75,0,12,1321,391,99,96,489,215,0,12
"5298","060375330011","Block Group 1, Census Tract 5330.01, Los Angeles County, California",1691,502,0,12,22,34,0,12,0,12,0,12,0,12,0,12,0,12,122,109,120,97,0,12,0,12,0,12,0,12,0,12,0,12,100,95,14,24,0,12,0,12,0,12,0,12,0,12,0,12,1869,568,656,445,1869,568,22,34,163,104,101,95,22,34,1869,568,0,12,0,12,65,78,14,22,1790,566,0,12
"5299","060372951031","Block Group 1, Census Tract 2951.03, Los Angeles County, California",3494,469,0,12,0,12,0,12,0,12,45,65,0,12,0,12,0,12,0,12,0,12,20,33,0,12,53,56,0,12,0,12,0,12,0,12,0,12,15,26,0,12,0,12,0,12,0,12,0,12,3665,504,63,47,3665,504,0,12,9,21,45,55,0,12,3665,504,741,228,62,61,214,158,1552,367,1048,390,0,12
"5300","060372751011","Block Group 1, Census Tract 2751.01, Los Angeles County, California",1101,104,0,12,0,12,0,12,0,12,0,12,0,12,0,12,0,12,0,12,0,12,27,29,0,12,7,11,0,12,0,12,0,12,9,8,0,12,0,12,22,37,9,12,6,11,0,12,0,12,1161,109,117,82,1161,109,0,12,27,21,11,13,0,12,1161,109,311,118,0,12,24,22,468,90,298,94,0,12
"5301","060374613004","Block Group 4, Census Tract 4613, Los Angeles County, California",1228,286,0,12,0,12,0,12,0,12,0,12,0,12,0,12,0,12,0,12,0,12,0,12,0,12,0,12,0,12,0,12,0,12,0,12,0,12,128,110,17,29,0,12,0,12,0,12,51,68,1294,308,147,133,1294,308,0,12,36,59,0,12,0,12,1294,308,250,205,0,12,0,12,975,294,24,39,0,12
"5302","060375758022","Block Group 2, Census Tract 5758.02, Los Angeles County, California",2543,480,34,41,0,12,0,12,0,12,0,12,0,12,0,12,0,12,357,145,54,45,0,12,0,12,17,28,18,28,0,12,0,12,18,27,28,28,0,12,0,12,0,12,0,12,0,12,0,12,2927,567,1065,389,2927,567,126,96,329,147,306,144,0,12,2927,567,151,171,28,43,309,223,246,110,2180,534,0,12
"5303","060371133011","Block Group 1, Census Tract 1133.01, Los Angeles County, California",737,171,10,17,0,12,0,12,0,12,0,12,0,12,0,12,0,12,12,18,0,12,0,12,0,12,0,12,0,12,0,12,0,12,0,12,43,33,0,12,0,12,0,12,0,12,0,12,0,12,737,171,8,14,737,171,0,12,0,12,0,12,0,12,737,171,136,79,0,12,0,12,429,144,172,117,0,12
"5304","060371173031","Block Group 1, Census Tract 1173.03, Los Angeles County, California",2477,288,0,12,0,12,13,21,0,12,0,12,0,12,0,12,0,12,53,62,0,12,13,22,0,12,47,52,0,12,0,12,0,12,33,40,0,12,9,16,0,12,0,12,0,12,0,12,0,12,2576,333,392,221,2576,333,0,12,9,15,88,100,0,12,2582,336,480,176,0,12,148,171,753,239,1112,385,3,6
"5305","060371926202","Block Group 2, Census Tract 1926.20, Los Angeles County, California",1462,312,12,22,0,12,0,12,0,12,0,12,0,12,0,12,0,12,278,122,195,166,0,12,0,12,43,36,0,12,0,12,0,12,19,29,48,53,7,14,0,12,40,34,0,12,0,12,0,12,1666,347,239,168,1678,359,104,157,132,115,182,137,0,12,1678,359,418,191,0,12,22,48,94,90,1122,331,0,12
"5306","060371974101","Block Group 1, Census Tract 1974.10, Los Angeles County, California",1139,182,0,12,0,12,0,12,0,12,0,12,0,12,0,12,0,12,0,12,0,12,0,12,0,12,20,31,0,12,0,12,0,12,54,55,30,47,0,12,0,12,11,16,10,16,0,12,0,12,1198,186,132,99,1198,186,0,12,0,12,29,23,0,12,1198,186,212,81,0,12,9,15,571,137,336,148,15,22
"5307","060372095102","Block Group 2, Census Tract 2095.10, Los Angeles County, California",1780,248,19,28,11,16,0,12,0,12,19,22,0,12,0,12,0,12,324,124,201,103,0,12,0,12,92,49,24,27,0,12,11,16,26,37,10,17,0,12,0,12,7,12,35,26,0,12,0,12,1887,273,703,253,1887,273,13,20,278,95,352,135,14,17,1892,273,359,129,0,12,45,41,61,41,1325,289,0,12
"5308","060373004001","Block Group 1, Census Tract 3004, Los Angeles County, California",792,268,0,12,0,12,0,12,0,12,0,12,0,12,0,12,0,12,19,28,0,12,13,20,0,12,0,12,0,12,0,12,0,12,0,12,0,12,0,12,89,141,19,31,0,12,0,12,0,12,812,278,125,181,812,278,0,12,15,25,24,47,0,12,812,278,132,114,0,12,0,12,510,254,170,186,0,12
"5309","060372655101","Block Group 1, Census Tract 2655.10, Los Angeles County, California",2789,446,0,12,0,12,0,12,0,12,0,12,28,46,0,12,0,12,0,12,0,12,0,12,0,12,90,72,0,12,0,12,0,12,0,12,0,12,20,33,0,12,23,37,19,30,14,22,0,12,2971,496,1173,389,2971,496,0,12,235,149,0,12,19,30,2971,496,1345,339,0,12,0,12,1279,342,212,141,42,68
"5310","060372675012","Block Group 2, Census Tract 2675.01, Los Angeles County, California",1692,738,0,12,0,12,0,12,0,12,0,12,0,12,0,12,0,12,350,551,0,12,0,12,0,12,11,20,0,12,0,12,0,12,0,12,0,12,0,12,0,12,0,12,0,12,0,12,0,12,1751,736,167,130,1751,736,0,12,260,363,151,192,0,12,1751,736,248,139,0,12,38,55,744,243,625,771,0,12
"5311","060379200314","Block Group 4, Census Tract 9200.31, Los Angeles County, California",1480,252,0,12,0,12,0,12,0,12,0,12,0,12,0,12,0,12,0,12,0,12,0,12,0,12,12,19,0,12,0,12,0,12,0,12,0,12,0,12,0,12,0,12,0,12,0,12,0,12,1589,277,141,116,1589,277,14,22,95,108,108,89,0,12,1589,277,186,124,0,12,166,128,530,161,664,238,0,12
"5312","060379104012","Block Group 2, Census Tract 9104.01, Los Angeles County, California",2507,494,0,12,0,12,0,12,0,12,0,12,0,12,0,12,0,12,0,12,0,12,0,12,0,12,0,12,0,12,0,12,0,12,0,12,0,12,0,12,0,12,0,12,0,12,0,12,0,12,2639,541,159,186,2719,548,19,29,49,76,47,54,0,12,2719,548,235,214,0,12,120,135,750,264,1381,390,61,62
"5313","060379203363","Block Group 3, Census Tract 9203.36, Los Angeles County, California",2031,396,11,18,0,12,0,12,0,12,0,12,0,12,0,12,0,12,362,205,229,133,9,14,0,12,0,12,0,12,0,12,0,12,0,12,25,40,0,12,0,12,0,12,0,12,0,12,0,12,2237,445,655,322,2237,445,48,61,111,72,384,209,0,12,2237,445,93,89,0,12,10,16,51,37,2053,430,0,12
"5314","060379200442","Block Group 2, Census Tract 9200.44, Los Angeles County, California",566,110,0,12,0,12,0,12,0,12,0,12,0,12,0,12,0,12,0,12,0,12,7,11,5,8,0,12,0,12,0,12,0,12,0,12,0,12,0,12,5,8,0,12,0,12,0,12,0,12,596,117,63,45,596,117,0,12,18,26,21,22,0,12,596,117,42,44,0,12,2,4,245,71,270,103,0,12
"5315","060375717041","Block Group 1, Census Tract 5717.04, Los Angeles County, California",1293,337,0,12,0,12,0,12,0,12,0,12,0,12,0,12,0,12,81,54,0,12,0,12,0,12,14,22,0,12,0,12,0,12,12,14,5,9,0,12,0,12,0,12,0,12,0,12,0,12,1340,354,259,211,1345,352,16,26,42,46,97,81,0,12,1345,352,41,64,0,12,149,104,188,99,912,356,33,47
"5316","060375704031","Block Group 1, Census Tract 5704.03, Los Angeles County, California",1294,376,0,12,0,12,0,12,0,12,0,12,0,12,0,12,0,12,110,85,66,40,0,12,0,12,0,12,0,12,0,12,0,12,14,23,11,19,0,12,0,12,15,24,0,12,0,12,0,12,1579,445,329,287,1579,445,114,124,160,111,12,19,14,23,1579,445,165,175,0,12,0,12,0,12,1374,437,0,12
"5317","060375523022","Block Group 2, Census Tract 5523.02, Los Angeles County, California",457,213,0,12,0,12,0,12,0,12,0,12,0,12,0,12,0,12,9,16,0,12,0,12,0,12,11,21,0,12,0,12,0,12,9,15,0,12,0,12,0,12,0,12,0,12,0,12,0,12,493,221,29,50,493,221,16,27,18,24,38,45,0,12,493,221,42,50,12,20,0,12,98,95,321,193,0,12
"5318","060375031041","Block Group 1, Census Tract 5031.04, Los Angeles County, California",505,210,0,12,0,12,0,12,0,12,0,12,0,12,0,12,0,12,67,62,77,69,0,12,0,12,0,12,0,12,0,12,0,12,0,12,14,21,0,12,0,12,0,12,0,12,0,12,0,12,505,210,240,209,505,210,0,12,18,25,16,25,0,12,505,210,20,25,0,12,0,12,16,25,469,219,0,12
"5319","060375506022","Block Group 2, Census Tract 5506.02, Los Angeles County, California",1058,270,0,12,0,12,0,12,0,12,9,14,0,12,0,12,0,12,34,34,0,12,0,12,0,12,9,13,0,12,0,12,0,12,13,21,35,41,0,12,0,12,0,12,0,12,0,12,0,12,1087,275,126,126,1087,275,8,13,28,43,7,12,0,12,1087,275,80,89,0,12,0,12,160,75,847,273,0,12
"5320","060375506011","Block Group 1, Census Tract 5506.01, Los Angeles County, California",2259,417,0,12,0,12,0,12,0,12,12,20,0,12,0,12,0,12,201,114,114,127,0,12,0,12,21,34,0,12,0,12,0,12,37,56,29,33,0,12,0,12,0,12,0,12,0,12,0,12,2398,440,386,251,2398,440,0,12,20,24,77,65,0,12,2398,440,120,82,0,12,117,77,334,151,1772,473,0,12
"5321","060375502022","Block Group 2, Census Tract 5502.02, Los Angeles County, California",1859,397,0,12,0,12,0,12,0,12,0,12,0,12,0,12,0,12,122,86,10,16,8,13,0,12,0,12,0,12,0,12,0,12,22,24,33,49,0,12,0,12,0,12,0,12,0,12,0,12,2049,423,385,270,2049,423,9,14,22,25,27,33,0,12,2049,423,146,103,0,12,166,187,212,117,1480,400,45,64
"5322","060375502024","Block Group 4, Census Tract 5502.02, Los Angeles County, California",580,227,0,12,0,12,0,12,0,12,0,12,0,12,0,12,0,12,40,42,0,12,0,12,0,12,0,12,0,12,0,12,0,12,0,12,13,19,0,12,0,12,0,12,0,12,0,12,0,12,624,252,0,12,624,252,30,35,7,12,50,66,0,12,624,252,39,30,11,18,0,12,85,55,434,217,0,12
"5323","060376504015","Block Group 5, Census Tract 6504.01, Los Angeles County, California",711,191,0,12,0,12,0,12,0,12,0,12,0,12,0,12,0,12,0,12,0,12,0,12,0,12,9,15,25,38,0,12,0,12,0,12,0,12,0,12,0,12,0,12,0,12,0,12,0,12,739,201,13,22,739,201,0,12,0,12,25,30,0,12,739,201,157,120,0,12,0,12,383,128,193,108,0,12
"5324","060376500042","Block Group 2, Census Tract 6500.04, Los Angeles County, California",849,235,0,12,0,12,10,16,0,12,0,12,0,12,0,12,0,12,5,9,0,12,86,111,0,12,33,31,0,12,0,12,0,12,0,12,0,12,0,12,0,12,0,12,0,12,0,12,0,12,871,231,127,95,871,231,15,29,0,12,66,107,0,12,871,231,435,190,0,12,81,118,123,80,190,114,0,12
"5325","060377001013","Block Group 3, Census Tract 7001.01, Los Angeles County, California",703,198,0,12,0,12,0,12,0,12,0,12,0,12,0,12,0,12,0,12,0,12,0,12,0,12,0,12,0,12,0,12,0,12,0,12,0,12,127,116,89,94,0,12,0,12,0,12,0,12,773,227,163,136,773,227,0,12,52,85,0,12,0,12,773,227,10,17,50,83,0,12,639,190,52,85,0,12
"5326","060371899021","Block Group 1, Census Tract 1899.02, Los Angeles County, California",1425,376,0,12,0,12,0,12,0,12,0,12,0,12,0,12,0,12,0,12,0,12,0,12,0,12,0,12,0,12,0,12,0,12,0,12,0,12,42,50,48,78,0,12,0,12,0,12,0,12,1435,383,275,158,1435,383,0,12,30,35,56,55,0,12,1435,383,82,60,0,12,0,12,1236,357,117,130,0,12
"5327","060371909022","Block Group 2, Census Tract 1909.02, Los Angeles County, California",1742,357,0,12,0,12,0,12,0,12,0,12,0,12,0,12,0,12,328,190,79,84,21,23,0,12,0,12,0,12,0,12,0,12,0,12,0,12,37,35,13,19,0,12,0,12,23,37,0,12,1793,379,341,140,1808,377,0,12,172,121,153,92,0,12,1808,377,61,44,0,12,79,63,336,139,1303,390,0,12
"5328","060371395041","Block Group 1, Census Tract 1395.04, Los Angeles County, California",2336,359,0,12,0,12,0,12,0,12,0,12,0,12,0,12,0,12,29,46,0,12,81,68,11,16,7,12,0,12,22,34,0,12,0,12,0,12,110,93,50,49,0,12,0,12,17,28,0,12,2436,377,561,305,2436,377,0,12,79,68,110,69,10,16,2436,377,47,47,0,12,79,59,1847,378,328,175,0,12
"5329","060371395032","Block Group 2, Census Tract 1395.03, Los Angeles County, California",2446,449,2,30,0,12,0,12,0,12,0,12,0,12,0,12,0,12,31,47,0,12,81,92,46,69,0,12,0,12,0,12,0,12,0,12,0,12,48,48,60,75,0,12,0,12,0,12,0,12,2597,499,653,372,2597,499,0,12,87,92,194,191,0,12,2597,499,85,114,0,12,135,160,1905,417,463,309,0,12
"5330","060371371031","Block Group 1, Census Tract 1371.03, Los Angeles County, California",2729,379,0,12,0,12,0,12,0,12,0,12,0,12,0,12,0,12,0,12,0,12,42,69,0,12,91,94,27,56,0,12,0,12,0,12,0,12,15,25,0,12,0,12,0,12,0,12,0,12,2901,424,113,103,2901,424,0,12,37,60,106,109,0,12,2901,424,708,351,0,12,61,60,1494,317,577,245,25,44
"5331","060371345221","Block Group 1, Census Tract 1345.22, Los Angeles County, California",3944,308,49,64,0,12,0,12,0,12,0,12,0,12,0,12,0,12,565,143,115,66,0,12,8,14,0,12,0,12,0,12,0,12,102,73,24,37,0,12,0,12,0,12,0,12,0,12,0,12,4167,323,1228,364,4167,323,169,179,303,159,355,133,0,12,4167,323,91,78,0,12,178,135,547,153,3228,398,0,12
"5332","060373012063","Block Group 3, Census Tract 3012.06, Los Angeles County, California",712,165,0,12,0,12,0,12,0,12,0,12,0,12,0,12,0,12,0,12,0,12,13,19,0,12,15,16,4,10,0,12,0,12,0,12,0,12,10,14,19,31,12,21,0,12,0,12,0,12,746,176,21,21,746,176,9,13,36,40,58,50,0,12,746,176,137,106,0,12,3,7,523,162,80,64,0,12
"5333","060373012053","Block Group 3, Census Tract 3012.05, Los Angeles County, California",778,114,0,12,0,12,0,12,0,12,0,12,0,12,0,12,0,12,0,12,0,12,4,7,0,12,0,12,0,12,0,12,0,12,0,12,0,12,0,12,0,12,0,12,36,57,0,12,0,12,839,128,38,40,838,128,24,41,21,30,42,40,0,12,839,128,142,96,0,12,29,33,594,128,67,62,0,12
"5334","060374044024","Block Group 4, Census Tract 4044.02, Los Angeles County, California",807,390,0,12,0,12,0,12,0,12,0,12,0,12,0,12,0,12,100,105,0,12,0,12,0,12,0,12,0,12,0,12,0,12,10,12,4,8,3,9,0,12,0,12,4,8,0,12,0,12,742,381,6,9,742,381,0,12,0,12,114,123,0,12,816,392,33,36,22,43,4,9,62,51,691,397,0,12
"5335","060374087222","Block Group 2, Census Tract 4087.22, Los Angeles County, California",1925,305,0,12,0,12,0,12,0,12,0,12,0,12,0,12,0,12,0,12,0,12,0,12,0,12,122,69,61,38,0,12,0,12,0,12,0,12,0,12,0,12,29,29,25,27,0,12,0,12,2077,320,213,121,2077,320,0,12,107,71,45,39,0,12,2077,320,1152,310,132,141,0,12,213,156,570,233,10,16
"5336","060375344041","Block Group 1, Census Tract 5344.04, Los Angeles County, California",2006,301,0,12,0,12,0,12,0,12,0,12,0,12,0,12,0,12,289,122,56,42,0,12,0,12,0,12,0,12,0,12,0,12,44,45,31,42,0,12,0,12,0,12,0,12,0,12,0,12,2074,304,527,235,2081,304,15,24,114,72,294,119,27,41,2081,304,0,12,0,12,12,19,143,132,1926,307,0,12
"5337","060375417003","Block Group 3, Census Tract 5417, Los Angeles County, California",1028,427,26,39,0,12,0,12,0,12,0,12,0,12,0,12,0,12,10,16,27,33,0,12,0,12,0,12,0,12,0,12,0,12,0,12,15,23,0,12,0,12,0,12,0,12,0,12,0,12,1137,481,72,74,1137,481,67,102,85,79,86,82,0,12,1137,481,3,8,0,12,230,120,10,15,894,479,0,12
"5338","060377028032","Block Group 2, Census Tract 7028.03, Los Angeles County, California",1027,234,0,12,0,12,0,12,0,12,0,12,0,12,0,12,0,12,80,72,0,12,0,12,0,12,0,12,0,12,0,12,0,12,3,6,6,14,0,12,3,7,3,6,3,6,0,12,0,12,1085,266,63,98,1099,266,0,12,47,47,129,90,21,30,1182,277,131,79,0,12,31,44,352,124,594,271,0,12
"5339","060372715003","Block Group 3, Census Tract 2715, Los Angeles County, California",1314,172,0,12,0,12,0,12,0,12,0,12,0,12,13,20,0,12,0,12,0,12,0,12,0,12,10,17,0,12,0,12,0,12,0,12,0,12,0,12,0,12,0,12,0,12,0,12,0,12,1401,183,122,74,1401,183,23,35,11,18,48,36,0,12,1401,183,145,68,0,12,20,22,1091,170,105,56,16,24
"5340","060372772002","Block Group 2, Census Tract 2772, Los Angeles County, California",0,12,0,12,0,12,0,12,0,12,0,12,0,12,0,12,0,12,0,12,0,12,0,12,0,12,0,12,0,12,0,12,0,12,0,12,0,12,0,12,0,12,0,12,0,12,0,12,0,12,0,12,0,12,0,12,0,12,0,12,0,12,0,12,0,12,0,12,0,12,0,12,0,12,0,12,0,12
"5341","060372014012","Block Group 2, Census Tract 2014.01, Los Angeles County, California",1934,509,11,18,0,12,0,12,0,12,0,12,0,12,0,12,0,12,197,124,22,33,0,12,0,12,14,23,24,37,0,12,0,12,26,41,72,49,0,12,0,12,32,49,18,29,0,12,0,12,1972,516,174,171,1989,518,0,12,86,71,60,40,0,12,1989,518,227,141,0,12,19,31,103,70,1627,517,0,12
"5342","060379903000","Block Group 0, Census Tract 9903, Los Angeles County, California",0,12,0,12,0,12,0,12,0,12,0,12,0,12,0,12,0,12,0,12,0,12,0,12,0,12,0,12,0,12,0,12,0,12,0,12,0,12,0,12,0,12,0,12,0,12,0,12,0,12,0,12,0,12,0,12,0,12,0,12,0,12,0,12,0,12,0,12,0,12,0,12,0,12,0,12,0,12
"5343","060379800311","Block Group 1, Census Tract 9800.31, Los Angeles County, California",1155,170,5,7,0,12,0,12,0,12,0,12,0,12,0,12,0,12,15,21,11,20,0,12,0,12,0,12,0,12,13,24,0,12,0,12,0,12,0,12,0,12,0,12,0,12,0,12,0,12,49,59,0,12,49,59,0,12,0,12,0,12,0,12,1175,178,36,37,24,31,232,97,393,108,387,104,26,34
"5344","060372199023","Block Group 3, Census Tract 2199.02, Los Angeles County, California",825,380,0,12,0,12,0,12,0,12,0,12,0,12,0,12,0,12,193,177,27,44,0,12,0,12,0,12,0,12,0,12,0,12,0,12,10,15,0,12,0,12,0,12,0,12,0,12,0,12,825,380,45,47,825,380,0,12,191,312,146,94,0,12,825,380,63,77,0,12,69,64,76,50,535,310,0,12
"5345","060372187022","Block Group 2, Census Tract 2187.02, Los Angeles County, California",1122,177,0,12,0,12,0,12,0,12,0,12,0,12,0,12,0,12,111,65,30,25,0,12,0,12,0,12,0,12,0,12,0,12,19,28,0,12,0,12,0,12,0,12,0,12,5,9,0,12,1228,197,253,139,1228,197,22,18,24,30,67,48,8,14,1228,197,52,58,0,12,411,127,114,72,646,206,0,12
"5346","060376207025","Block Group 5, Census Tract 6207.02, Los Angeles County, California",1438,327,0,12,0,12,0,12,0,12,0,12,0,12,0,12,0,12,0,12,0,12,0,12,0,12,0,12,0,12,0,12,0,12,0,12,0,12,0,12,0,12,0,12,0,12,0,12,0,12,1656,399,43,40,1656,399,0,12,13,33,7,17,0,12,1656,399,276,201,0,12,50,55,910,257,304,281,0,12
"5347","060376214003","Block Group 3, Census Tract 6214, Los Angeles County, California",347,140,0,12,0,12,0,12,0,12,0,12,0,12,0,12,0,12,0,12,0,12,0,12,0,12,0,12,0,12,0,12,0,12,0,12,0,12,0,12,0,12,0,12,0,12,0,12,0,12,385,154,0,12,385,154,0,12,0,12,0,12,0,12,385,154,28,33,0,12,61,92,262,124,34,57,0,12
"5348","060377022025","Block Group 5, Census Tract 7022.02, Los Angeles County, California",545,148,0,12,0,12,0,12,0,12,0,12,0,12,0,12,0,12,0,12,0,12,0,12,0,12,0,12,0,12,0,12,0,12,0,12,0,12,0,12,0,12,0,12,0,12,0,12,0,12,566,155,105,113,566,155,0,12,0,12,52,78,0,12,566,155,53,45,0,12,0,12,423,135,81,64,0,12
"5349","060377026006","Block Group 6, Census Tract 7026, Los Angeles County, California",1252,368,0,12,0,12,0,12,0,12,0,12,0,12,0,12,0,12,5,11,0,12,3,8,0,12,28,41,0,12,0,12,0,12,5,11,0,12,0,12,0,12,54,61,16,27,0,12,0,12,1212,364,16,27,1212,364,0,12,0,12,0,12,0,12,1294,374,326,244,0,12,220,223,526,187,154,143,0,12
"5350","060377026001","Block Group 1, Census Tract 7026, Los Angeles County, California",608,195,0,12,0,12,0,12,0,12,0,12,0,12,0,12,0,12,0,12,0,12,0,12,21,34,0,12,0,12,0,12,0,12,0,12,0,12,0,12,0,12,0,12,0,12,0,12,0,12,629,199,0,12,629,199,39,48,0,12,0,12,0,12,629,199,42,67,38,62,0,12,432,151,50,83,0,12
"5351","060377032001","Block Group 1, Census Tract 7032, Los Angeles County, California",1082,301,0,12,0,12,0,12,0,12,0,12,0,12,0,12,0,12,0,12,0,12,0,12,0,12,0,12,0,12,0,12,0,12,0,12,0,12,0,12,0,12,0,12,0,12,0,12,0,12,1145,330,268,203,1152,329,0,12,24,39,0,12,0,12,1152,329,89,111,0,12,852,299,98,140,113,133,0,12
"5352","060377032002","Block Group 2, Census Tract 7032, Los Angeles County, California",1123,387,0,12,0,12,0,12,0,12,0,12,0,12,0,12,0,12,0,12,0,12,0,12,0,12,0,12,0,12,0,12,0,12,0,12,0,12,0,12,0,12,0,12,0,12,0,12,0,12,1123,387,0,12,1123,387,0,12,0,12,0,12,0,12,1123,387,0,12,0,12,985,416,14,22,72,118,0,12
"5353","060378003252","Block Group 2, Census Tract 8003.25, Los Angeles County, California",1839,230,0,12,0,12,0,12,0,12,0,12,0,12,0,12,0,12,0,12,0,12,0,12,0,12,0,12,0,12,0,12,0,12,0,12,0,12,0,12,0,12,0,12,0,12,0,12,0,12,1905,237,46,26,1905,237,0,12,0,12,0,12,0,12,1905,237,53,37,0,12,13,12,1656,223,68,73,0,12
"5354","060379005011","Block Group 1, Census Tract 9005.01, Los Angeles County, California",1142,371,0,12,0,12,0,12,0,12,0,12,0,12,0,12,0,12,56,64,4,8,0,12,0,12,0,12,0,12,0,12,0,12,18,28,0,12,0,12,0,12,0,12,0,12,0,12,0,12,1303,459,362,278,1327,469,0,12,15,24,63,49,0,12,1327,469,35,42,0,12,337,262,252,141,539,267,0,12
"5355","060379012053","Block Group 3, Census Tract 9012.05, Los Angeles County, California",2505,633,0,12,0,12,0,12,0,12,16,25,0,12,0,12,0,12,0,12,0,12,0,12,0,12,34,54,0,12,0,12,0,12,11,24,12,25,0,12,0,12,22,35,32,43,0,12,0,12,2541,641,267,129,2541,641,54,88,0,12,64,63,0,12,2600,644,245,178,0,12,908,665,973,257,387,263,0,12
"5356","060372406002","Block Group 2, Census Tract 2406, Los Angeles County, California",1579,472,0,12,16,23,0,12,0,12,0,12,0,12,0,12,0,12,179,113,106,78,0,12,0,12,0,12,0,12,0,12,0,12,24,36,36,43,0,12,0,12,0,12,0,12,0,12,0,12,1688,502,369,258,1688,502,0,12,46,54,46,51,0,12,1688,502,0,12,0,12,534,292,33,53,1121,467,0,12
"5357","060379203122","Block Group 2, Census Tract 9203.12, Los Angeles County, California",1979,396,0,12,0,12,0,12,0,12,0,12,0,12,0,12,0,12,38,55,0,12,0,12,0,12,0,12,0,12,0,12,0,12,0,12,0,12,0,12,0,12,0,12,0,12,0,12,0,12,2053,402,340,347,2053,402,0,12,40,38,21,25,0,12,2053,402,88,75,33,48,18,28,1263,242,545,325,20,31
"5358","060379203301","Block Group 1, Census Tract 9203.30, Los Angeles County, California",497,201,0,12,0,12,0,12,0,12,0,12,0,12,0,12,0,12,0,12,0,12,0,12,0,12,0,12,0,12,0,12,0,12,0,12,0,12,0,12,0,12,0,12,0,12,0,12,0,12,535,245,13,21,535,245,0,12,0,12,0,12,0,12,535,245,264,241,0,12,0,12,204,140,47,35,0,12
"5359","060379203304","Block Group 4, Census Tract 9203.30, Los Angeles County, California",1340,303,0,12,0,12,0,12,0,12,0,12,0,12,0,12,0,12,0,12,0,12,0,12,0,12,0,12,0,12,0,12,0,12,0,12,0,12,15,24,0,12,0,12,0,12,0,12,0,12,1352,306,136,81,1352,306,0,12,0,12,43,45,0,12,1373,305,105,118,2,4,20,19,860,186,354,214,0,12
"5360","060375400001","Block Group 1, Census Tract 5400, Los Angeles County, California",1925,481,16,25,0,12,0,12,0,12,0,12,0,12,0,12,0,12,330,198,63,69,0,12,0,12,0,12,0,12,0,12,0,12,63,56,51,68,0,12,0,12,0,12,0,12,0,12,0,12,2060,518,387,279,2060,518,47,76,127,137,209,117,11,20,2060,518,18,41,0,12,106,102,0,12,1921,505,0,12
"5361","060375400002","Block Group 2, Census Tract 5400, Los Angeles County, California",1919,665,0,12,0,12,0,12,0,12,0,12,0,12,0,12,0,12,380,199,38,37,0,12,0,12,0,12,0,12,0,12,0,12,28,40,23,21,0,12,0,12,0,12,0,12,0,12,0,12,2021,694,537,299,2021,694,57,89,30,48,283,151,0,12,2021,694,0,12,0,12,61,52,66,75,1894,706,0,12
"5362","060375409022","Block Group 2, Census Tract 5409.02, Los Angeles County, California",1147,309,0,12,0,12,0,12,0,12,0,12,0,12,0,12,0,12,17,22,0,12,0,12,0,12,0,12,0,12,0,12,0,12,0,12,0,12,0,12,0,12,0,12,0,12,0,12,0,12,1221,325,130,105,1221,325,0,12,51,71,0,12,26,30,1221,325,0,12,0,12,980,264,15,12,195,193,0,12
"5363","060375415002","Block Group 2, Census Tract 5415, Los Angeles County, California",605,240,0,12,0,12,0,12,0,12,0,12,0,12,0,12,0,12,15,25,13,21,0,12,0,12,0,12,0,12,0,12,0,12,0,12,0,12,0,12,0,12,0,12,0,12,0,12,0,12,732,296,52,77,732,296,26,41,37,40,15,25,0,12,732,296,0,12,0,12,0,12,0,12,732,296,0,12
"5364","060372218202","Block Group 2, Census Tract 2218.20, Los Angeles County, California",1344,319,0,12,0,12,0,12,0,12,0,12,0,12,0,12,0,12,0,12,0,12,0,12,0,12,8,12,0,12,0,12,0,12,0,12,0,12,0,12,0,12,0,12,0,12,0,12,0,12,1218,331,848,310,1344,319,0,12,24,20,32,41,0,12,1344,319,625,162,8,12,61,54,447,241,132,100,9,15
"5365","060374635003","Block Group 3, Census Tract 4635, Los Angeles County, California",2628,340,0,12,0,12,0,12,0,12,0,12,0,12,0,12,0,12,14,23,0,12,0,12,0,12,54,55,0,12,0,12,0,12,0,12,0,12,54,86,0,12,3,6,0,12,0,12,0,12,2734,349,244,128,2734,349,14,21,0,12,30,34,0,12,2766,352,690,198,0,12,151,141,1502,349,311,183,0,12
"5366","060374609001","Block Group 1, Census Tract 4609, Los Angeles County, California",1813,402,0,12,0,12,0,12,0,12,0,12,0,12,0,12,0,12,20,31,40,49,0,12,0,12,19,33,0,12,0,12,0,12,44,51,99,90,0,12,0,12,0,12,21,35,0,12,0,12,1840,403,401,174,1840,403,28,44,70,76,82,75,0,12,1847,402,245,177,0,12,383,224,301,179,918,469,0,12
"5367","060374609002","Block Group 2, Census Tract 4609, Los Angeles County, California",1408,437,0,12,0,12,0,12,0,12,0,12,0,12,0,12,0,12,274,141,64,63,0,12,0,12,29,29,0,12,0,12,0,12,0,12,29,41,0,12,0,12,19,30,0,12,0,12,0,12,1491,495,289,257,1491,495,0,12,107,85,107,78,14,23,1531,492,145,145,0,12,225,204,39,54,1088,488,0,12
"5368","060374611003","Block Group 3, Census Tract 4611, Los Angeles County, California",901,311,0,12,0,12,0,12,0,12,0,12,0,12,0,12,0,12,0,12,0,12,0,12,0,12,0,12,0,12,0,12,0,12,0,12,0,12,0,12,15,24,0,12,0,12,0,12,0,12,901,311,18,20,901,311,0,12,0,12,0,12,0,12,901,311,18,23,0,12,406,269,234,90,208,171,0,12
"5369","060374617001","Block Group 1, Census Tract 4617, Los Angeles County, California",587,112,0,12,1,2,0,12,0,12,0,12,0,12,0,12,0,12,0,12,8,11,0,12,0,12,0,12,0,12,0,12,0,12,0,12,0,12,0,12,0,12,0,12,0,12,0,12,0,12,581,108,33,42,597,117,0,12,8,12,0,12,0,12,605,116,58,36,0,12,105,58,265,81,160,89,0,12
"5370","060372422003","Block Group 3, Census Tract 2422, Los Angeles County, California",2415,436,0,12,0,12,0,12,0,12,0,12,0,12,0,12,0,12,293,148,75,56,0,12,0,12,0,12,0,12,0,12,0,12,46,37,34,35,0,12,0,12,0,12,0,12,0,12,0,12,2553,455,1159,379,2553,455,0,12,173,113,234,137,0,12,2553,455,10,16,0,12,742,296,12,11,1789,454,0,12
"5371","060372693005","Block Group 5, Census Tract 2693, Los Angeles County, California",534,152,7,13,0,12,8,13,0,12,0,12,0,12,0,12,0,12,0,12,0,12,0,12,0,12,0,12,0,12,0,12,0,12,0,12,0,12,0,12,0,12,0,12,0,12,0,12,0,12,544,152,19,22,544,152,0,12,45,74,33,54,0,12,544,152,50,58,0,12,0,12,415,114,67,81,0,12
"5372","060372287102","Block Group 2, Census Tract 2287.10, Los Angeles County, California",1287,284,11,16,0,12,0,12,0,12,0,12,0,12,0,12,0,12,186,84,247,131,0,12,0,12,0,12,0,12,0,12,0,12,0,12,0,12,0,12,0,12,39,43,0,12,0,12,0,12,1390,309,578,234,1390,309,0,12,85,58,188,85,0,12,1390,309,39,43,0,12,131,74,17,24,1203,320,0,12
"5373","060372325001","Block Group 1, Census Tract 2325, Los Angeles County, California",2149,559,12,18,0,12,0,12,0,12,0,12,0,12,0,12,0,12,117,60,25,31,0,12,0,12,0,12,0,12,0,12,0,12,92,83,13,23,0,12,0,12,0,12,11,19,0,12,0,12,2342,635,455,349,2356,636,10,23,181,150,143,89,0,12,2356,636,50,87,0,12,492,224,0,12,1803,599,0,12
"5374","060371289101","Block Group 1, Census Tract 1289.10, Los Angeles County, California",1358,256,0,12,0,12,0,12,0,12,0,12,0,12,0,12,0,12,10,16,0,12,18,19,0,12,0,12,0,12,0,12,0,12,0,12,0,12,0,12,0,12,0,12,0,12,0,12,0,12,1495,273,92,130,1512,278,0,12,74,82,33,41,0,12,1512,278,211,145,15,23,97,132,933,219,221,142,0,12
"5375","060371347102","Block Group 2, Census Tract 1347.10, Los Angeles County, California",2383,516,26,29,0,12,11,17,0,12,27,41,0,12,0,12,0,12,345,187,28,45,0,12,0,12,64,55,11,17,0,12,0,12,26,21,0,12,0,12,0,12,52,59,29,46,0,12,0,12,2688,550,759,339,2697,554,19,29,121,75,164,93,0,12,2697,554,617,333,59,85,25,38,553,172,1378,475,2,4
"5376","060371352021","Block Group 1, Census Tract 1352.02, Los Angeles County, California",1159,241,0,12,0,12,0,12,0,12,0,12,0,12,0,12,0,12,0,12,0,12,11,17,0,12,0,12,0,12,0,12,0,12,13,18,0,12,0,12,0,12,0,12,0,12,0,12,0,12,1189,236,60,70,1189,236,6,10,35,54,10,17,0,12,1189,236,244,145,0,12,59,77,667,187,132,105,0,12
"5377","060371398021","Block Group 1, Census Tract 1398.02, Los Angeles County, California",3874,333,0,12,0,12,0,12,0,12,0,12,0,12,0,12,0,12,0,12,0,12,18,20,0,12,0,12,0,12,0,12,0,12,0,12,0,12,27,30,0,12,0,12,0,12,0,12,0,12,4102,363,284,201,4126,376,30,32,17,26,11,17,0,12,4126,376,414,121,0,12,206,314,3019,352,283,145,0,12
"5378","060371413022","Block Group 2, Census Tract 1413.02, Los Angeles County, California",1215,274,0,12,0,12,0,12,0,12,0,12,0,12,0,12,0,12,0,12,0,12,0,12,0,12,0,12,0,12,0,12,0,12,0,12,0,12,0,12,0,12,0,12,0,12,0,12,0,12,1271,293,90,83,1271,293,0,12,0,12,39,64,0,12,1271,293,52,43,0,12,0,12,947,282,257,141,0,12
"5379","060375505003","Block Group 3, Census Tract 5505, Los Angeles County, California",1521,573,0,12,0,12,0,12,0,12,0,12,0,12,0,12,0,12,0,12,58,61,0,12,0,12,0,12,0,12,0,12,0,12,15,25,19,32,0,12,0,12,57,52,0,12,0,12,0,12,1619,626,46,78,1619,626,0,12,43,66,45,75,0,12,1619,626,335,289,0,12,0,12,129,103,1143,610,0,12
"5380","060372652012","Block Group 2, Census Tract 2652.01, Los Angeles County, California",377,108,0,12,0,12,0,12,0,12,0,12,0,12,0,12,0,12,0,12,0,12,3,5,0,12,3,5,0,12,0,12,0,12,0,12,0,12,0,12,0,12,0,12,0,12,0,12,0,12,178,72,58,37,393,114,0,12,11,20,0,12,0,12,393,114,101,58,0,12,30,28,154,78,78,44,0,12
"5381","060372345022","Block Group 2, Census Tract 2345.02, Los Angeles County, California",832,453,0,12,0,12,0,12,0,12,0,12,0,12,0,12,0,12,28,41,0,12,0,12,0,12,0,12,0,12,0,12,0,12,40,59,0,12,0,12,0,12,0,12,0,12,0,12,0,12,832,453,95,116,832,453,0,12,11,21,9,16,0,12,832,453,6,8,0,12,646,428,0,12,180,160,0,12
"5382","060372199011","Block Group 1, Census Tract 2199.01, Los Angeles County, California",1249,386,46,62,0,12,0,12,0,12,0,12,0,12,0,12,0,12,133,63,49,82,0,12,0,12,0,12,0,12,0,12,0,12,0,12,29,43,0,12,0,12,0,12,0,12,0,12,0,12,1297,394,404,209,1297,394,0,12,157,106,116,79,0,12,1297,394,9,15,0,12,181,164,68,55,1021,395,0,12
"5383","060371344222","Block Group 2, Census Tract 1344.22, Los Angeles County, California",3309,347,0,12,0,12,0,12,0,12,0,12,0,12,0,12,0,12,0,12,0,12,0,12,0,12,12,21,0,12,0,12,0,12,0,12,0,12,42,57,0,12,33,39,0,12,0,12,0,12,3440,382,152,106,3440,382,13,20,89,54,155,95,0,12,3440,382,699,216,0,12,71,73,1962,342,579,151,0,12
"5384","060371417003","Block Group 3, Census Tract 1417, Los Angeles County, California",648,222,0,12,0,12,0,12,0,12,0,12,0,12,0,12,0,12,0,12,0,12,0,12,0,12,0,12,0,12,0,12,0,12,0,12,0,12,0,12,0,12,0,12,0,12,0,12,0,12,704,231,0,12,704,231,0,12,0,12,0,12,0,12,704,231,82,87,0,12,0,12,492,170,109,144,0,12
"5385","060375711014","Block Group 4, Census Tract 5711.01, Los Angeles County, California",1265,300,0,12,0,12,0,12,0,12,0,12,0,12,0,12,0,12,0,12,0,12,0,12,0,12,0,12,0,12,0,12,0,12,0,12,0,12,0,12,0,12,0,12,0,12,0,12,0,12,1327,312,15,25,1327,312,0,12,0,12,0,12,0,12,1327,312,151,137,0,12,22,26,608,207,538,229,0,12
"5386","060375711011","Block Group 1, Census Tract 5711.01, Los Angeles County, California",430,119,0,12,0,12,0,12,0,12,0,12,0,12,0,12,0,12,0,12,0,12,0,12,0,12,0,12,0,12,0,12,0,12,0,12,0,12,0,12,0,12,0,12,0,12,0,12,0,12,472,131,41,39,472,131,0,12,10,16,0,12,0,12,472,131,36,37,0,12,0,12,327,110,62,60,0,12
"5387","060375711024","Block Group 4, Census Tract 5711.02, Los Angeles County, California",539,231,0,12,0,12,0,12,0,12,0,12,0,12,0,12,0,12,0,12,0,12,0,12,0,12,0,12,0,12,0,12,0,12,0,12,0,12,0,12,0,12,0,12,0,12,0,12,0,12,601,286,20,32,601,286,0,12,0,12,0,12,0,12,601,286,15,20,0,12,124,136,169,81,286,243,0,12
"5388","060375715023","Block Group 3, Census Tract 5715.02, Los Angeles County, California",2005,415,0,12,0,12,0,12,0,12,0,12,0,12,0,12,0,12,13,16,0,12,0,12,21,32,0,12,0,12,0,12,0,12,0,12,0,12,0,12,0,12,0,12,0,12,0,12,0,12,2116,431,102,88,2137,427,45,54,42,52,21,24,0,12,2137,427,497,163,0,12,454,267,559,245,522,231,0,12
"5389","060375715024","Block Group 4, Census Tract 5715.02, Los Angeles County, California",847,337,12,19,0,12,0,12,0,12,0,12,0,12,0,12,0,12,78,76,56,64,0,12,0,12,0,12,0,12,0,12,0,12,8,12,15,25,0,12,0,12,9,14,0,12,0,12,0,12,902,372,200,219,902,372,0,12,36,47,71,52,0,12,902,372,37,68,0,12,107,93,112,77,637,376,0,12
"5390","060377010003","Block Group 3, Census Tract 7010, Los Angeles County, California",817,275,0,12,0,12,0,12,0,12,0,12,0,12,0,12,0,12,0,12,0,12,0,12,0,12,0,12,0,12,0,12,0,12,0,12,0,12,0,12,0,12,0,12,0,12,0,12,0,12,817,275,90,91,817,275,0,12,0,12,21,34,0,12,817,275,68,108,0,12,0,12,696,234,27,43,26,41
"5391","060377029014","Block Group 4, Census Tract 7029.01, Los Angeles County, California",1145,332,0,12,0,12,0,12,0,12,0,12,0,12,0,12,0,12,0,12,0,12,0,12,0,12,0,12,0,12,0,12,0,12,0,12,0,12,0,12,0,12,0,12,0,12,0,12,0,12,1228,383,120,121,1228,383,0,12,0,12,0,12,0,12,1228,383,266,169,0,12,24,40,893,344,0,12,0,12
"5392","060377029013","Block Group 3, Census Tract 7029.01, Los Angeles County, California",3478,899,0,12,0,12,0,12,0,12,0,12,0,12,0,12,0,12,100,154,0,12,0,12,0,12,46,76,0,12,0,12,0,12,0,12,0,12,0,12,0,12,0,12,0,12,0,12,0,12,3681,992,1181,817,3727,1003,0,12,0,12,25,40,0,12,3727,1003,397,324,0,12,429,497,1994,551,722,587,0,12
"5393","060379011023","Block Group 3, Census Tract 9011.02, Los Angeles County, California",1473,267,0,12,0,12,0,12,0,12,0,12,0,12,0,12,0,12,42,55,0,12,0,12,0,12,0,12,0,12,0,12,0,12,0,12,0,12,0,12,0,12,0,12,0,12,0,12,0,12,1669,290,140,145,1682,295,0,12,27,40,55,42,0,12,1682,295,54,57,0,12,62,85,967,203,534,235,35,48
"5394","060375326051","Block Group 1, Census Tract 5326.05, Los Angeles County, California",577,241,0,12,0,12,0,12,0,12,0,12,0,12,0,12,0,12,50,59,0,12,0,12,0,12,0,12,0,12,0,12,0,12,0,12,0,12,0,12,0,12,0,12,0,12,0,12,0,12,637,297,166,210,637,297,8,12,20,31,87,78,0,12,637,297,0,12,0,12,6,10,22,34,609,292,0,12
"5395","060375355021","Block Group 1, Census Tract 5355.02, Los Angeles County, California",2269,698,0,12,0,12,0,12,0,12,0,12,0,12,0,12,0,12,371,218,282,193,0,12,0,12,0,12,0,12,0,12,0,12,25,34,110,92,0,12,0,12,0,12,0,12,0,12,0,12,2300,702,359,195,2300,702,48,50,152,93,341,199,0,12,2367,703,0,12,0,12,20,15,82,49,2265,706,0,12
"5396","060375438024","Block Group 4, Census Tract 5438.02, Los Angeles County, California",1905,501,0,12,0,12,0,12,0,12,0,12,0,12,0,12,0,12,81,81,0,12,0,12,0,12,56,53,0,12,0,12,0,12,72,81,0,12,0,12,0,12,0,12,0,12,0,12,0,12,2001,525,192,130,2001,525,0,12,0,12,33,55,0,12,2001,525,1004,456,0,12,264,118,102,111,571,285,0,12
"5397","060374038021","Block Group 1, Census Tract 4038.02, Los Angeles County, California",1801,378,0,12,0,12,0,12,0,12,0,12,0,12,0,12,0,12,14,24,0,12,0,12,0,12,28,33,0,12,0,12,0,12,15,25,57,66,0,12,0,12,9,14,0,12,0,12,0,12,1887,402,90,60,1903,407,44,60,82,66,9,13,0,12,1903,407,171,102,0,12,71,94,376,138,1185,365,10,15
"5398","060375746021","Block Group 1, Census Tract 5746.02, Los Angeles County, California",1255,95,0,12,0,12,0,12,0,12,0,12,0,12,0,12,0,12,23,31,0,12,0,12,0,12,5,8,0,12,0,12,0,12,13,14,0,12,0,12,0,12,9,12,0,12,0,12,0,12,1291,90,113,102,1291,90,0,12,23,23,3,5,0,12,1291,90,183,87,0,12,19,22,778,97,249,105,0,12
"5399","060372677002","Block Group 2, Census Tract 2677, Los Angeles County, California",1538,255,0,12,0,12,0,12,0,12,0,12,0,12,0,12,0,12,8,12,0,12,0,12,0,12,0,12,0,12,0,12,0,12,16,28,0,12,0,12,0,12,24,39,0,12,0,12,0,12,1636,279,173,111,1636,279,0,12,41,54,17,20,0,12,1636,279,528,124,0,12,0,12,784,219,195,109,0,12
"5400","060372702001","Block Group 1, Census Tract 2702, Los Angeles County, California",755,148,0,12,0,12,0,12,0,12,0,12,0,12,0,12,0,12,32,49,0,12,0,12,0,12,0,12,0,12,0,12,0,12,41,32,34,33,0,12,0,12,0,12,0,12,0,12,0,12,846,190,106,102,846,190,0,12,42,50,59,55,8,12,846,190,73,87,0,12,110,89,189,97,420,179,0,12
"5401","060372721001","Block Group 1, Census Tract 2721, Los Angeles County, California",959,226,0,12,0,12,0,12,0,12,0,12,0,12,0,12,0,12,0,12,0,12,0,12,0,12,0,12,0,12,0,12,0,12,0,12,0,12,0,12,0,12,0,12,0,12,0,12,0,12,1058,256,125,101,1058,256,0,12,13,20,29,47,0,12,1058,256,170,116,0,12,0,12,715,190,86,62,0,12
"5402","060376203013","Block Group 3, Census Tract 6203.01, Los Angeles County, California",1136,213,0,12,0,12,0,12,0,12,0,12,0,12,0,12,0,12,10,16,0,12,0,12,0,12,0,12,0,12,0,12,0,12,0,12,0,12,0,12,0,12,0,12,0,12,0,12,0,12,1174,216,11,16,1185,221,0,12,0,12,30,45,0,12,1185,221,89,73,0,12,0,12,924,225,105,88,0,12
"5403","060376203014","Block Group 4, Census Tract 6203.01, Los Angeles County, California",1089,195,0,12,0,12,0,12,0,12,0,12,0,12,0,12,0,12,0,12,0,12,0,12,0,12,0,12,0,12,0,12,0,12,0,12,0,12,0,12,0,12,0,12,0,12,0,12,0,12,1165,260,29,44,1165,260,16,25,0,12,15,19,0,12,1165,260,35,27,0,12,16,24,1000,250,35,54,47,59
"5404","060376207012","Block Group 2, Census Tract 6207.01, Los Angeles County, California",1493,388,0,12,0,12,0,12,0,12,0,12,0,12,0,12,0,12,0,12,0,12,0,12,0,12,0,12,0,12,0,12,0,12,0,12,0,12,0,12,0,12,0,12,0,12,0,12,0,12,1634,458,79,58,1652,459,0,12,14,23,30,36,0,12,1652,459,58,47,0,12,41,46,1223,339,245,211,0,12
"5405","060376211022","Block Group 2, Census Tract 6211.02, Los Angeles County, California",1838,293,0,12,0,12,0,12,0,12,0,12,0,12,0,12,0,12,0,12,0,12,23,35,0,12,0,12,0,12,0,12,0,12,0,12,0,12,0,12,0,12,0,12,0,12,0,12,0,12,1955,296,144,111,1955,296,0,12,10,16,5,10,22,28,1955,296,124,89,0,12,18,20,1384,267,235,104,22,26
"5406","060376213013","Block Group 3, Census Tract 6213.01, Los Angeles County, California",1323,430,0,12,0,12,0,12,0,12,0,12,0,12,0,12,0,12,19,31,0,12,0,12,0,12,0,12,0,12,0,12,0,12,0,12,0,12,0,12,0,12,0,12,0,12,0,12,0,12,1449,483,10,7,1451,484,0,12,0,12,2,5,0,12,1451,484,162,134,0,12,4,5,1134,464,107,95,0,12
"5407","060376502003","Block Group 3, Census Tract 6502, Los Angeles County, California",1488,263,0,12,0,12,0,12,0,12,0,12,0,12,0,12,0,12,17,29,0,12,0,12,0,12,0,12,0,12,0,12,0,12,0,12,8,14,0,12,0,12,19,22,0,12,0,12,0,12,1593,289,71,66,1593,289,8,14,23,27,35,42,0,12,1593,289,342,188,9,16,52,59,528,199,555,207,0,12
"5408","060371438004","Block Group 4, Census Tract 1438, Los Angeles County, California",769,335,0,12,0,12,0,12,0,12,0,12,0,12,0,12,0,12,0,12,0,12,0,12,0,12,0,12,0,12,0,12,0,12,0,12,0,12,0,12,0,12,0,12,0,12,0,12,0,12,789,333,17,28,789,333,0,12,0,12,0,12,0,12,789,333,89,113,0,12,139,227,551,284,10,16,0,12
"5409","060375012001","Block Group 1, Census Tract 5012, Los Angeles County, California",2352,430,0,12,0,12,0,12,0,12,0,12,0,12,0,12,0,12,15,23,0,12,0,12,0,12,22,34,0,12,0,12,0,12,39,37,0,12,0,12,0,12,8,12,12,19,0,12,0,12,2454,452,152,129,2454,452,15,25,17,22,62,57,9,15,2454,452,229,154,0,12,12,18,571,245,1533,341,16,24
"5410","060375022001","Block Group 1, Census Tract 5022, Los Angeles County, California",2865,575,0,12,0,12,0,12,0,12,0,12,0,12,0,12,0,12,272,125,70,83,0,12,0,12,0,12,0,12,0,12,0,12,58,45,24,30,0,12,0,12,0,12,0,12,0,12,0,12,3080,597,423,310,3080,597,17,27,174,108,321,181,0,12,3080,597,9,18,0,12,10,15,188,80,2856,603,0,12
"5411","060371287023","Block Group 3, Census Tract 1287.02, Los Angeles County, California",2039,391,0,12,0,12,0,12,0,12,0,12,0,12,0,12,0,12,0,12,0,12,46,70,0,12,0,12,0,12,0,12,0,12,0,12,0,12,17,36,0,12,0,12,8,18,0,12,0,12,1964,408,158,94,1993,448,0,12,93,111,35,39,0,12,2127,435,312,243,0,12,143,138,1027,189,462,248,0,12
"5412","060371287022","Block Group 2, Census Tract 1287.02, Los Angeles County, California",1269,323,0,12,0,12,0,12,0,12,0,12,0,12,0,12,0,12,0,12,0,12,0,12,0,12,0,12,0,12,0,12,0,12,0,12,0,12,0,12,0,12,0,12,0,12,15,24,0,12,1294,325,120,81,1294,325,0,12,0,12,47,43,18,30,1294,325,78,87,0,12,133,213,943,218,124,99,0,12
"5413","060375035012","Block Group 2, Census Tract 5035.01, Los Angeles County, California",2664,585,0,12,0,12,0,12,0,12,0,12,0,12,0,12,0,12,86,101,0,12,0,12,0,12,25,25,0,12,0,12,0,12,0,12,86,124,26,41,0,12,12,17,12,18,0,12,0,12,2763,590,274,220,2763,590,86,78,102,81,50,50,0,12,2763,590,242,120,0,12,61,65,528,186,1789,478,0,12
"5414","060375035024","Block Group 4, Census Tract 5035.02, Los Angeles County, California",1276,349,0,12,0,12,0,12,0,12,0,12,0,12,0,12,0,12,21,32,0,12,0,12,0,12,0,12,0,12,0,12,0,12,0,12,0,12,0,12,0,12,0,12,0,12,0,12,0,12,1270,351,97,82,1304,363,0,12,9,14,19,21,0,12,1312,363,31,38,0,12,2,4,455,241,776,348,48,75
"5415","060375035023","Block Group 3, Census Tract 5035.02, Los Angeles County, California",995,267,12,19,0,12,0,12,0,12,0,12,0,12,0,12,0,12,25,33,20,33,0,12,0,12,0,12,0,12,0,12,0,12,0,12,52,79,0,12,0,12,0,12,0,12,0,12,0,12,1135,312,104,88,1135,312,24,35,20,24,0,12,0,12,1135,312,68,83,0,12,1,2,191,100,837,322,0,12
"5416","060371173011","Block Group 1, Census Tract 1173.01, Los Angeles County, California",1621,366,0,12,0,12,0,12,0,12,0,12,0,12,0,12,0,12,26,39,0,12,0,12,0,12,13,20,0,12,0,12,0,12,0,12,0,12,0,12,23,38,0,12,0,12,0,12,0,12,1728,411,45,35,1713,418,0,12,27,30,45,49,0,12,1728,411,586,282,0,12,31,42,634,184,397,183,0,12
"5417","060371174043","Block Group 3, Census Tract 1174.04, Los Angeles County, California",2363,541,0,12,0,12,0,12,0,12,0,12,8,12,24,38,0,12,27,43,0,12,34,55,0,12,38,36,21,34,0,12,47,75,26,41,0,12,0,12,0,12,17,18,0,12,0,12,0,12,2496,598,364,257,2505,600,94,98,57,53,99,68,0,12,2512,598,385,188,0,12,3,5,683,301,1240,618,0,12
"5418","060375300041","Block Group 1, Census Tract 5300.04, Los Angeles County, California",597,218,0,12,0,12,0,12,0,12,0,12,0,12,0,12,0,12,46,40,0,12,0,12,0,12,0,12,33,42,0,12,0,12,47,59,0,12,0,12,0,12,0,12,0,12,0,12,0,12,676,271,0,12,676,271,0,12,9,16,0,12,0,12,676,271,252,228,0,12,0,12,21,27,403,179,0,12
"5419","060375309013","Block Group 3, Census Tract 5309.01, Los Angeles County, California",1121,318,8,13,9,14,0,12,0,12,0,12,0,12,0,12,0,12,85,51,79,62,0,12,0,12,0,12,0,12,0,12,0,12,24,22,0,12,0,12,0,12,0,12,0,12,0,12,0,12,1112,311,99,58,1191,340,29,43,123,95,99,56,14,22,1191,340,0,12,0,12,0,12,19,23,1172,340,0,12
"5420","060375530001","Block Group 1, Census Tract 5530, Los Angeles County, California",689,204,0,12,0,12,0,12,0,12,0,12,0,12,0,12,0,12,0,12,0,12,14,25,0,12,0,12,0,12,0,12,0,12,13,22,0,12,0,12,0,12,0,12,0,12,0,12,0,12,768,238,9,16,774,238,0,12,8,14,0,12,0,12,774,238,15,18,0,12,25,34,123,88,584,233,0,12
"5421","060375530003","Block Group 3, Census Tract 5530, Los Angeles County, California",1588,352,0,12,0,12,0,12,0,12,0,12,0,12,0,12,0,12,44,41,51,55,0,12,0,12,0,12,0,12,0,12,0,12,0,12,21,30,0,12,0,12,27,39,0,12,0,12,0,12,1702,380,82,69,1702,380,0,12,36,36,31,35,6,10,1702,380,172,121,33,51,23,20,257,122,1206,404,0,12
"5422","060375534002","Block Group 2, Census Tract 5534, Los Angeles County, California",1449,267,0,12,0,12,0,12,0,12,0,12,0,12,0,12,0,12,56,42,0,12,0,12,0,12,4,7,0,12,0,12,0,12,52,42,5,7,0,12,0,12,4,7,0,12,0,12,0,12,1503,278,26,17,1503,278,28,26,81,55,63,43,0,12,1503,278,34,24,0,12,1,2,115,59,1353,291,0,12
"5423","060375538012","Block Group 2, Census Tract 5538.01, Los Angeles County, California",875,280,0,12,0,12,0,12,0,12,0,12,0,12,0,12,0,12,32,35,29,34,0,12,0,12,0,12,0,12,0,12,0,12,0,12,9,15,0,12,0,12,0,12,0,12,0,12,0,12,946,300,329,209,946,300,13,23,24,26,103,83,0,12,946,300,0,12,0,12,338,121,0,12,608,278,0,12
"5424","060375545151","Block Group 1, Census Tract 5545.15, Los Angeles County, California",1455,310,0,12,0,12,9,14,0,12,0,12,0,12,0,12,0,12,0,12,0,12,0,12,0,12,11,18,0,12,0,12,0,12,0,12,0,12,0,12,0,12,23,34,0,12,0,12,0,12,1468,312,26,28,1468,312,0,12,0,12,0,12,0,12,1468,312,629,221,0,12,127,111,225,135,390,130,0,12
"5425","060375542031","Block Group 1, Census Tract 5542.03, Los Angeles County, California",1166,391,0,12,0,12,0,12,0,12,0,12,0,12,0,12,0,12,73,58,28,35,0,12,0,12,6,13,0,12,0,12,0,12,5,11,10,11,0,12,5,11,0,12,5,10,0,12,0,12,1189,409,0,12,1189,409,0,12,8,13,88,75,0,12,1279,418,46,59,0,12,19,26,487,234,727,349,0,12
"5426","060375541051","Block Group 1, Census Tract 5541.05, Los Angeles County, California",2228,431,10,17,0,12,0,12,0,12,0,12,0,12,0,12,0,12,27,27,21,22,0,12,0,12,19,22,0,12,42,47,0,12,0,12,46,56,0,12,0,12,16,24,0,12,0,12,0,12,2454,488,310,196,2454,488,88,111,89,79,94,88,0,12,2454,488,246,115,0,12,803,337,267,172,1031,380,56,87
"5427","060375541042","Block Group 2, Census Tract 5541.04, Los Angeles County, California",1333,229,0,12,0,12,0,12,0,12,0,12,0,12,0,12,0,12,31,26,32,29,0,12,0,12,0,12,0,12,0,12,0,12,18,21,0,12,0,12,0,12,0,12,0,12,0,12,0,12,1378,232,347,177,1378,232,14,18,61,35,45,41,0,12,1378,232,67,52,0,12,309,175,167,92,812,213,0,12
"5428","060375303021","Block Group 1, Census Tract 5303.02, Los Angeles County, California",1036,245,45,50,0,12,0,12,0,12,0,12,0,12,0,12,0,12,50,54,7,11,0,12,0,12,0,12,0,12,0,12,0,12,12,15,12,15,0,12,0,12,0,12,0,12,0,12,0,12,1063,254,107,66,1082,255,0,12,49,39,45,53,0,12,1082,255,30,29,0,12,42,48,0,12,1010,253,0,12
"5429","060375321021","Block Group 1, Census Tract 5321.02, Los Angeles County, California",2117,346,19,28,0,12,0,12,0,12,0,12,0,12,0,12,0,12,197,115,9,15,0,12,0,12,20,29,0,12,0,12,0,12,46,35,78,72,0,12,0,12,0,12,0,12,0,12,0,12,2300,356,131,130,2300,356,0,12,41,37,133,87,0,12,2305,356,112,103,0,12,4,6,25,24,2164,375,0,12
"5430","060375339012","Block Group 2, Census Tract 5339.01, Los Angeles County, California",1910,416,0,12,0,12,0,12,0,12,0,12,0,12,0,12,0,12,100,67,134,123,0,12,0,12,0,12,0,12,0,12,0,12,20,25,43,43,0,12,0,12,0,12,0,12,0,12,0,12,2119,453,903,422,2119,453,0,12,51,43,62,61,0,12,2119,453,0,12,0,12,9,13,15,18,2095,455,0,12
"5431","060375340013","Block Group 3, Census Tract 5340.01, Los Angeles County, California",621,218,9,15,0,12,0,12,0,12,0,12,0,12,0,12,0,12,74,80,48,57,0,12,0,12,0,12,0,12,0,12,0,12,74,40,0,12,0,12,0,12,0,12,0,12,0,12,0,12,662,245,207,163,662,245,0,12,17,26,72,87,0,12,662,245,0,12,0,12,0,12,0,12,652,243,10,16
"5432","060375344062","Block Group 2, Census Tract 5344.06, Los Angeles County, California",2023,364,0,12,0,12,0,12,0,12,0,12,0,12,0,12,0,12,421,123,120,68,0,12,0,12,0,12,0,12,0,12,0,12,8,21,48,50,0,12,0,12,0,12,0,12,0,12,0,12,2302,407,479,239,2322,414,62,63,133,78,230,109,0,12,2322,414,0,12,0,12,9,14,49,77,2264,411,0,12
"5433","060375345023","Block Group 3, Census Tract 5345.02, Los Angeles County, California",1713,514,0,12,0,12,0,12,0,12,0,12,0,12,0,12,0,12,137,79,113,86,0,12,0,12,0,12,0,12,0,12,0,12,66,54,124,89,0,12,0,12,0,12,0,12,0,12,0,12,1828,548,394,276,1828,548,47,73,33,38,129,79,0,12,1828,548,0,12,0,12,0,12,15,16,1813,551,0,12
"5434","060375351011","Block Group 1, Census Tract 5351.01, Los Angeles County, California",1686,497,18,29,0,12,0,12,0,12,0,12,0,12,0,12,0,12,229,116,193,124,0,12,0,12,0,12,0,12,0,12,0,12,73,54,39,49,0,12,0,12,0,12,0,12,0,12,0,12,1954,630,743,390,1954,630,0,12,73,68,169,85,0,12,1954,630,0,12,0,12,87,76,29,44,1810,599,0,12
"5435","060375351013","Block Group 3, Census Tract 5351.01, Los Angeles County, California",1139,371,20,29,0,12,0,12,0,12,0,12,0,12,0,12,0,12,249,111,71,57,0,12,0,12,0,12,0,12,0,12,0,12,0,12,80,46,0,12,0,12,0,12,0,12,0,12,0,12,1239,396,350,261,1259,408,18,29,24,37,124,101,0,12,1259,408,0,12,0,12,113,84,0,12,1095,431,0,12
"5436","060375356041","Block Group 1, Census Tract 5356.04, Los Angeles County, California",1465,261,0,12,0,12,0,12,0,12,0,12,0,12,0,12,0,12,292,93,93,57,0,12,0,12,0,12,0,12,0,12,0,12,24,25,18,27,0,12,0,12,0,12,0,12,0,12,0,12,1650,297,429,174,1650,297,72,51,139,67,135,59,0,12,1650,297,0,12,0,12,0,12,10,14,1640,297,0,12
"5437","060372713004","Block Group 4, Census Tract 2713, Los Angeles County, California",546,196,0,12,0,12,0,12,0,12,0,12,0,12,0,12,0,12,0,12,0,12,0,12,0,12,0,12,0,12,0,12,0,12,0,12,0,12,0,12,0,12,0,12,0,12,0,12,0,12,576,205,21,31,576,205,0,12,0,12,0,12,0,12,576,205,109,121,0,12,0,12,365,167,102,142,0,12
"5438","060372966001","Block Group 1, Census Tract 2966, Los Angeles County, California",1386,544,0,12,0,12,0,12,0,12,0,12,0,12,0,12,0,12,136,98,103,98,0,12,0,12,0,12,0,12,0,12,0,12,30,41,0,12,0,12,0,12,0,12,0,12,0,12,0,12,1580,679,447,438,1596,683,0,12,40,35,229,159,0,12,1596,683,57,64,0,12,2,4,144,113,1393,669,0,12
"5439","060376211042","Block Group 2, Census Tract 6211.04, Los Angeles County, California",562,231,0,12,0,12,0,12,0,12,0,12,0,12,0,12,0,12,0,12,0,12,0,12,0,12,0,12,0,12,0,12,0,12,0,12,0,12,0,12,0,12,0,12,0,12,0,12,0,12,593,238,47,77,593,238,0,12,61,97,77,85,0,12,593,238,16,28,0,12,0,12,534,239,43,111,0,12
"5440","060376211044","Block Group 4, Census Tract 6211.04, Los Angeles County, California",1996,353,0,12,0,12,0,12,0,12,0,12,0,12,0,12,0,12,0,12,0,12,0,12,0,12,0,12,0,12,0,12,0,12,0,12,0,12,0,12,0,12,0,12,0,12,0,12,0,12,2140,423,29,46,2104,421,0,12,54,88,23,35,0,12,2140,423,54,56,0,12,96,122,1812,394,95,75,19,31
"5441","060376210042","Block Group 2, Census Tract 6210.04, Los Angeles County, California",1316,285,0,12,0,12,0,12,0,12,0,12,0,12,0,12,0,12,88,141,0,12,0,12,0,12,0,12,0,12,0,12,0,12,0,12,0,12,0,12,0,12,0,12,0,12,0,12,0,12,1337,290,100,94,1337,290,0,12,0,12,19,30,0,12,1342,290,47,77,0,12,3,4,1178,289,21,30,0,12
"5442","060376209041","Block Group 1, Census Tract 6209.04, Los Angeles County, California",480,156,0,12,0,12,0,12,0,12,0,12,0,12,0,12,0,12,0,12,0,12,0,12,0,12,0,12,0,12,0,12,0,12,0,12,0,12,0,12,0,12,0,12,0,12,0,12,0,12,501,168,10,15,501,168,0,12,14,22,0,12,0,12,501,168,7,12,0,12,0,12,494,168,0,12,0,12
"5443","060376209044","Block Group 4, Census Tract 6209.04, Los Angeles County, California",1118,239,0,12,0,12,0,12,0,12,0,12,0,12,0,12,0,12,0,12,0,12,0,12,0,12,0,12,0,12,0,12,0,12,0,12,0,12,0,12,0,12,0,12,0,12,0,12,0,12,1140,245,61,68,1170,251,19,29,0,12,9,14,0,12,1170,251,22,22,0,12,0,12,958,230,43,31,0,12
"5444","060376203052","Block Group 2, Census Tract 6203.05, Los Angeles County, California",1266,322,0,12,0,12,0,12,0,12,0,12,0,12,0,12,0,12,18,30,0,12,0,12,0,12,0,12,0,12,0,12,0,12,0,12,0,12,0,12,0,12,0,12,0,12,0,12,0,12,1515,392,39,45,1515,392,0,12,0,12,0,12,0,12,1515,392,312,322,0,12,0,12,1035,323,100,110,0,12
"5445","060375031033","Block Group 3, Census Tract 5031.03, Los Angeles County, California",1031,339,7,11,0,12,0,12,0,12,0,12,0,12,0,12,0,12,48,36,52,62,0,12,0,12,0,12,0,12,7,11,0,12,0,12,0,12,0,12,0,12,0,12,0,12,7,11,0,12,1116,373,36,34,1116,373,37,44,98,65,176,165,0,12,1116,373,35,51,0,12,6,10,194,136,881,362,0,12
"5446","060375028011","Block Group 1, Census Tract 5028.01, Los Angeles County, California",865,329,0,12,0,12,0,12,0,12,0,12,0,12,0,12,0,12,46,52,0,12,0,12,0,12,0,12,0,12,0,12,0,12,0,12,18,22,0,12,0,12,0,12,0,12,0,12,0,12,935,387,177,256,935,387,0,12,0,12,0,12,0,12,935,387,42,52,0,12,0,12,98,55,784,398,0,12
"5447","060375734025","Block Group 5, Census Tract 5734.02, Los Angeles County, California",1771,464,0,12,0,12,0,12,0,12,0,12,0,12,0,12,0,12,0,12,0,12,0,12,21,34,43,52,0,12,0,12,0,12,0,12,0,12,0,12,0,12,117,131,0,12,0,12,0,12,1810,495,255,144,1792,496,0,12,112,112,75,80,0,12,1810,495,577,276,0,12,136,124,634,218,322,199,0,12
"5448","060375714002","Block Group 2, Census Tract 5714, Los Angeles County, California",658,187,0,12,0,12,0,12,0,12,0,12,0,12,0,12,0,12,0,12,0,12,0,12,0,12,0,12,0,12,0,12,0,12,0,12,0,12,0,12,0,12,0,12,0,12,0,12,0,12,717,199,10,16,717,199,0,12,0,12,8,14,0,12,717,199,112,89,0,12,22,32,246,129,337,161,0,12
"5449","060375718001","Block Group 1, Census Tract 5718, Los Angeles County, California",1198,265,0,12,0,12,0,12,0,12,0,12,0,12,0,12,0,12,0,12,0,12,0,12,0,12,25,30,0,12,0,12,0,12,8,13,0,12,0,12,0,12,0,12,0,12,0,12,0,12,1210,268,13,18,1210,268,34,46,0,12,57,53,0,12,1210,268,194,128,0,12,96,85,678,183,195,111,0,12
"5450","060371342013","Block Group 3, Census Tract 1342.01, Los Angeles County, California",1850,449,0,12,0,12,0,12,0,12,0,12,0,12,0,12,0,12,393,225,34,29,18,28,0,12,6,11,0,12,16,21,0,12,0,12,0,12,0,12,0,12,17,20,0,12,31,41,0,12,2041,497,254,275,2044,496,0,12,75,81,186,103,0,12,2044,496,302,158,0,12,61,94,320,160,1279,479,0,12
"5451","060375717013","Block Group 3, Census Tract 5717.01, Los Angeles County, California",2074,473,0,12,0,12,0,12,0,12,5,11,0,12,0,12,0,12,102,71,10,15,0,12,0,12,12,23,0,12,0,12,0,12,0,12,11,15,0,12,0,12,13,20,0,12,0,12,0,12,2268,551,327,206,2268,551,3,25,40,38,128,118,11,15,2268,551,332,185,41,63,289,195,364,172,1242,491,0,12
"5452","060375727004","Block Group 4, Census Tract 5727, Los Angeles County, California",1756,446,0,12,0,12,0,12,0,12,0,12,0,12,0,12,0,12,9,14,48,49,0,12,0,12,97,71,43,45,0,12,0,12,0,12,3,13,0,12,0,12,48,53,53,59,0,12,0,12,1892,461,264,255,1892,461,10,17,177,174,30,30,0,12,1892,461,1297,336,0,12,102,115,58,56,413,288,0,12
"5453","060375731002","Block Group 2, Census Tract 5731, Los Angeles County, California",3542,600,0,12,0,12,0,12,0,12,0,12,0,12,0,12,0,12,316,219,15,27,0,12,0,12,0,12,0,12,0,12,0,12,49,72,0,12,0,12,0,12,0,12,0,12,0,12,0,12,3886,690,534,456,3886,690,23,32,278,182,261,122,0,12,3886,690,199,200,0,12,705,380,215,141,2709,664,0,12
"5454","060375731003","Block Group 3, Census Tract 5731, Los Angeles County, California",1128,474,0,12,0,12,0,12,0,12,0,12,0,12,0,12,0,12,60,85,0,12,0,12,0,12,32,56,0,12,0,12,0,12,0,12,0,12,0,12,0,12,24,38,0,12,0,12,0,12,1053,382,196,166,1200,552,0,12,37,61,21,34,12,19,1200,552,176,205,0,12,151,150,185,100,660,528,0,12
"5455","060375740001","Block Group 1, Census Tract 5740, Los Angeles County, California",692,162,0,12,0,12,0,12,0,12,0,12,0,12,0,12,0,12,0,12,0,12,0,12,0,12,0,12,0,12,0,12,0,12,0,12,0,12,0,12,0,12,0,12,0,12,0,12,0,12,750,180,66,80,750,180,0,12,0,12,7,10,0,12,750,180,34,30,0,12,60,99,475,128,148,94,0,12
"5456","060375740005","Block Group 5, Census Tract 5740, Los Angeles County, California",1296,278,0,12,0,12,0,12,0,12,0,12,0,12,0,12,0,12,0,12,0,12,0,12,0,12,0,12,0,12,0,12,0,12,0,12,0,12,0,12,0,12,0,12,0,12,0,12,0,12,1337,287,18,20,1337,287,0,12,13,19,16,19,0,12,1337,287,127,86,0,12,46,70,841,192,216,106,0,12
"5457","060375749013","Block Group 3, Census Tract 5749.01, Los Angeles County, California",1146,324,0,12,0,12,0,12,0,12,0,12,0,12,0,12,0,12,0,12,0,12,0,12,0,12,0,12,0,12,0,12,0,12,0,12,0,12,0,12,0,12,0,12,0,12,0,12,0,12,1230,339,107,116,1230,339,0,12,6,13,14,22,0,12,1230,339,207,182,0,12,0,12,672,231,273,174,0,12
"5458","060375752011","Block Group 1, Census Tract 5752.01, Los Angeles County, California",1384,402,8,14,0,12,0,12,0,12,0,12,0,12,0,12,0,12,94,65,0,12,0,12,0,12,47,59,0,12,0,12,0,12,0,12,0,12,0,12,0,12,25,41,0,12,0,12,0,12,1407,393,109,88,1428,402,21,32,121,68,24,33,0,12,1428,402,319,230,0,12,222,149,4,16,863,372,0,12
"5459","060377025011","Block Group 1, Census Tract 7025.01, Los Angeles County, California",893,227,34,42,0,12,0,12,0,12,0,12,0,12,0,12,0,12,0,12,0,12,0,12,0,12,0,12,0,12,0,12,0,12,32,41,0,12,0,12,0,12,0,12,0,12,0,12,0,12,961,269,2,6,961,269,34,42,97,78,0,12,0,12,961,269,83,67,0,12,1,5,475,213,295,185,0,12
"5460","060377025014","Block Group 4, Census Tract 7025.01, Los Angeles County, California",2097,364,0,12,0,12,0,12,0,12,0,12,0,12,0,12,0,12,0,12,0,12,0,12,0,12,0,12,0,12,0,12,0,12,0,12,0,12,0,12,0,12,15,24,0,12,0,12,0,12,2194,355,18,29,2194,355,0,12,0,12,0,12,0,12,2194,355,351,194,0,12,96,102,1379,348,368,208,0,12
"5461","060379007053","Block Group 3, Census Tract 9007.05, Los Angeles County, California",518,312,0,12,0,12,0,12,0,12,0,12,0,12,0,12,0,12,14,22,0,12,0,12,0,12,0,12,0,12,0,12,0,12,0,12,0,12,0,12,0,12,0,12,0,12,0,12,0,12,530,315,37,44,530,315,24,39,38,51,27,43,0,12,530,315,0,12,0,12,43,71,90,60,257,254,106,170
"5462","060374631023","Block Group 3, Census Tract 4631.02, Los Angeles County, California",891,218,0,12,0,12,0,12,0,12,0,12,0,12,0,12,0,12,79,77,0,12,0,12,0,12,0,12,0,12,0,12,0,12,17,18,12,20,0,12,0,12,0,12,28,42,0,12,0,12,1003,255,152,168,1003,255,0,12,37,40,65,79,0,12,1003,255,196,122,0,12,36,58,296,114,475,208,0,12
"5463","060372911201","Block Group 1, Census Tract 2911.20, Los Angeles County, California",2202,229,0,12,8,10,0,12,0,12,0,12,0,12,0,12,0,12,216,82,193,106,16,25,0,12,0,12,0,12,0,12,0,12,10,12,0,12,0,12,0,12,0,12,0,12,0,12,0,12,2407,248,552,208,2407,248,74,71,155,85,168,72,0,12,2407,248,28,31,0,12,793,140,31,29,1555,254,0,12
"5464","060372406001","Block Group 1, Census Tract 2406, Los Angeles County, California",1250,471,13,21,0,12,0,12,0,12,0,12,0,12,0,12,0,12,153,124,154,125,0,12,0,12,0,12,0,12,0,12,0,12,5,10,38,40,0,12,0,12,0,12,0,12,0,12,0,12,1454,528,255,211,1454,528,91,97,68,48,106,81,0,12,1454,528,0,12,0,12,279,204,0,12,1175,522,0,12
"5465","060372407004","Block Group 4, Census Tract 2407, Los Angeles County, California",1287,391,0,12,0,12,0,12,0,12,0,12,0,12,0,12,0,12,132,82,75,55,0,12,0,12,19,30,0,12,0,12,0,12,0,12,0,12,0,12,0,12,0,12,0,12,0,12,0,12,1421,453,552,346,1421,453,9,14,130,117,107,66,0,12,1421,453,29,45,0,12,354,257,0,12,1038,392,0,12
"5466","060372421001","Block Group 1, Census Tract 2421, Los Angeles County, California",2625,233,5,7,0,12,0,12,0,12,0,12,0,12,0,12,0,12,266,82,75,44,0,12,0,12,0,12,0,12,0,12,0,12,39,30,0,12,0,12,0,12,0,12,0,12,0,12,0,12,2852,229,1879,250,2852,229,23,33,114,67,150,75,11,22,2852,229,0,12,39,61,648,179,4,6,2161,260,0,12
"5467","060376037031","Block Group 1, Census Tract 6037.03, Los Angeles County, California",751,183,0,12,0,12,0,12,0,12,5,8,0,12,0,12,0,12,4,6,0,12,0,12,0,12,11,18,0,12,0,12,0,12,8,8,0,12,0,12,0,12,19,22,0,12,0,12,0,12,781,190,30,19,781,190,0,12,9,14,5,7,0,12,781,190,259,124,0,12,7,10,155,67,235,130,36,39
"5468","060374615012","Block Group 2, Census Tract 4615.01, Los Angeles County, California",1158,212,10,17,0,12,0,12,0,12,0,12,0,12,0,12,0,12,62,36,3,7,0,12,0,12,0,12,0,12,0,12,0,12,0,12,0,12,0,12,0,12,18,29,0,12,0,12,0,12,1202,229,104,69,1202,229,0,12,49,47,101,52,0,12,1202,229,93,66,0,12,378,189,207,73,491,175,0,12
"5469","060372674031","Block Group 1, Census Tract 2674.03, Los Angeles County, California",2062,257,0,12,0,12,0,12,0,12,0,12,0,12,0,12,0,12,27,37,0,12,0,12,0,12,20,31,0,12,0,12,0,12,0,12,0,12,7,12,0,12,0,12,15,16,0,12,0,12,2095,254,432,197,2102,257,8,12,25,29,76,48,0,12,2102,257,609,218,0,12,113,69,1039,224,280,130,0,12
"5470","060375020041","Block Group 1, Census Tract 5020.04, Los Angeles County, California",1467,243,0,12,0,12,0,12,0,12,0,12,0,12,0,12,0,12,99,48,5,7,0,12,0,12,8,13,6,10,0,12,0,12,50,48,49,34,0,12,0,12,0,12,0,12,8,12,0,12,1494,262,161,119,1494,262,14,24,50,32,33,30,0,12,1494,262,132,97,0,12,54,74,76,43,1166,282,0,12
"5471","060374081372","Block Group 2, Census Tract 4081.37, Los Angeles County, California",1583,314,0,12,0,12,0,12,0,12,0,12,0,12,0,12,0,12,109,99,0,12,0,12,0,12,63,48,3,7,0,12,0,12,28,40,0,12,0,12,0,12,56,57,0,12,0,12,0,12,1612,313,385,259,1612,313,12,20,20,24,107,64,0,12,1612,313,388,170,13,20,78,77,141,105,992,335,0,12
"5472","060371340011","Block Group 1, Census Tract 1340.01, Los Angeles County, California",3070,324,0,12,0,12,0,12,0,12,0,12,0,12,0,12,0,12,538,135,56,45,0,12,0,12,0,12,0,12,23,35,19,29,29,31,22,22,8,12,29,18,0,12,0,12,0,12,0,12,3209,362,525,181,3209,362,21,27,214,90,375,138,0,12,3209,362,401,157,0,12,11,21,339,153,2424,371,0,12
"5473","060371325011","Block Group 1, Census Tract 1325.01, Los Angeles County, California",2385,511,0,12,0,12,27,41,0,12,0,12,0,12,0,12,0,12,284,198,84,128,26,31,40,59,17,31,0,12,0,12,0,12,21,35,0,12,0,12,37,54,12,21,0,12,0,12,0,12,2500,524,425,259,2488,518,23,25,102,93,236,223,0,12,2500,524,260,132,8,13,55,53,792,240,1270,403,0,12
"5474","060371321022","Block Group 2, Census Tract 1321.02, Los Angeles County, California",1673,476,73,95,0,12,0,12,0,12,0,12,0,12,0,12,0,12,46,59,79,103,5,9,0,12,42,58,0,12,0,12,0,12,12,21,28,31,0,12,0,12,0,12,0,12,0,12,0,12,1753,489,41,38,1744,489,0,12,46,59,62,57,0,12,1753,489,206,251,0,12,117,95,502,241,885,460,0,12
"5475","060373018022","Block Group 2, Census Tract 3018.02, Los Angeles County, California",1787,323,0,12,0,12,0,12,0,12,0,12,0,12,0,12,0,12,12,19,0,12,140,93,21,33,0,12,0,12,0,12,0,12,46,43,0,12,63,55,56,42,0,12,0,12,0,12,0,12,1824,334,253,107,1824,334,0,12,116,94,68,53,0,12,1824,334,405,184,0,12,0,12,1130,267,227,127,0,12
"5476","060373018011","Block Group 1, Census Tract 3018.01, Los Angeles County, California",841,229,0,12,0,12,0,12,0,12,0,12,0,12,0,12,0,12,0,12,0,12,83,61,0,12,0,12,0,12,19,30,0,12,0,12,0,12,85,66,67,60,0,12,0,12,0,12,0,12,882,252,103,73,882,252,0,12,0,12,73,69,0,12,882,252,42,36,64,96,16,27,537,144,205,181,0,12
"5477","060375031063","Block Group 3, Census Tract 5031.06, Los Angeles County, California",1872,457,13,21,0,12,0,12,0,12,0,12,0,12,0,12,0,12,116,79,18,21,0,12,0,12,0,12,0,12,0,12,0,12,16,26,81,126,0,12,0,12,0,12,0,12,0,12,0,12,1963,475,137,145,1963,475,0,12,165,93,57,57,0,12,1963,475,157,124,0,12,0,12,223,106,1462,452,0,12
"5478","060371321013","Block Group 3, Census Tract 1321.01, Los Angeles County, California",1466,342,15,20,0,12,0,12,0,12,0,12,0,12,0,12,0,12,119,129,0,12,0,12,0,12,0,12,23,35,0,12,0,12,27,40,0,12,28,44,0,12,10,16,0,12,0,12,0,12,1575,396,266,279,1575,396,8,16,38,36,53,57,0,12,1575,396,196,83,0,12,184,179,474,144,682,360,0,12
"5479","060371320023","Block Group 3, Census Tract 1320.02, Los Angeles County, California",1754,342,19,28,0,12,0,12,0,12,0,12,0,12,0,12,0,12,52,65,19,27,27,41,0,12,0,12,0,12,0,12,0,12,23,33,0,12,0,12,0,12,0,12,0,12,0,12,0,12,1854,347,181,245,1861,349,18,22,0,12,60,69,0,12,1861,349,45,44,0,12,85,82,854,330,679,335,0,12
"5480","060371317022","Block Group 2, Census Tract 1317.02, Los Angeles County, California",910,413,0,12,0,12,0,12,0,12,0,12,0,12,0,12,0,12,49,56,18,29,22,36,0,12,13,16,0,12,0,12,0,12,0,12,0,12,0,12,0,12,0,12,0,12,0,12,0,12,921,414,45,54,921,414,0,12,39,47,19,30,0,12,921,414,47,48,0,12,82,90,154,104,577,338,61,111
"5481","060371288022","Block Group 2, Census Tract 1288.02, Los Angeles County, California",1654,316,0,12,0,12,0,12,0,12,0,12,0,12,0,12,0,12,19,29,0,12,0,12,0,12,0,12,0,12,0,12,0,12,0,12,0,12,0,12,55,80,0,12,0,12,0,12,0,12,1827,333,69,57,1827,333,0,12,98,93,19,29,0,12,1827,333,197,184,0,12,28,47,1263,320,278,163,0,12
"5482","060371286022","Block Group 2, Census Tract 1286.02, Los Angeles County, California",918,255,0,12,0,12,0,12,0,12,0,12,0,12,0,12,0,12,18,30,0,12,0,12,0,12,0,12,0,12,0,12,0,12,12,19,0,12,13,20,0,12,0,12,0,12,0,12,0,12,988,255,157,151,988,255,0,12,80,55,35,42,0,12,988,255,0,12,0,12,59,70,779,227,150,115,0,12
"5483","060374080053","Block Group 3, Census Tract 4080.05, Los Angeles County, California",1852,355,0,12,0,12,0,12,0,12,9,15,0,12,0,12,0,12,0,12,29,45,0,12,0,12,129,73,35,38,0,12,0,12,0,12,0,12,0,12,0,12,0,12,53,59,0,12,0,12,1894,356,105,76,1894,356,4,9,19,30,55,50,0,12,1894,356,1103,240,0,12,191,200,144,130,401,231,0,12
"5484","060372695003","Block Group 3, Census Tract 2695, Los Angeles County, California",1263,212,0,12,0,12,0,12,0,12,0,12,0,12,0,12,0,12,0,12,0,12,0,12,0,12,0,12,0,12,0,12,0,12,41,58,0,12,0,12,0,12,0,12,0,12,0,12,0,12,1324,215,39,44,1324,215,0,12,0,12,0,12,0,12,1324,215,51,49,0,12,0,12,1225,228,36,52,0,12
"5485","060372695001","Block Group 1, Census Tract 2695, Los Angeles County, California",602,149,0,12,0,12,0,12,0,12,0,12,0,12,0,12,0,12,0,12,0,12,0,12,0,12,0,12,0,12,0,12,0,12,0,12,0,12,0,12,0,12,0,12,0,12,0,12,0,12,681,173,10,17,681,173,0,12,0,12,0,12,0,12,681,173,36,30,0,12,29,48,588,175,0,12,0,12
"5486","060372718021","Block Group 1, Census Tract 2718.02, Los Angeles County, California",1198,339,0,12,0,12,0,12,0,12,0,12,0,12,0,12,0,12,0,12,0,12,0,12,0,12,0,12,0,12,0,12,0,12,8,13,4,8,0,12,0,12,0,12,0,12,0,12,0,12,1132,317,48,43,1132,317,0,12,0,12,31,35,0,12,1198,339,272,186,0,12,49,55,675,250,202,138,0,12
"5487","060372732003","Block Group 3, Census Tract 2732, Los Angeles County, California",715,187,0,12,0,12,0,12,0,12,0,12,0,12,0,12,0,12,0,12,0,12,0,12,0,12,0,12,0,12,0,12,0,12,0,12,0,12,0,12,0,12,0,12,0,12,0,12,0,12,751,204,9,14,751,204,0,12,13,20,41,42,0,12,751,204,17,20,0,12,45,50,447,160,186,142,0,12
"5488","060372732001","Block Group 1, Census Tract 2732, Los Angeles County, California",505,156,0,12,0,12,0,12,0,12,0,12,0,12,0,12,0,12,0,12,0,12,0,12,0,12,0,12,0,12,0,12,0,12,9,14,0,12,0,12,0,12,0,12,0,12,0,12,0,12,514,159,12,20,514,159,0,12,0,12,9,15,0,12,514,159,12,18,0,12,6,10,351,128,88,62,16,25
"5489","060372183003","Block Group 3, Census Tract 2183, Los Angeles County, California",717,312,0,12,0,12,0,12,0,12,0,12,0,12,0,12,0,12,16,28,0,12,0,12,0,12,0,12,0,12,0,12,0,12,0,12,0,12,0,12,0,12,0,12,0,12,0,12,0,12,802,384,42,51,802,384,0,12,109,130,16,28,0,12,802,384,44,71,0,12,192,138,117,98,449,335,0,12
"5490","060372184001","Block Group 1, Census Tract 2184, Los Angeles County, California",1764,353,11,17,11,17,0,12,0,12,0,12,0,12,0,12,0,12,186,217,4,8,23,38,0,12,0,12,0,12,0,12,0,12,0,12,25,39,0,12,0,12,0,12,0,12,0,12,0,12,1930,365,274,178,1930,365,57,87,125,122,163,124,24,40,1930,365,55,50,0,12,175,114,248,157,1411,400,0,12
"5491","060372184002","Block Group 2, Census Tract 2184, Los Angeles County, California",1055,363,0,12,0,12,0,12,0,12,0,12,0,12,0,12,0,12,45,62,8,12,0,12,0,12,0,12,0,12,0,12,0,12,0,12,0,12,0,12,0,12,0,12,0,12,0,12,0,12,1103,386,160,192,1103,386,0,12,17,22,50,58,0,12,1103,386,16,24,0,12,365,252,226,172,467,239,0,12
"5492","060372197001","Block Group 1, Census Tract 2197, Los Angeles County, California",1358,440,0,12,0,12,0,12,0,12,0,12,0,12,0,12,0,12,79,65,31,28,0,12,0,12,0,12,0,12,0,12,0,12,0,12,10,18,0,12,0,12,0,12,0,12,0,12,0,12,1426,481,50,60,1426,481,0,12,22,24,110,117,0,12,1426,481,49,54,0,12,521,215,1,2,818,411,0,12
"5493","060372200005","Block Group 5, Census Tract 2200, Los Angeles County, California",1243,445,0,12,0,12,0,12,0,12,0,12,0,12,0,12,0,12,13,22,0,12,0,12,0,12,0,12,0,12,0,12,0,12,0,12,0,12,0,12,0,12,0,12,17,26,0,12,0,12,1266,448,435,314,1266,448,0,12,60,95,84,102,0,12,1266,448,57,52,23,35,360,280,157,99,669,410,0,12
"5494","060372211102","Block Group 2, Census Tract 2211.10, Los Angeles County, California",2666,455,22,34,36,56,0,12,0,12,0,12,0,12,0,12,0,12,685,208,197,103,0,12,0,12,8,13,22,35,0,12,0,12,110,78,58,51,0,12,0,12,34,38,11,18,0,12,0,12,2790,477,1198,432,2790,477,36,36,303,167,379,183,0,12,2790,477,129,90,0,12,0,12,26,35,2635,487,0,12
"5495","060372211202","Block Group 2, Census Tract 2211.20, Los Angeles County, California",1630,285,17,18,10,17,0,12,0,12,0,12,0,12,0,12,0,12,258,96,127,66,0,12,0,12,0,12,0,12,0,12,0,12,53,33,63,33,0,12,0,12,6,10,0,12,0,12,0,12,1716,290,439,167,1716,290,51,54,80,62,158,64,20,22,1716,290,40,41,0,12,0,12,42,44,1634,302,0,12
"5496","060374813001","Block Group 1, Census Tract 4813, Los Angeles County, California",1357,269,0,12,0,12,0,12,0,12,0,12,0,12,0,12,0,12,0,12,0,12,0,12,0,12,183,59,49,41,0,12,0,12,11,15,0,12,0,12,0,12,66,41,69,50,0,12,0,12,1386,278,163,86,1394,280,6,11,5,9,38,35,0,12,1394,280,889,239,0,12,1,2,63,30,433,171,8,12
"5497","060374817141","Block Group 1, Census Tract 4817.14, Los Angeles County, California",1684,209,5,8,0,12,0,12,0,12,59,73,0,12,0,12,0,12,22,28,0,12,0,12,0,12,321,103,112,86,0,12,0,12,0,12,0,12,0,12,0,12,124,49,134,61,0,12,0,12,1763,228,455,181,1771,231,70,76,104,80,136,73,7,10,1771,231,1490,222,13,20,6,9,82,41,132,102,0,12
"5498","060374823012","Block Group 2, Census Tract 4823.01, Los Angeles County, California",970,292,0,12,0,12,0,12,0,12,0,12,0,12,0,12,0,12,0,12,0,12,0,12,0,12,393,195,6,10,0,12,0,12,41,44,0,12,5,9,0,12,8,13,82,57,0,12,0,12,988,299,233,126,988,299,8,13,49,43,51,44,0,12,988,299,808,272,0,12,0,12,44,56,136,131,0,12
"5499","060374823015","Block Group 5, Census Tract 4823.01, Los Angeles County, California",1078,379,14,23,0,12,0,12,0,12,0,12,14,20,0,12,0,12,30,36,37,45,0,12,0,12,243,179,61,46,0,12,0,12,0,12,0,12,0,12,0,12,52,55,11,19,0,12,0,12,1105,378,147,95,1105,378,8,15,13,16,78,58,0,12,1105,378,821,405,0,12,0,12,9,16,262,181,0,12
"5500","060371275202","Block Group 2, Census Tract 1275.20, Los Angeles County, California",1637,337,0,12,0,12,0,12,0,12,0,12,0,12,0,12,0,12,353,150,166,116,0,12,0,12,0,12,0,12,0,12,0,12,42,43,11,16,0,12,0,12,0,12,0,12,0,12,0,12,1797,378,355,170,1797,378,0,12,64,48,149,111,0,12,1797,378,0,12,0,12,159,81,303,179,1292,376,0,12
"5501","060371283032","Block Group 2, Census Tract 1283.03, Los Angeles County, California",2536,412,0,12,0,12,0,12,0,12,0,12,0,12,0,12,0,12,576,214,240,148,32,35,0,12,0,12,0,12,0,12,0,12,0,12,86,64,0,12,16,24,0,12,0,12,0,12,0,12,2855,442,814,395,2855,442,23,37,144,94,260,124,0,12,2855,442,52,65,0,12,20,30,346,206,2437,474,0,12
"5502","060375412002","Block Group 2, Census Tract 5412, Los Angeles County, California",420,252,0,12,0,12,0,12,0,12,0,12,0,12,0,12,0,12,0,12,0,12,0,12,0,12,0,12,0,12,0,12,0,12,0,12,0,12,0,12,0,12,0,12,0,12,0,12,0,12,443,271,28,42,443,271,0,12,73,124,0,12,0,12,443,271,0,12,0,12,443,271,0,12,0,12,0,12
"5503","060372654202","Block Group 2, Census Tract 2654.20, Los Angeles County, California",1021,154,0,12,0,12,0,12,0,12,0,12,0,12,0,12,0,12,0,12,0,12,0,12,0,12,10,16,0,12,0,12,0,12,0,12,0,12,0,12,0,12,0,12,0,12,0,12,0,12,1077,154,111,70,1077,154,0,12,0,12,32,31,0,12,1077,154,178,73,12,18,105,90,701,149,27,31,0,12
"5504","060372671003","Block Group 3, Census Tract 2671, Los Angeles County, California",1900,407,0,12,0,12,0,12,0,12,0,12,0,12,0,12,0,12,0,12,0,12,0,12,0,12,0,12,0,12,0,12,0,12,0,12,0,12,0,12,0,12,0,12,0,12,0,12,0,12,2025,421,118,93,2025,421,13,22,14,21,35,41,0,12,2025,421,335,225,0,12,37,56,1384,316,211,163,0,12
"5505","060372678002","Block Group 2, Census Tract 2678, Los Angeles County, California",617,164,0,12,0,12,0,12,0,12,0,12,0,12,0,12,0,12,0,12,0,12,0,12,0,12,0,12,0,12,0,12,0,12,0,12,0,12,0,12,0,12,27,35,0,12,0,12,0,12,629,170,103,70,629,170,0,12,0,12,0,12,0,12,629,170,153,100,0,12,0,12,360,106,38,29,0,12
"5506","060372690004","Block Group 4, Census Tract 2690, Los Angeles County, California",1614,425,0,12,0,12,0,12,0,12,0,12,0,12,0,12,0,12,0,12,0,12,0,12,0,12,0,12,0,12,0,12,0,12,0,12,0,12,0,12,0,12,36,58,0,12,0,12,0,12,1690,448,102,89,1690,448,0,12,0,12,0,12,0,12,1690,448,279,171,0,12,0,12,993,242,347,357,0,12
"5507","060372690001","Block Group 1, Census Tract 2690, Los Angeles County, California",553,249,0,12,0,12,0,12,0,12,0,12,0,12,0,12,0,12,0,12,0,12,0,12,0,12,0,12,0,12,0,12,0,12,0,12,0,12,0,12,0,12,0,12,0,12,0,12,0,12,568,267,0,12,568,267,0,12,0,12,0,12,0,12,568,267,31,48,0,12,0,12,496,255,41,41,0,12
"5508","060372063003","Block Group 3, Census Tract 2063, Los Angeles County, California",1868,540,0,12,0,12,0,12,0,12,0,12,0,12,0,12,0,12,22,37,12,27,0,12,0,12,0,12,0,12,0,12,0,12,0,12,0,12,0,12,0,12,0,12,0,12,0,12,0,12,1841,549,1369,449,1862,547,0,12,96,128,140,157,0,12,1880,538,43,41,12,27,985,301,627,276,172,106,0,12
"5509","060372087101","Block Group 1, Census Tract 2087.10, Los Angeles County, California",4615,338,10,21,0,12,0,12,0,12,23,38,0,12,0,12,0,12,135,85,38,38,8,13,0,12,415,159,25,39,0,12,0,12,32,36,90,109,0,12,0,12,175,95,0,12,0,12,0,12,4858,371,512,181,4858,371,37,44,201,87,444,156,0,12,4858,371,2485,355,0,12,170,79,420,163,1546,312,106,160
"5510","060372373005","Block Group 5, Census Tract 2373, Los Angeles County, California",630,295,0,12,0,12,0,12,0,12,0,12,0,12,0,12,0,12,36,42,0,12,0,12,0,12,0,12,0,12,0,12,0,12,0,12,0,12,0,12,0,12,0,12,0,12,0,12,0,12,633,296,204,183,633,296,0,12,14,24,29,33,0,12,633,296,0,12,0,12,275,217,0,12,325,171,0,12
"5511","060372375001","Block Group 1, Census Tract 2375, Los Angeles County, California",1908,298,25,28,9,14,0,12,0,12,0,12,0,12,0,12,0,12,368,105,139,54,0,12,0,12,0,12,0,12,0,12,0,12,45,27,52,36,0,12,0,12,0,12,0,12,0,12,0,12,2057,332,534,191,2057,332,13,14,159,68,174,79,8,12,2057,332,0,12,0,12,252,121,39,27,1766,312,0,12
"5512","060371991201","Block Group 1, Census Tract 1991.20, Los Angeles County, California",2800,433,0,12,0,12,0,12,0,12,0,12,0,12,0,12,0,12,179,86,103,96,0,12,0,12,76,44,39,31,0,12,0,12,61,41,109,85,0,12,0,12,90,58,35,21,0,12,6,13,2630,416,885,440,2630,416,52,50,109,71,201,128,31,34,2922,443,733,226,0,12,29,33,67,40,2032,432,0,12
"5513","060372036001","Block Group 1, Census Tract 2036, Los Angeles County, California",967,292,0,12,0,12,0,12,0,12,0,12,0,12,0,12,0,12,99,76,102,61,0,12,0,12,0,12,0,12,0,12,0,12,39,42,54,62,0,12,0,12,0,12,0,12,0,12,0,12,983,299,264,161,983,299,0,12,80,65,126,61,0,12,983,299,0,12,0,12,0,12,0,12,964,296,19,30
"5514","060372041102","Block Group 2, Census Tract 2041.10, Los Angeles County, California",924,287,0,12,9,13,0,12,0,12,0,12,0,12,0,12,0,12,111,64,46,37,0,12,0,12,0,12,0,12,0,12,0,12,35,30,42,29,0,12,0,12,0,12,0,12,0,12,0,12,950,295,340,200,950,295,0,12,7,10,22,25,0,12,950,295,0,12,0,12,0,12,7,10,943,295,0,12
"5515","060372044202","Block Group 2, Census Tract 2044.20, Los Angeles County, California",761,170,0,12,0,12,0,12,0,12,0,12,0,12,0,12,0,12,97,44,110,52,0,12,0,12,0,12,0,12,0,12,0,12,0,12,14,23,0,12,0,12,0,12,0,12,0,12,0,12,813,184,116,79,813,184,0,12,78,59,95,50,0,12,813,184,0,12,0,12,8,12,24,27,781,191,0,12
"5516","060372046001","Block Group 1, Census Tract 2046, Los Angeles County, California",2384,395,0,12,19,30,0,12,0,12,0,12,0,12,0,12,0,12,228,117,157,85,0,12,0,12,0,12,0,12,0,12,0,12,83,54,180,85,0,12,0,12,0,12,0,12,0,12,0,12,2461,411,622,247,2461,411,0,12,135,120,156,94,0,12,2461,411,0,12,0,12,91,52,119,82,2237,403,0,12
"5517","060379108101","Block Group 1, Census Tract 9108.10, Los Angeles County, California",2374,240,6,9,0,12,0,12,0,12,0,12,0,12,0,12,0,12,7,11,0,12,0,12,0,12,0,12,0,12,0,12,0,12,0,12,0,12,15,18,0,12,0,12,0,12,0,12,0,12,2592,244,112,94,2599,247,0,12,94,96,95,56,0,12,2599,247,263,60,8,11,175,138,1431,241,474,153,103,154
"5518","060379200422","Block Group 2, Census Tract 9200.42, Los Angeles County, California",2569,526,0,12,0,12,0,12,0,12,0,12,0,12,0,12,0,12,53,74,0,12,0,12,0,12,0,12,0,12,0,12,0,12,14,23,0,12,13,23,0,12,0,12,0,12,0,12,0,12,2897,611,185,115,2897,611,0,12,122,111,40,44,0,12,2897,611,373,209,0,12,284,185,1166,312,938,557,0,12
"5519","060379201071","Block Group 1, Census Tract 9201.07, Los Angeles County, California",5790,363,0,17,0,17,0,17,0,17,0,17,0,17,0,17,0,17,0,17,0,17,9,14,0,17,91,54,0,17,8,12,0,17,35,52,0,17,0,17,0,17,0,17,0,17,0,17,0,17,6295,375,212,152,6295,375,77,92,23,26,47,40,0,17,6295,375,1597,338,0,17,246,151,3120,356,1106,223,59,92
"5520","060379008042","Block Group 2, Census Tract 9008.04, Los Angeles County, California",1347,282,0,12,0,12,0,12,0,12,0,12,0,12,0,12,0,12,50,41,10,15,0,12,0,12,7,10,0,12,0,12,0,12,4,6,13,18,0,12,0,12,0,12,0,12,0,12,0,12,1489,339,344,205,1483,339,12,20,63,55,29,22,0,12,1489,339,43,44,0,12,406,264,280,82,760,202,0,12
"5521","060375516001","Block Group 1, Census Tract 5516, Los Angeles County, California",31,13,0,12,0,12,0,12,0,12,0,12,0,12,0,12,0,12,0,12,0,12,0,12,0,12,0,12,0,12,0,12,0,12,0,12,6,13,0,12,0,12,0,12,0,12,0,12,0,12,0,12,0,12,0,12,0,12,0,12,0,12,0,12,31,13,0,12,0,12,0,12,19,13,12,13,0,12
"5522","060372183004","Block Group 4, Census Tract 2183, Los Angeles County, California",1207,368,0,12,0,12,0,12,0,12,0,12,0,12,0,12,0,12,10,19,0,12,0,12,0,12,0,12,0,12,0,12,0,12,20,35,21,37,0,12,0,12,0,12,0,12,0,12,0,12,1318,420,299,284,1318,420,21,35,80,70,44,47,0,12,1318,420,131,139,0,12,424,264,128,105,597,366,0,12
"5523","060371272201","Block Group 1, Census Tract 1272.20, Los Angeles County, California",1146,350,7,11,0,12,0,12,0,12,0,12,0,12,0,12,0,12,108,61,39,48,0,12,0,12,0,12,0,12,0,12,0,12,0,12,8,14,0,12,0,12,0,12,0,12,0,12,0,12,1163,362,248,178,1163,362,26,40,85,63,95,71,0,12,1163,362,82,103,0,12,9,14,147,83,834,373,0,12
"5524","060375545183","Block Group 3, Census Tract 5545.18, Los Angeles County, California",1693,294,0,12,0,12,0,12,0,12,8,12,0,12,0,12,0,12,0,12,0,12,24,38,0,12,20,16,0,12,0,12,0,12,0,12,0,12,0,12,0,12,43,44,0,12,0,12,0,12,1753,293,166,108,1789,315,0,12,22,25,0,12,0,12,1789,315,1103,247,0,12,239,167,278,133,148,146,0,12
"5525","060372643022","Block Group 2, Census Tract 2643.02, Los Angeles County, California",2136,330,0,12,0,12,0,12,0,12,0,12,0,12,0,12,0,12,21,32,0,12,25,30,0,12,0,12,0,12,0,12,0,12,0,12,0,12,15,25,0,12,13,54,0,12,0,12,0,12,2286,377,301,160,2286,377,0,12,27,31,58,53,0,12,2286,377,248,136,0,12,52,84,1734,374,119,76,0,12
"5526","060376707024","Block Group 4, Census Tract 6707.02, Los Angeles County, California",1346,322,0,12,0,12,0,12,0,12,0,12,0,12,0,12,0,12,0,12,0,12,0,12,0,12,15,25,0,12,0,12,0,12,0,12,0,12,0,12,0,12,21,35,0,12,0,12,0,12,1435,358,23,27,1435,358,0,12,0,12,0,12,0,12,1435,358,377,198,0,12,0,12,820,189,64,62,0,12
"5527","060376707022","Block Group 2, Census Tract 6707.02, Los Angeles County, California",967,326,0,12,0,12,0,12,0,12,0,12,0,12,0,12,0,12,0,12,0,12,0,12,0,12,0,12,0,12,0,12,0,12,0,12,0,12,0,12,0,12,0,12,0,12,0,12,0,12,967,326,0,12,967,326,0,12,0,12,24,37,0,12,967,326,205,197,0,12,0,12,635,189,127,154,0,12
"5528","060377006004","Block Group 4, Census Tract 7006, Los Angeles County, California",1196,367,0,12,0,12,0,12,0,12,0,12,0,12,0,12,0,12,0,12,0,12,0,12,0,12,0,12,0,12,0,12,0,12,0,12,0,12,0,12,0,12,0,12,0,12,0,12,0,12,1209,369,130,127,1209,369,0,12,0,12,0,12,0,12,1209,369,58,60,0,12,33,52,990,360,56,88,0,12
"5529","060374006021","Block Group 1, Census Tract 4006.02, Los Angeles County, California",997,272,0,12,0,12,0,12,0,12,0,12,0,12,0,12,0,12,10,17,35,53,0,12,0,12,25,27,15,26,0,12,0,12,1,2,0,12,0,12,0,12,0,12,0,12,0,12,0,12,998,290,34,33,1008,289,5,8,0,12,0,12,0,12,1021,290,81,61,0,12,36,33,298,163,577,254,0,12
"5530","060374009002","Block Group 2, Census Tract 4009, Los Angeles County, California",1890,404,0,12,0,12,0,12,0,12,0,12,0,12,0,12,0,12,106,150,0,12,0,12,0,12,0,12,0,12,36,56,0,12,0,12,0,12,0,12,0,12,0,12,0,12,0,12,47,72,1977,415,118,74,1977,415,0,12,79,114,24,29,0,12,1977,415,199,139,0,12,8,17,1017,305,676,301,0,12
"5531","060374011021","Block Group 1, Census Tract 4011.02, Los Angeles County, California",1149,303,0,12,0,12,0,12,0,12,0,12,0,12,0,12,0,12,11,18,6,12,0,12,0,12,22,26,0,12,0,12,0,12,10,16,0,12,0,12,0,12,13,20,6,12,9,14,0,12,1238,353,134,88,1238,353,0,12,34,35,8,15,0,12,1267,355,266,223,0,12,6,12,374,170,474,198,0,12
"5532","060374022002","Block Group 2, Census Tract 4022, Los Angeles County, California",2382,546,0,12,0,12,0,12,0,12,0,12,0,12,0,12,0,12,66,76,0,12,0,12,0,12,0,12,0,12,0,12,0,12,63,38,34,32,6,12,0,12,6,18,6,13,0,12,0,12,2108,554,238,219,2114,554,11,18,98,84,124,144,0,12,2564,563,112,72,0,12,199,117,604,243,1637,513,6,14
"5533","060374033121","Block Group 1, Census Tract 4033.12, Los Angeles County, California",1607,285,0,12,0,12,0,12,0,12,0,12,0,12,0,12,0,12,0,12,0,12,0,12,0,12,57,46,0,12,0,12,0,12,38,52,18,28,0,12,0,12,21,23,10,17,0,12,0,12,1699,350,153,122,1699,350,12,20,0,12,72,47,0,12,1699,350,682,219,0,12,47,50,468,136,486,250,0,12
"5534","060376200011","Block Group 1, Census Tract 6200.01, Los Angeles County, California",1090,227,0,12,0,12,0,12,0,12,0,12,0,12,0,12,0,12,0,12,0,12,0,12,0,12,0,12,0,12,0,12,0,12,0,12,0,12,0,12,0,12,0,12,0,12,0,12,0,12,1146,240,50,42,1146,240,32,45,0,12,0,12,0,12,1146,240,83,55,0,12,13,20,689,171,275,145,0,12
"5535","060376200021","Block Group 1, Census Tract 6200.02, Los Angeles County, California",1029,180,0,12,0,12,0,12,0,12,0,12,0,12,0,12,0,12,0,12,0,12,0,12,0,12,0,12,0,12,0,12,0,12,0,12,0,12,23,34,0,12,12,19,0,12,0,12,0,12,1106,198,120,123,1122,199,39,45,24,24,52,79,0,12,1122,199,185,102,0,12,1,3,605,171,256,140,0,12
"5536","060376202011","Block Group 1, Census Tract 6202.01, Los Angeles County, California",633,72,0,12,0,12,0,12,0,12,0,12,0,12,0,12,0,12,0,12,0,12,0,12,0,12,0,12,0,12,0,12,0,12,0,12,0,12,0,12,0,12,0,12,0,12,0,12,0,12,660,84,27,20,653,85,0,12,0,12,7,10,0,12,660,84,65,38,0,12,0,12,532,88,43,29,7,9
"5537","060376026007","Block Group 7, Census Tract 6026, Los Angeles County, California",1229,395,0,12,0,12,0,12,0,12,0,12,0,12,0,12,0,12,95,60,36,35,0,12,0,12,30,45,0,12,0,12,0,12,0,12,44,56,0,12,0,12,0,12,0,12,0,12,0,12,1273,407,118,147,1273,407,14,24,93,65,60,64,73,97,1273,407,128,148,0,12,581,297,50,42,514,289,0,12
"5538","060376026006","Block Group 6, Census Tract 6026, Los Angeles County, California",958,319,0,12,0,12,0,12,0,12,0,12,0,12,0,12,0,12,0,12,0,12,0,12,0,12,0,12,0,12,0,12,0,12,0,12,0,12,0,12,0,12,16,26,0,12,0,12,0,12,980,328,107,79,962,321,0,12,0,12,40,63,0,12,980,328,16,26,0,12,612,260,0,12,190,195,0,12
"5539","060376026001","Block Group 1, Census Tract 6026, Los Angeles County, California",1511,451,0,12,0,12,0,12,0,12,0,12,0,12,0,12,0,12,18,31,0,12,0,12,0,12,22,50,0,12,0,12,0,12,0,12,24,43,0,12,0,12,0,12,3,7,0,12,0,12,1398,442,184,149,1448,460,0,12,25,41,97,102,0,12,1557,470,61,100,0,12,1054,386,79,57,219,194,0,12
"5540","060376027001","Block Group 1, Census Tract 6027, Los Angeles County, California",1214,359,0,12,0,12,0,12,0,12,0,12,0,12,0,12,0,12,0,12,0,12,0,12,0,12,0,12,0,12,0,12,0,12,0,12,0,12,0,12,0,12,0,12,0,12,0,12,0,12,1269,372,0,12,1269,372,0,12,50,74,58,67,0,12,1269,372,42,46,0,12,849,375,20,24,347,400,0,12
"5541","060376029002","Block Group 2, Census Tract 6029, Los Angeles County, California",1449,396,0,12,0,12,0,12,0,12,0,12,0,12,0,12,0,12,194,102,193,186,0,12,0,12,0,12,0,12,0,12,0,12,0,12,0,12,0,12,0,12,0,12,0,12,0,12,0,12,1591,433,519,383,1591,433,170,187,40,47,257,189,0,12,1591,433,18,29,0,12,134,117,62,49,1347,423,0,12
"5542","060376201013","Block Group 3, Census Tract 6201.01, Los Angeles County, California",2033,394,0,12,0,12,0,12,0,12,0,12,0,12,0,12,0,12,0,12,0,12,0,12,0,12,0,12,0,12,12,20,0,12,0,12,0,12,0,12,0,12,0,12,0,12,0,12,0,12,2337,421,41,66,2337,421,47,55,73,86,0,12,0,12,2337,421,346,174,0,12,21,33,1147,385,343,216,0,12
"5543","060376501022","Block Group 2, Census Tract 6501.02, Los Angeles County, California",1510,194,0,12,0,12,0,12,0,12,0,12,0,12,0,12,0,12,5,7,0,12,0,12,0,12,18,21,25,27,0,12,0,12,0,12,0,12,0,12,0,12,28,32,57,41,0,12,0,12,1545,186,143,102,1545,186,12,18,56,37,61,37,25,34,1545,186,504,143,0,12,12,13,518,141,410,140,0,12
"5544","060375326061","Block Group 1, Census Tract 5326.06, Los Angeles County, California",1171,284,0,12,0,12,0,12,0,12,0,12,0,12,0,12,0,12,149,88,99,58,0,12,0,12,0,12,0,12,0,12,0,12,124,82,107,78,0,12,0,12,0,12,0,12,0,12,0,12,1288,295,186,100,1288,295,0,12,26,30,100,70,0,12,1288,295,0,12,0,12,25,37,23,25,1240,292,0,12
"5545","060375545172","Block Group 2, Census Tract 5545.17, Los Angeles County, California",1555,263,0,12,0,12,0,12,0,12,0,12,0,12,0,12,0,12,0,12,0,12,0,12,0,12,59,43,0,12,0,12,0,12,0,12,0,12,0,12,0,12,28,33,10,16,0,12,0,12,1658,285,230,171,1658,285,43,65,33,35,44,69,0,12,1658,285,1284,269,0,12,67,67,54,45,115,91,0,12
"5546","060372089022","Block Group 2, Census Tract 2089.02, Los Angeles County, California",939,216,0,12,0,12,0,12,0,12,0,12,0,12,0,12,0,12,194,106,227,136,0,12,0,12,0,12,0,12,0,12,0,12,26,27,0,12,0,12,0,12,0,12,0,12,0,12,0,12,979,224,295,147,1016,253,10,15,180,88,173,97,0,12,1016,253,8,14,0,12,37,37,4,6,967,255,0,12
"5547","060372094022","Block Group 2, Census Tract 2094.02, Los Angeles County, California",1841,411,22,35,18,30,0,12,0,12,0,12,0,12,0,12,0,12,509,208,871,259,0,12,0,12,0,12,0,12,0,12,0,12,25,26,52,48,0,12,0,12,11,18,0,12,0,12,0,12,1938,430,550,255,1938,430,18,30,799,316,564,223,0,12,1938,430,30,28,0,12,0,12,26,30,1882,434,0,12
"5548","060372110003","Block Group 3, Census Tract 2110, Los Angeles County, California",709,278,0,12,0,12,0,12,0,12,0,12,0,12,0,12,0,12,0,12,0,12,0,12,0,12,0,12,0,12,0,12,0,12,0,12,0,12,0,12,0,12,0,12,0,12,0,12,0,12,726,278,7,12,726,278,28,45,0,12,0,12,0,12,726,278,91,92,0,12,23,27,429,159,62,102,0,12
"5549","060372110001","Block Group 1, Census Tract 2110, Los Angeles County, California",650,238,0,12,0,12,0,12,0,12,14,22,0,12,0,12,0,12,0,12,0,12,0,12,0,12,14,22,0,12,0,12,0,12,0,12,0,12,0,12,0,12,0,12,0,12,0,12,0,12,681,249,32,41,681,249,13,21,0,12,8,13,0,12,681,249,67,71,0,12,20,35,501,197,11,17,0,12
"5550","060379107071","Block Group 1, Census Tract 9107.07, Los Angeles County, California",4722,383,0,17,0,17,0,17,0,17,0,17,0,17,0,17,0,17,124,90,31,47,0,17,0,17,0,17,0,17,2,6,0,17,105,61,9,15,0,17,0,17,0,17,0,17,0,17,0,17,5388,413,1008,360,5411,421,86,72,165,111,208,133,0,17,5420,418,107,83,0,17,913,187,850,197,3309,318,192,247
"5551","060372111201","Block Group 1, Census Tract 2111.20, Los Angeles County, California",1032,356,0,12,0,12,0,12,0,12,0,12,0,12,0,12,0,12,35,52,100,126,23,36,0,12,134,133,22,36,0,12,0,12,0,12,0,12,0,12,0,12,13,21,20,31,0,12,0,12,1038,370,98,107,1077,372,0,12,0,12,54,67,0,12,1077,372,618,331,0,12,10,18,76,62,367,248,0,12
"5552","060372113201","Block Group 1, Census Tract 2113.20, Los Angeles County, California",807,267,0,12,0,12,0,12,0,12,0,12,0,12,0,12,0,12,71,56,34,50,0,12,0,12,30,25,5,11,0,12,0,12,28,43,0,12,0,12,0,12,0,12,26,30,0,12,0,12,819,271,214,120,819,271,0,12,59,65,97,83,0,12,819,271,202,124,0,12,42,57,93,67,482,227,0,12
"5553","060372126101","Block Group 1, Census Tract 2126.10, Los Angeles County, California",1970,314,0,12,0,12,0,12,0,12,0,12,0,12,0,12,0,12,84,81,0,12,0,12,0,12,234,105,113,69,0,12,0,12,0,12,0,12,0,12,8,14,114,71,48,61,0,12,0,12,2058,331,512,179,2069,330,0,12,194,143,254,119,68,68,2069,330,1570,341,0,12,21,22,76,48,393,176,0,12
"5554","060372144001","Block Group 1, Census Tract 2144, Los Angeles County, California",982,134,0,12,0,12,0,12,0,12,0,12,0,12,0,12,0,12,9,15,0,12,0,12,0,12,0,12,0,12,0,12,0,12,0,12,0,12,0,12,0,12,0,12,0,12,0,12,0,12,1037,158,107,49,1037,158,0,12,0,12,10,16,0,12,1037,158,51,39,0,12,23,37,895,152,68,40,0,12
"5555","060372146002","Block Group 2, Census Tract 2146, Los Angeles County, California",635,122,0,12,0,12,0,12,0,12,0,12,0,12,0,12,0,12,0,12,0,12,0,12,0,12,0,12,0,12,0,12,0,12,0,12,0,12,34,44,0,12,0,12,0,12,0,12,0,12,657,128,71,48,657,128,0,12,13,21,0,12,0,12,657,128,16,20,0,12,0,12,588,131,44,43,0,12
"5556","060372181203","Block Group 3, Census Tract 2181.20, Los Angeles County, California",813,258,0,12,0,12,0,12,0,12,0,12,0,12,0,12,0,12,91,89,71,91,0,12,0,12,0,12,0,12,0,12,0,12,34,40,13,23,0,12,0,12,0,12,0,12,0,12,0,12,873,293,173,78,890,296,18,28,62,53,58,59,0,12,890,296,9,14,11,16,207,120,46,59,593,289,0,12
"5557","060375712001","Block Group 1, Census Tract 5712, Los Angeles County, California",1883,343,0,12,0,12,0,12,0,12,0,12,0,12,0,12,0,12,0,12,0,12,0,12,0,12,0,12,0,12,0,12,0,12,0,12,0,12,0,12,0,12,0,12,0,12,0,12,0,12,2032,410,189,174,1992,399,0,12,16,25,52,82,0,12,2032,410,174,189,0,12,342,348,936,312,397,256,34,52
"5558","060375712003","Block Group 3, Census Tract 5712, Los Angeles County, California",441,185,24,38,0,12,0,12,0,12,0,12,0,12,0,12,0,12,8,18,0,12,0,12,0,12,0,12,0,12,0,12,0,12,0,12,0,12,0,12,0,12,0,12,0,12,0,12,0,12,477,217,18,29,477,217,0,12,8,16,0,12,0,12,477,217,0,12,0,12,0,12,373,199,104,101,0,12
"5559","060375712004","Block Group 4, Census Tract 5712, Los Angeles County, California",951,387,0,12,0,12,0,12,0,12,0,12,0,12,0,12,0,12,0,12,0,12,0,12,0,12,0,12,0,12,0,12,0,12,0,12,0,12,0,12,0,12,0,12,0,12,0,12,0,12,1006,410,82,82,1006,410,0,12,0,12,0,12,0,12,1006,410,104,114,0,12,18,28,543,327,326,218,0,12
"5560","060375713002","Block Group 2, Census Tract 5713, Los Angeles County, California",730,189,0,12,0,12,0,12,0,12,0,12,0,12,0,12,0,12,6,11,0,12,0,12,0,12,0,12,0,12,0,12,0,12,0,12,0,12,0,12,0,12,11,17,0,12,0,12,0,12,792,223,0,12,792,223,0,12,0,12,0,12,0,12,792,223,66,86,0,12,0,12,453,131,273,147,0,12
"5561","060375719003","Block Group 3, Census Tract 5719, Los Angeles County, California",1524,320,0,12,0,12,0,12,0,12,0,12,0,12,0,12,0,12,20,30,0,12,17,28,0,12,0,12,0,12,0,12,0,12,0,12,0,12,0,12,0,12,0,12,0,12,0,12,0,12,1653,347,48,58,1653,347,0,12,56,59,10,18,0,12,1653,347,157,122,0,12,250,180,961,274,160,146,36,64
"5562","060372201001","Block Group 1, Census Tract 2201, Los Angeles County, California",736,285,0,12,0,12,0,12,0,12,0,12,0,12,0,12,0,12,0,12,0,12,0,12,0,12,0,12,0,12,0,12,0,12,0,12,0,12,0,12,0,12,0,12,0,12,14,22,0,12,761,286,92,89,761,286,0,12,0,12,15,24,0,12,761,286,58,46,0,12,385,231,47,37,211,196,0,12
"5563","060372215002","Block Group 2, Census Tract 2215, Los Angeles County, California",1576,422,0,12,0,12,0,12,0,12,0,12,0,12,0,12,0,12,145,102,120,76,0,12,0,12,13,24,0,12,0,12,0,12,58,39,49,51,0,12,0,12,0,12,0,12,0,12,0,12,1619,447,522,288,1619,447,37,39,110,64,93,60,0,12,1619,447,0,12,58,104,327,172,35,65,1199,410,0,12
"5564","060372216021","Block Group 1, Census Tract 2216.02, Los Angeles County, California",1345,234,19,25,0,12,0,12,0,12,0,12,0,12,0,12,0,12,271,118,150,74,0,12,0,12,11,20,0,12,0,12,0,12,54,37,63,33,0,12,0,12,13,23,0,12,0,12,0,12,1461,253,520,180,1461,253,0,12,194,95,79,41,0,12,1461,253,41,46,0,12,75,62,30,28,1293,270,0,12
"5565","060372214021","Block Group 1, Census Tract 2214.02, Los Angeles County, California",1638,250,0,12,0,12,0,12,0,12,0,12,0,12,0,12,0,12,146,82,30,34,0,12,0,12,5,8,0,12,0,12,0,12,21,15,15,19,11,15,0,12,48,28,36,29,0,12,0,12,1659,224,325,114,1657,223,29,33,174,80,157,73,14,15,1751,257,321,123,0,12,305,127,93,58,1012,206,0,12
"5566","060375315021","Block Group 1, Census Tract 5315.02, Los Angeles County, California",930,251,0,12,0,12,0,12,0,12,0,12,0,12,0,12,0,12,122,81,123,93,0,12,0,12,0,12,6,10,0,12,0,12,27,27,3,6,0,12,0,12,0,12,6,10,0,12,0,12,1097,296,160,142,1097,296,105,120,104,56,142,95,0,12,1097,296,16,27,0,12,0,12,6,9,1075,297,0,12
"5567","060372699031","Block Group 1, Census Tract 2699.03, Los Angeles County, California",3320,303,0,12,0,12,0,12,0,12,0,12,0,12,0,12,0,12,7,13,42,47,10,17,37,61,0,12,0,12,0,12,0,12,79,83,0,12,0,12,0,12,0,12,0,12,0,12,0,12,3290,287,286,106,3421,316,23,25,162,92,57,47,11,17,3421,316,781,240,0,12,299,170,1240,196,702,234,0,12
"5568","060374024062","Block Group 2, Census Tract 4024.06, Los Angeles County, California",3768,481,12,19,0,12,0,12,0,12,0,12,0,12,0,12,0,12,266,132,205,155,0,12,0,12,0,12,0,12,33,44,15,24,38,39,59,69,0,12,0,12,0,12,0,12,0,12,0,12,4022,447,364,177,4060,470,0,12,117,74,408,258,12,19,4060,470,199,99,0,12,87,89,303,199,3442,494,0,12
"5569","060376703283","Block Group 3, Census Tract 6703.28, Los Angeles County, California",2553,299,0,12,0,12,0,12,0,12,0,12,0,12,0,12,0,12,0,12,0,12,0,12,0,12,50,48,0,12,0,12,0,12,0,12,0,12,0,12,0,12,15,22,0,12,0,12,0,12,2616,304,90,63,2616,304,0,12,0,12,9,15,21,33,2616,304,729,180,0,12,22,24,1413,257,232,149,0,12
"5570","060376703242","Block Group 2, Census Tract 6703.24, Los Angeles County, California",986,267,0,12,0,12,0,12,0,12,0,12,0,12,0,12,0,12,0,12,0,12,0,12,0,12,0,12,0,12,0,12,0,12,16,24,0,12,0,12,0,12,0,12,0,12,0,12,0,12,986,267,13,22,986,267,0,12,0,12,0,12,9,14,986,267,23,37,0,12,0,12,915,255,24,30,0,12
"5571","060376703241","Block Group 1, Census Tract 6703.24, Los Angeles County, California",1122,325,0,12,0,12,0,12,0,12,0,12,0,12,0,12,0,12,0,12,0,12,0,12,0,12,28,43,0,12,0,12,0,12,20,29,0,12,0,12,0,12,0,12,38,58,0,12,0,12,1272,395,184,115,1272,395,0,12,0,12,48,75,0,12,1272,395,259,173,0,12,6,7,778,321,213,180,0,12
"5572","060376514023","Block Group 3, Census Tract 6514.02, Los Angeles County, California",1527,317,0,12,0,12,0,12,0,12,0,12,0,12,0,12,0,12,0,12,0,12,0,12,0,12,63,62,0,12,0,12,0,12,0,12,0,12,27,31,0,12,31,32,0,12,0,12,0,12,1575,332,71,77,1653,379,0,12,0,12,5,19,0,12,1653,379,679,336,0,12,0,12,633,200,160,149,0,12
"5573","060376514012","Block Group 2, Census Tract 6514.01, Los Angeles County, California",1052,227,0,12,0,12,0,12,0,12,0,12,0,12,0,12,0,12,0,12,0,12,0,12,0,12,0,12,0,12,0,12,0,12,0,12,0,12,0,12,0,12,33,42,8,14,0,12,0,12,1088,223,32,29,1088,223,0,12,0,12,10,16,0,12,1088,223,381,131,0,12,19,27,623,180,46,43,0,12
"5574","060371193102","Block Group 2, Census Tract 1193.10, Los Angeles County, California",1960,266,0,12,0,12,0,12,0,12,0,12,0,12,0,12,0,12,95,69,60,68,0,12,0,12,9,18,7,14,0,12,0,12,53,66,74,49,0,12,0,12,10,16,14,22,0,12,0,12,1930,310,237,177,1930,310,16,22,57,45,101,64,0,12,2073,307,457,173,0,12,90,91,294,162,1232,296,0,12
"5575","060375437031","Block Group 1, Census Tract 5437.03, Los Angeles County, California",3185,269,0,12,0,12,0,12,0,12,0,12,0,12,0,12,0,12,97,54,90,90,0,12,0,12,14,15,0,12,19,28,0,12,78,41,0,12,0,12,0,12,9,10,0,12,0,12,0,12,3358,291,107,76,3351,290,13,15,152,76,22,29,0,12,3370,292,792,159,45,50,85,64,300,103,1907,299,0,12
"5576","060371132131","Block Group 1, Census Tract 1132.13, Los Angeles County, California",3117,415,11,18,0,12,0,12,0,12,0,12,0,12,0,12,0,12,57,62,0,12,0,12,24,33,7,11,0,12,0,12,0,12,8,8,0,12,12,17,0,12,35,53,4,7,0,12,0,12,3062,436,62,46,3062,436,0,12,51,60,77,75,0,12,3196,434,488,224,0,12,217,125,1240,276,828,346,55,90
"5577","060375010012","Block Group 2, Census Tract 5010.01, Los Angeles County, California",818,218,0,12,0,12,0,12,0,12,0,12,0,12,0,12,0,12,92,57,0,12,0,12,0,12,0,12,0,12,0,12,0,12,47,33,40,41,0,12,0,12,0,12,0,12,0,12,0,12,870,231,63,47,870,231,0,12,9,11,28,32,0,12,870,231,0,12,0,12,0,12,118,91,752,221,0,12
"5578","060375004042","Block Group 2, Census Tract 5004.04, Los Angeles County, California",520,209,0,12,0,12,0,12,0,12,0,12,0,12,0,12,0,12,0,12,25,39,0,12,0,12,0,12,0,12,0,12,0,12,25,28,0,12,0,12,0,12,0,12,0,12,0,12,0,12,520,209,11,18,520,209,0,12,47,55,36,44,0,12,520,209,0,12,0,12,0,12,47,57,473,211,0,12
"5579","060374816061","Block Group 1, Census Tract 4816.06, Los Angeles County, California",2503,421,0,12,0,12,0,12,0,12,41,44,0,12,0,12,0,12,6,10,0,12,0,12,0,12,412,137,125,108,0,12,0,12,0,12,9,15,0,12,0,12,109,73,143,85,0,12,0,12,2561,418,236,140,2582,425,55,54,70,57,127,85,0,12,2582,425,1716,386,0,12,248,208,60,50,558,219,0,12
"5580","060373007015","Block Group 5, Census Tract 3007.01, Los Angeles County, California",1546,455,0,12,0,12,0,12,0,12,0,12,0,12,0,12,0,12,0,12,0,12,9,17,0,12,0,12,0,12,0,12,0,12,0,12,0,12,0,12,0,12,0,12,0,12,0,12,0,12,1621,483,0,12,1621,483,0,12,0,12,0,12,0,12,1621,483,187,132,0,12,0,12,1288,484,118,99,0,12
"5581","060379201151","Block Group 1, Census Tract 9201.15, Los Angeles County, California",960,207,0,12,0,12,0,12,0,12,0,12,0,12,0,12,0,12,0,12,0,12,0,12,0,12,12,18,0,12,0,12,0,12,0,12,0,12,0,12,0,12,0,12,0,12,0,12,0,12,1005,221,0,12,1005,221,0,12,0,12,0,12,0,12,1005,221,232,127,0,12,0,12,676,165,68,66,0,12
"5582","060379201022","Block Group 2, Census Tract 9201.02, Los Angeles County, California",495,200,0,12,0,12,0,12,0,12,0,12,0,12,0,12,0,12,0,12,0,12,0,12,0,12,0,12,0,12,0,12,0,12,0,12,0,12,0,12,0,12,0,12,0,12,0,12,0,12,380,161,0,12,380,161,0,12,0,12,0,12,0,12,495,200,0,12,0,12,39,45,393,168,54,66,0,12
"5583","060372214012","Block Group 2, Census Tract 2214.01, Los Angeles County, California",2096,351,5,11,0,12,0,12,0,12,0,12,0,12,0,12,0,12,64,66,0,12,0,12,0,12,55,62,0,12,20,30,3,11,8,12,13,15,0,12,0,12,21,28,57,52,0,12,0,12,1803,352,590,266,1803,352,66,90,121,81,57,66,0,12,2164,388,381,221,0,12,927,243,161,69,665,362,0,12
"5584","060372213032","Block Group 2, Census Tract 2213.03, Los Angeles County, California",1118,243,27,30,20,27,0,12,0,12,0,12,0,12,0,12,0,12,247,129,120,72,0,12,0,12,39,27,9,12,0,12,0,12,7,10,19,21,0,12,0,12,11,18,0,12,0,12,0,12,1213,268,523,232,1213,268,82,55,64,39,166,65,0,12,1213,268,120,80,0,12,76,50,102,72,915,281,0,12
"5585","060379800181","Block Group 1, Census Tract 9800.18, Los Angeles County, California",0,12,0,12,0,12,0,12,0,12,0,12,0,12,0,12,0,12,0,12,0,12,0,12,0,12,0,12,0,12,0,12,0,12,0,12,0,12,0,12,0,12,0,12,0,12,0,12,0,12,0,12,0,12,0,12,0,12,0,12,0,12,0,12,0,12,0,12,0,12,0,12,0,12,0,12,0,12
"5586","060371883003","Block Group 3, Census Tract 1883, Los Angeles County, California",1398,488,0,12,0,12,0,12,0,12,0,12,0,12,0,12,0,12,54,70,0,12,0,12,0,12,0,12,0,12,0,12,0,12,125,135,0,12,0,12,0,12,0,12,0,12,0,12,0,12,1475,507,24,26,1475,507,0,12,0,12,43,40,0,12,1475,507,453,306,0,12,13,20,572,244,390,340,15,24
"5587","060372240102","Block Group 2, Census Tract 2240.10, Los Angeles County, California",1588,332,0,12,0,12,0,12,0,12,0,12,0,12,0,12,0,12,77,64,74,90,0,12,0,12,0,12,0,12,0,12,0,12,56,46,53,63,0,12,0,12,0,12,0,12,0,12,0,12,1665,349,562,228,1665,349,0,12,53,42,146,83,0,12,1665,349,183,92,0,12,329,136,313,118,796,338,0,12
"5588","060372270101","Block Group 1, Census Tract 2270.10, Los Angeles County, California",3551,649,38,51,0,12,0,12,0,12,0,12,0,12,0,12,0,12,450,184,553,272,0,12,0,12,0,12,0,12,0,12,0,12,138,77,52,50,0,12,0,12,0,12,0,12,0,12,0,12,3973,735,1286,497,4002,733,0,12,124,83,502,223,0,12,4002,733,0,12,0,12,304,136,32,48,3598,764,68,100
"5589","060375316041","Block Group 1, Census Tract 5316.04, Los Angeles County, California",1972,325,0,12,0,12,0,12,0,12,0,12,0,12,0,12,0,12,312,89,52,32,0,12,0,12,0,12,0,12,0,12,0,12,32,33,73,47,0,12,0,12,0,12,0,12,0,12,0,12,2099,351,643,284,2099,351,28,31,66,37,169,73,7,11,2099,351,0,12,0,12,0,12,0,12,2099,351,0,12
"5590","060375331061","Block Group 1, Census Tract 5331.06, Los Angeles County, California",1003,219,0,12,0,12,0,12,0,12,0,12,0,12,0,12,0,12,200,83,46,30,0,12,0,12,0,12,0,12,0,12,0,12,15,24,24,27,0,12,0,12,0,12,0,12,0,12,0,12,1131,203,218,142,1131,203,0,12,64,47,103,48,0,12,1131,203,0,12,0,12,0,12,7,10,1078,201,46,73
"5591","060372364002","Block Group 2, Census Tract 2364, Los Angeles County, California",1497,250,0,12,0,12,0,12,0,12,0,12,0,12,0,12,0,12,0,12,0,12,0,12,0,12,0,12,0,12,0,12,0,12,0,12,0,12,0,12,0,12,0,12,0,12,0,12,0,12,1531,265,127,76,1531,265,24,37,60,68,68,69,0,12,1531,265,16,25,0,12,1350,263,132,80,33,53,0,12
"5592","060372405004","Block Group 4, Census Tract 2405, Los Angeles County, California",1628,692,0,12,0,12,0,12,0,12,0,12,0,12,0,12,0,12,168,179,71,75,0,12,0,12,0,12,0,12,0,12,0,12,19,31,25,38,0,12,0,12,0,12,0,12,0,12,0,12,1772,727,886,495,1772,727,0,12,173,115,0,12,25,38,1772,727,0,12,0,12,738,363,0,12,1034,626,0,12
"5593","060372405001","Block Group 1, Census Tract 2405, Los Angeles County, California",1993,507,0,12,0,12,0,12,0,12,0,12,0,12,0,12,0,12,262,154,132,75,0,12,0,12,0,12,0,12,0,12,0,12,0,12,0,12,0,12,0,12,0,12,0,12,0,12,0,12,2076,534,425,230,2122,541,33,39,275,139,225,139,0,12,2122,541,0,12,0,12,495,241,0,12,1544,552,0,12
"5594","060372199013","Block Group 3, Census Tract 2199.01, Los Angeles County, California",1379,356,0,12,0,12,0,12,0,12,0,12,0,12,0,12,0,12,159,91,58,56,0,12,0,12,0,12,0,12,0,12,0,12,0,12,0,12,0,12,0,12,0,12,0,12,0,12,0,12,1389,357,252,196,1389,357,22,35,207,113,128,97,0,12,1389,357,24,39,0,12,223,135,101,102,1029,320,0,12
"5595","060372145022","Block Group 2, Census Tract 2145.02, Los Angeles County, California",1249,306,0,12,0,12,0,12,0,12,0,12,0,12,0,12,0,12,0,12,0,12,0,12,0,12,18,28,0,12,0,12,0,12,0,12,0,12,0,12,0,12,0,12,0,12,0,12,0,12,1265,309,157,86,1265,309,0,12,25,27,31,34,0,12,1265,309,141,140,0,12,103,100,830,221,149,135,0,12
"5596","060372127011","Block Group 1, Census Tract 2127.01, Los Angeles County, California",2194,231,0,12,0,12,0,12,0,12,0,12,0,12,0,12,0,12,49,33,21,25,5,8,0,12,224,67,26,19,0,12,0,12,39,41,9,11,0,12,0,12,64,38,214,100,0,12,0,12,2155,208,445,166,2155,208,23,24,104,61,152,57,20,24,2276,229,1354,184,0,12,229,115,158,59,506,147,0,12
"5597","060375773005","Block Group 5, Census Tract 5773, Los Angeles County, California",848,200,0,12,0,12,0,12,0,12,0,12,0,12,0,12,0,12,0,12,0,12,0,12,0,12,0,12,0,12,0,12,0,12,0,12,0,12,0,12,0,12,0,12,0,12,0,12,0,12,901,214,29,32,901,214,0,12,14,23,28,46,0,12,901,214,17,27,0,12,0,12,761,196,106,101,0,12
"5598","060375773003","Block Group 3, Census Tract 5773, Los Angeles County, California",551,174,0,12,0,12,0,12,0,12,0,12,0,12,0,12,0,12,0,12,0,12,47,73,0,12,0,12,0,12,0,12,0,12,0,12,0,12,0,12,0,12,0,12,0,12,0,12,0,12,551,174,90,78,551,174,0,12,63,77,59,74,0,12,551,174,13,22,0,12,30,47,358,144,116,100,0,12
"5599","060376001001","Block Group 1, Census Tract 6001, Los Angeles County, California",2859,556,19,31,0,12,0,12,0,12,0,12,0,12,0,12,0,12,296,142,140,128,0,12,0,12,0,12,0,12,0,12,0,12,52,48,25,39,0,12,0,12,0,12,0,12,0,12,0,12,3120,604,932,380,3130,607,17,27,134,88,251,116,19,29,3130,607,21,34,0,12,876,286,4,4,2210,566,0,12
"5600","060374819011","Block Group 1, Census Tract 4819.01, Los Angeles County, California",1062,374,0,12,0,12,0,12,0,12,0,12,0,12,0,12,0,12,0,12,0,12,0,12,0,12,80,47,19,32,0,12,0,12,0,12,0,12,0,12,0,12,13,20,105,72,0,12,0,12,1085,373,45,41,1085,373,10,16,16,19,23,23,0,12,1085,373,610,241,0,12,0,12,45,42,425,290,5,9
"5601","060374821012","Block Group 2, Census Tract 4821.01, Los Angeles County, California",1527,302,0,12,0,12,0,12,0,12,0,12,0,12,0,12,0,12,0,12,0,12,0,12,0,12,130,55,104,114,0,12,0,12,10,16,19,21,0,12,0,12,55,50,113,104,0,12,0,12,1622,333,96,81,1631,332,22,36,29,40,58,50,0,12,1631,332,1012,331,9,14,14,22,23,31,564,255,0,12
"5602","060374822012","Block Group 2, Census Tract 4822.01, Los Angeles County, California",1209,355,0,12,0,12,0,12,0,12,0,12,0,12,0,12,0,12,0,12,0,12,0,12,0,12,64,45,65,92,0,12,0,12,0,12,0,12,0,12,0,12,114,77,150,81,0,12,0,12,1220,356,274,184,1220,356,0,12,12,16,6,10,9,14,1220,356,774,235,0,12,0,12,65,73,358,342,0,12
"5603","060374822023","Block Group 3, Census Tract 4822.02, Los Angeles County, California",2179,438,0,12,0,12,0,12,0,12,0,12,0,12,0,12,0,12,36,58,0,12,15,23,0,12,348,144,68,56,0,12,0,12,0,12,0,12,0,12,0,12,118,64,175,139,0,12,0,12,2273,438,301,210,2273,438,11,17,47,43,92,55,35,54,2273,438,1600,287,11,18,13,21,0,12,649,426,0,12
"5604","060376503001","Block Group 1, Census Tract 6503, Los Angeles County, California",701,221,0,12,0,12,0,12,0,12,0,12,0,12,0,12,0,12,0,12,0,12,0,12,0,12,40,45,0,12,0,12,0,12,0,12,0,12,0,12,0,12,0,12,0,12,0,12,0,12,701,221,71,86,701,221,0,12,0,12,0,12,0,12,701,221,188,168,0,12,10,18,475,220,0,12,0,12
"5605","060376503005","Block Group 5, Census Tract 6503, Los Angeles County, California",835,221,0,12,0,12,0,12,0,12,0,12,0,12,0,12,0,12,0,12,0,12,0,12,0,12,0,12,0,12,0,12,0,12,20,30,0,12,15,23,0,12,23,28,0,12,0,12,0,12,879,227,51,39,879,227,0,12,1,2,1,3,0,12,879,227,300,188,0,12,16,22,273,109,92,70,0,12
"5606","060376700012","Block Group 2, Census Tract 6700.01, Los Angeles County, California",1434,247,0,12,0,12,0,12,0,12,0,12,0,12,0,12,0,12,9,15,38,34,0,12,0,12,0,12,9,15,0,12,0,12,12,19,11,17,0,12,0,12,42,35,0,12,0,12,0,12,1484,252,168,116,1504,263,0,12,24,27,82,51,0,12,1504,263,286,108,0,12,136,155,504,122,463,193,0,12
"5607","060374033051","Block Group 1, Census Tract 4033.05, Los Angeles County, California",2241,164,0,12,0,12,0,12,0,12,31,35,17,27,0,12,0,12,0,12,0,12,0,12,0,12,129,51,32,28,0,12,0,12,0,12,0,12,0,12,0,12,67,43,28,25,0,12,0,12,2278,168,143,69,2294,175,15,15,47,37,66,46,0,12,2294,175,1684,210,0,12,35,36,224,136,252,141,0,12
"5608","060374033213","Block Group 3, Census Tract 4033.21, Los Angeles County, California",936,202,0,12,0,12,0,12,0,12,0,12,0,12,0,12,0,12,0,12,0,12,0,12,0,12,7,11,0,12,0,12,0,12,0,12,0,12,0,12,0,12,16,19,41,43,0,12,0,12,960,209,39,44,960,209,0,12,0,12,9,14,0,12,960,209,554,159,0,12,130,103,176,88,86,66,0,12
"5609","060371197001","Block Group 1, Census Tract 1197, Los Angeles County, California",1315,341,0,12,0,12,0,12,0,12,0,12,0,12,0,12,0,12,63,68,14,24,26,40,0,12,0,12,0,12,0,12,0,12,21,40,0,12,10,16,0,12,27,31,0,12,0,12,0,12,1383,372,276,229,1383,372,17,27,0,12,52,59,0,12,1383,372,153,95,0,12,179,176,628,295,371,217,0,12
"5610","060371194004","Block Group 4, Census Tract 1194, Los Angeles County, California",1618,614,0,12,0,12,0,12,0,12,0,12,0,12,0,12,0,12,168,156,138,173,0,12,0,12,6,9,8,13,0,12,0,12,76,77,62,61,0,12,0,12,0,12,0,12,0,12,0,12,1685,624,88,64,1685,624,31,46,129,119,244,193,27,39,1685,624,192,183,0,12,62,76,121,74,1300,607,0,12
"5611","060371194001","Block Group 1, Census Tract 1194, Los Angeles County, California",516,235,0,12,0,12,0,12,0,12,0,12,0,12,0,12,0,12,33,40,0,12,0,12,0,12,0,12,0,12,0,12,0,12,10,15,10,15,0,12,0,12,0,12,19,28,0,12,0,12,545,235,19,28,545,235,27,29,33,49,53,50,0,12,545,235,41,45,0,12,12,19,35,40,417,254,0,12
"5612","060375402033","Block Group 3, Census Tract 5402.03, Los Angeles County, California",1379,414,0,12,0,12,0,12,0,12,0,12,0,12,0,12,0,12,128,69,47,45,0,12,0,12,0,12,0,12,0,12,0,12,0,12,28,46,0,12,0,12,0,12,0,12,0,12,0,12,1415,426,139,201,1415,426,17,27,43,45,107,87,0,12,1415,426,0,12,0,12,295,179,0,12,1090,384,0,12
"5613","060375418024","Block Group 4, Census Tract 5418.02, Los Angeles County, California",638,291,0,12,0,12,0,12,0,12,0,12,0,12,0,12,0,12,119,91,13,21,0,12,0,12,0,12,0,12,0,12,0,12,0,12,23,36,0,12,0,12,0,12,0,12,0,12,0,12,681,298,136,200,681,298,0,12,23,39,21,35,0,12,681,298,0,12,0,12,8,13,18,30,655,302,0,12
"5614","060375430004","Block Group 4, Census Tract 5430, Los Angeles County, California",739,286,0,12,0,12,0,12,0,12,0,12,0,12,0,12,0,12,51,51,0,12,0,12,0,12,0,12,0,12,0,12,0,12,0,12,0,12,0,12,0,12,0,12,0,12,0,12,0,12,879,363,92,76,879,363,0,12,16,26,29,33,0,12,879,363,3,7,0,12,591,306,60,100,208,168,0,12
"5615","060375430002","Block Group 2, Census Tract 5430, Los Angeles County, California",341,322,0,12,0,12,0,12,0,12,0,12,0,12,0,12,0,12,0,12,0,12,0,12,0,12,0,12,0,12,0,12,0,12,0,12,0,12,0,12,0,12,0,12,0,12,0,12,0,12,341,322,39,64,341,322,0,12,0,12,0,12,0,12,341,322,0,12,0,12,303,342,9,15,29,44,0,12
"5616","060376032003","Block Group 3, Census Tract 6032, Los Angeles County, California",924,222,0,12,0,12,0,12,0,12,0,12,0,12,0,12,0,12,0,12,0,12,0,12,0,12,37,37,0,12,0,12,0,12,15,24,0,12,0,12,0,12,37,36,10,25,0,12,0,12,966,225,28,30,966,225,0,12,0,12,0,12,0,12,966,225,501,154,0,12,166,158,85,59,103,111,0,12
"5617","060375505001","Block Group 1, Census Tract 5505, Los Angeles County, California",2072,582,0,12,0,12,0,12,0,12,0,12,0,12,0,12,0,12,79,108,0,12,0,12,0,12,19,32,0,12,0,12,0,12,51,58,0,12,0,12,0,12,0,12,0,12,0,12,0,12,2152,612,93,95,2152,612,131,141,82,86,82,68,0,12,2152,612,50,62,0,12,0,12,221,128,1868,620,0,12
"5618","060375510003","Block Group 3, Census Tract 5510, Los Angeles County, California",1237,518,0,12,0,12,0,12,0,12,0,12,0,12,0,12,0,12,59,76,12,23,0,12,0,12,0,12,0,12,0,12,0,12,0,12,64,94,0,12,0,12,0,12,37,48,0,12,0,12,1377,590,64,94,1377,590,103,117,0,12,81,83,37,48,1377,590,271,251,0,12,0,12,250,158,856,567,0,12
"5619","060375510002","Block Group 2, Census Tract 5510, Los Angeles County, California",776,501,0,12,0,12,0,12,0,12,0,12,0,12,0,12,0,12,93,136,0,12,0,12,0,12,0,12,0,12,0,12,0,12,0,12,0,12,0,12,0,12,0,12,0,12,0,12,0,12,805,506,0,12,805,506,183,212,52,78,110,140,0,12,805,506,0,12,0,12,0,12,73,67,719,509,0,12
"5620","060371171012","Block Group 2, Census Tract 1171.01, Los Angeles County, California",3235,486,45,70,0,12,0,12,0,12,0,12,0,12,0,12,0,12,138,88,100,82,11,16,0,12,174,115,0,12,0,12,0,12,30,33,0,12,10,15,0,12,26,31,0,12,16,26,0,12,3396,533,335,316,3396,533,16,26,213,148,151,112,33,39,3396,533,1132,338,0,12,354,296,211,100,1540,410,0,12
"5621","060374057011","Block Group 1, Census Tract 4057.01, Los Angeles County, California",1002,296,15,26,0,12,0,12,0,12,0,12,0,12,0,12,0,12,7,13,0,12,0,12,0,12,0,12,0,12,0,12,0,12,13,22,0,12,0,12,0,12,0,12,0,12,0,12,0,12,1014,297,6,13,1014,297,12,18,0,12,11,19,0,12,1014,297,161,131,0,12,0,12,302,153,531,261,0,12
"5622","060374053021","Block Group 1, Census Tract 4053.02, Los Angeles County, California",1313,286,0,12,0,12,0,12,0,12,0,12,0,12,0,12,0,12,0,12,0,12,0,12,0,12,7,13,43,47,0,12,0,12,17,27,0,12,0,12,0,12,15,23,15,23,0,12,0,12,1366,293,77,49,1366,293,7,12,0,12,60,41,0,12,1372,292,393,187,0,12,26,26,131,61,809,267,0,12
"5623","060374053024","Block Group 4, Census Tract 4053.02, Los Angeles County, California",1028,291,0,12,0,12,0,12,0,12,0,12,0,12,0,12,0,12,41,39,0,12,0,12,0,12,11,15,12,16,0,12,0,12,8,13,0,12,0,12,0,12,0,12,0,12,0,12,0,12,1094,317,21,23,1094,317,39,45,38,61,121,110,0,12,1094,317,79,118,0,12,84,91,168,121,737,271,0,12
"5624","060374053012","Block Group 2, Census Tract 4053.01, Los Angeles County, California",1431,377,0,12,0,12,0,12,0,12,0,12,0,12,0,12,0,12,8,13,0,12,0,12,0,12,17,25,0,12,0,12,0,12,0,12,0,12,0,12,0,12,0,12,0,12,0,12,0,12,1529,406,105,82,1529,406,0,12,13,15,36,48,0,12,1529,406,120,76,0,12,81,90,134,68,1194,407,0,12
"5625","060374005011","Block Group 1, Census Tract 4005.01, Los Angeles County, California",1979,208,0,12,0,12,0,12,0,12,0,12,0,12,0,12,0,12,0,12,0,12,0,12,0,12,6,9,0,12,0,12,0,12,0,12,0,12,0,12,0,12,0,12,16,24,0,12,0,12,2027,203,94,55,2049,214,3,5,8,13,42,29,0,12,2049,214,249,95,47,76,5,8,1427,227,211,87,0,12
"5626","060373025063","Block Group 3, Census Tract 3025.06, Los Angeles County, California",1251,267,0,12,0,12,0,12,0,12,0,12,0,12,0,12,0,12,22,35,0,12,36,38,42,66,7,11,0,12,0,12,0,12,0,12,0,12,40,44,68,56,30,27,0,12,0,12,0,12,1346,297,205,128,1332,295,50,81,77,78,27,35,0,12,1346,297,202,120,0,12,49,57,752,240,242,173,0,12
"5627","060371218023","Block Group 3, Census Tract 1218.02, Los Angeles County, California",798,378,6,9,0,12,0,12,0,12,0,12,0,12,0,12,0,12,42,34,24,24,0,12,0,12,0,12,0,12,0,12,0,12,12,17,25,26,0,12,0,12,0,12,0,12,0,12,0,12,821,391,514,393,841,393,1,7,16,20,55,39,0,12,841,393,35,56,1,2,181,149,212,247,395,166,0,12
"5628","060371192021","Block Group 1, Census Tract 1192.02, Los Angeles County, California",875,357,0,12,0,12,0,12,0,12,0,12,0,12,0,12,0,12,53,61,145,165,0,12,0,12,0,12,0,12,0,12,0,12,0,12,0,12,0,12,0,12,0,12,0,12,0,12,0,12,1077,471,17,23,1077,471,30,46,106,123,46,54,0,12,1077,471,52,58,0,12,33,54,67,58,925,438,0,12
"5629","060371192023","Block Group 3, Census Tract 1192.02, Los Angeles County, California",917,426,0,12,0,12,0,12,0,12,0,12,0,12,0,12,0,12,78,65,29,44,0,12,0,12,0,12,0,12,0,12,0,12,7,17,53,63,0,12,0,12,0,12,0,12,0,12,0,12,955,433,31,52,955,433,0,12,45,60,29,46,0,12,955,433,31,52,0,12,0,12,36,31,888,438,0,12
"5630","060371192012","Block Group 2, Census Tract 1192.01, Los Angeles County, California",1110,361,0,12,14,21,0,12,0,12,0,12,0,12,0,12,0,12,26,31,15,22,0,12,0,12,0,12,0,12,11,17,0,12,21,23,25,31,0,12,0,12,0,12,0,12,0,12,0,12,1163,371,23,29,1163,371,6,8,48,48,94,73,13,19,1163,371,104,76,0,12,0,12,52,42,961,348,40,63
"5631","060372270201","Block Group 1, Census Tract 2270.20, Los Angeles County, California",1682,243,0,12,0,12,0,12,0,12,0,12,0,12,0,12,0,12,310,98,161,77,0,12,0,12,0,12,0,12,0,12,0,12,43,35,39,33,0,12,0,12,0,12,0,12,0,12,0,12,1759,251,377,169,1773,252,0,12,80,50,189,78,0,12,1773,252,15,18,0,12,93,92,4,10,1661,270,0,12
"5632","060372770002","Block Group 2, Census Tract 2770, Los Angeles County, California",693,233,0,12,0,12,0,12,0,12,0,12,0,12,0,12,0,12,0,12,0,12,0,12,0,12,0,12,0,12,0,12,0,12,0,12,0,12,0,12,0,12,0,12,0,12,0,12,0,12,764,255,0,12,764,255,0,12,0,12,36,56,0,12,764,255,189,166,0,12,0,12,406,193,88,108,68,90
"5633","060372911302","Block Group 2, Census Tract 2911.30, Los Angeles County, California",1818,348,0,12,0,12,0,12,0,12,0,12,0,12,0,12,0,12,129,47,98,88,0,12,0,12,5,8,0,12,0,12,0,12,34,30,0,12,0,12,0,12,19,27,0,12,0,12,0,12,1883,357,290,198,1883,357,0,12,52,45,107,51,0,12,1883,357,105,76,0,12,479,160,45,55,1178,333,0,12
"5634","060372912203","Block Group 3, Census Tract 2912.20, Los Angeles County, California",973,265,11,14,0,12,0,12,0,12,0,12,0,12,0,12,0,12,80,62,19,24,0,12,0,12,0,12,0,12,0,12,0,12,26,37,38,58,0,12,0,12,22,22,0,12,0,12,0,12,991,274,417,227,991,274,0,12,45,51,81,57,0,12,991,274,134,74,0,12,102,77,40,44,693,234,0,12
"5635","060375320012","Block Group 2, Census Tract 5320.01, Los Angeles County, California",1461,422,84,109,0,12,0,12,0,12,0,12,0,12,0,12,0,12,271,110,91,84,0,12,0,12,0,12,0,12,0,12,0,12,19,23,32,33,0,12,0,12,0,12,0,12,0,12,0,12,1600,477,474,409,1600,477,0,12,153,156,50,42,0,12,1600,477,7,11,0,12,0,12,40,38,1522,473,0,12
"5636","060375325002","Block Group 2, Census Tract 5325, Los Angeles County, California",1134,316,0,12,0,12,0,12,0,12,0,12,0,12,0,12,0,12,292,135,77,70,0,12,0,12,0,12,0,12,0,12,0,12,42,47,11,17,0,12,0,12,0,12,0,12,0,12,0,12,1206,340,265,189,1206,340,0,12,55,66,131,107,17,27,1206,340,29,46,0,12,0,12,53,56,1124,344,0,12
"5637","060375335012","Block Group 2, Census Tract 5335.01, Los Angeles County, California",1150,275,0,12,0,12,0,12,0,12,0,12,0,12,0,12,0,12,132,60,103,73,0,12,0,12,0,12,0,12,0,12,0,12,20,19,64,51,0,12,0,12,0,12,0,12,0,12,0,12,1176,278,116,83,1176,278,4,7,35,37,60,51,0,12,1176,278,0,12,0,12,0,12,8,10,1168,278,0,12
"5638","060375328002","Block Group 2, Census Tract 5328, Los Angeles County, California",1744,313,6,11,0,12,0,12,0,12,0,12,0,12,0,12,0,12,331,94,152,68,0,12,0,12,0,12,0,12,0,12,0,12,22,24,26,33,0,12,0,12,0,12,0,12,0,12,0,12,2056,390,611,250,2056,390,36,33,119,67,120,56,0,12,2056,390,0,12,0,12,149,140,0,12,1907,376,0,12
"5639","060375329002","Block Group 2, Census Tract 5329, Los Angeles County, California",1355,388,0,12,0,12,0,12,0,12,0,12,0,12,0,12,0,12,243,134,150,88,0,12,0,12,0,12,0,12,0,12,0,12,10,16,117,72,0,12,0,12,0,12,0,12,0,12,0,12,1469,434,194,176,1487,441,29,33,88,71,54,55,0,12,1487,441,0,12,0,12,111,99,0,12,1376,449,0,12
"5640","060376031021","Block Group 1, Census Tract 6031.02, Los Angeles County, California",1460,355,13,20,0,12,0,12,0,12,6,10,0,12,0,12,0,12,193,127,57,66,0,12,0,12,65,45,21,26,0,12,0,12,43,47,18,33,0,12,0,12,10,14,0,12,0,12,0,12,1562,383,248,236,1562,383,0,12,0,12,83,71,0,12,1562,383,303,186,0,12,257,159,69,57,912,363,0,12
"5641","060376033013","Block Group 3, Census Tract 6033.01, Los Angeles County, California",1105,215,0,12,0,12,0,12,0,12,3,9,0,12,0,12,0,12,11,17,0,12,0,12,0,12,55,38,34,43,0,12,0,12,7,10,20,32,0,12,7,15,28,34,10,16,0,12,0,12,1119,222,39,36,1119,222,16,21,21,33,53,52,0,12,1144,220,550,160,0,12,52,75,42,30,421,149,0,12
"5642","060376033023","Block Group 3, Census Tract 6033.02, Los Angeles County, California",943,308,0,12,0,12,0,12,0,12,23,28,0,12,0,12,0,12,103,80,17,20,0,12,0,12,31,31,0,12,0,12,0,12,18,27,28,45,0,12,0,12,22,24,0,12,0,12,0,12,983,323,349,248,990,324,82,85,32,43,100,80,0,12,990,324,200,127,0,12,85,111,153,92,540,274,0,12
"5643","060376037022","Block Group 2, Census Tract 6037.02, Los Angeles County, California",944,223,0,12,0,12,0,12,0,12,0,12,0,12,0,12,0,12,0,12,0,12,0,12,0,12,33,37,0,12,0,12,0,12,12,19,12,19,0,12,0,12,16,25,0,12,0,12,0,12,993,239,5,11,993,239,0,12,8,16,0,12,0,12,993,239,314,194,0,12,5,13,267,129,407,188,0,12
"5644","060375705012","Block Group 2, Census Tract 5705.01, Los Angeles County, California",1763,643,0,12,0,12,0,12,0,12,0,12,0,12,0,12,0,12,31,49,58,91,0,12,0,12,0,12,0,12,0,12,0,12,0,12,48,79,0,12,0,12,0,12,0,12,0,12,0,12,1969,693,524,544,1969,693,19,32,0,12,121,120,0,12,1969,693,81,89,16,27,379,360,266,143,1175,489,0,12
"5645","060375705013","Block Group 3, Census Tract 5705.01, Los Angeles County, California",1606,630,0,12,0,12,0,12,0,12,0,12,0,12,0,12,0,12,54,84,0,12,0,12,0,12,0,12,0,12,0,12,0,12,0,12,0,12,0,12,0,12,18,30,0,12,0,12,0,12,1722,675,344,343,1722,675,0,12,0,12,27,43,0,12,1722,675,462,359,27,41,144,218,127,99,962,605,0,12
"5646","060375705023","Block Group 3, Census Tract 5705.02, Los Angeles County, California",1045,321,0,12,0,12,0,12,0,12,0,12,0,12,0,12,0,12,32,34,11,18,0,12,0,12,28,30,0,12,0,12,0,12,35,32,0,12,0,12,0,12,16,25,0,12,0,12,0,12,1145,371,206,116,1145,371,0,12,10,17,22,28,0,12,1145,371,156,156,24,38,56,62,122,80,756,328,0,12
"5647","060371953002","Block Group 2, Census Tract 1953, Los Angeles County, California",673,292,0,12,0,12,0,12,0,12,0,12,0,12,0,12,0,12,35,53,0,12,0,12,0,12,0,12,0,12,0,12,0,12,0,12,0,12,8,14,0,12,0,12,0,12,0,12,0,12,683,293,83,76,683,293,0,12,33,45,0,12,0,12,683,293,0,12,0,12,0,12,308,181,361,257,0,12
"5648","060371891023","Block Group 3, Census Tract 1891.02, Los Angeles County, California",1008,179,0,12,0,12,0,12,0,12,0,12,0,12,0,12,0,12,0,12,0,12,0,12,0,12,0,12,0,12,0,12,0,12,0,12,0,12,6,9,0,12,0,12,0,12,0,12,0,12,1027,189,153,126,1027,189,6,10,26,30,22,26,0,12,1027,189,110,68,38,51,1,3,658,124,165,98,0,12
"5649","060371891013","Block Group 3, Census Tract 1891.01, Los Angeles County, California",593,151,0,12,0,12,0,12,0,12,0,12,0,12,0,12,0,12,13,24,0,12,0,12,0,12,0,12,0,12,0,12,0,12,0,12,0,12,16,25,0,12,0,12,0,12,0,12,0,12,605,157,93,65,605,157,0,12,16,19,15,23,0,12,605,157,142,105,0,12,11,16,397,130,39,38,0,12
"5650","060371882022","Block Group 2, Census Tract 1882.02, Los Angeles County, California",595,143,0,12,0,12,0,12,0,12,0,12,0,12,0,12,0,12,0,12,0,12,0,12,0,12,0,12,0,12,0,12,0,12,0,12,0,12,0,12,0,12,0,12,0,12,0,12,0,12,656,181,0,12,656,181,0,12,0,12,0,12,0,12,656,181,172,73,0,12,0,12,453,157,12,17,0,12
"5651","060372716004","Block Group 4, Census Tract 2716, Los Angeles County, California",1442,259,0,12,0,12,0,12,0,12,0,12,0,12,0,12,0,12,0,12,0,12,0,12,0,12,31,40,61,97,0,12,0,12,0,12,0,12,0,12,0,12,12,20,0,12,0,12,0,12,1792,333,421,204,1792,333,0,12,38,45,61,97,0,12,1792,333,730,277,0,12,66,82,648,198,260,144,0,12
"5652","060376012121","Block Group 1, Census Tract 6012.12, Los Angeles County, California",3151,562,0,12,0,12,0,12,0,12,0,12,0,12,0,12,0,12,255,177,87,78,0,12,0,12,0,12,0,12,9,14,0,12,0,12,104,90,0,12,0,12,29,51,24,44,0,12,0,12,3467,646,680,283,3467,646,0,12,203,112,202,149,0,12,3467,646,0,12,378,424,1050,417,194,136,1763,598,13,20
"5653","060374087241","Block Group 1, Census Tract 4087.24, Los Angeles County, California",1094,283,0,12,0,12,0,12,0,12,0,12,0,12,0,12,0,12,38,44,20,31,0,12,0,12,119,75,43,38,0,12,0,12,0,12,0,12,0,12,0,12,54,67,27,42,0,12,0,12,1269,324,273,174,1269,324,20,42,54,60,125,90,0,12,1269,324,607,254,0,12,10,15,59,113,593,253,0,12
"5654","060372713005","Block Group 5, Census Tract 2713, Los Angeles County, California",438,183,0,12,0,12,0,12,0,12,0,12,0,12,0,12,0,12,0,12,0,12,0,12,0,12,0,12,0,12,0,12,0,12,0,12,0,12,0,12,0,12,0,12,0,12,0,12,0,12,499,230,18,32,499,230,0,12,0,12,0,12,0,12,499,230,89,86,0,12,0,12,298,151,112,125,0,12
"5655","060372623011","Block Group 1, Census Tract 2623.01, Los Angeles County, California",2579,223,0,12,0,12,0,12,0,12,0,12,0,12,0,12,0,12,0,12,0,12,0,12,0,12,0,12,0,12,0,12,0,12,0,12,0,12,0,12,0,12,0,12,0,12,0,12,0,12,2235,157,214,91,2748,220,20,37,4,8,21,21,0,12,2748,220,362,148,0,12,68,46,1980,214,293,142,0,12
"5656","060379101011","Block Group 1, Census Tract 9101.01, Los Angeles County, California",1677,181,19,14,0,12,0,12,0,12,0,12,0,12,0,12,0,12,164,64,57,34,0,12,0,12,0,12,0,12,0,12,0,12,6,11,18,17,0,12,0,12,9,12,0,12,0,12,0,12,1779,188,555,223,1863,222,46,60,51,31,135,62,0,12,1863,222,35,32,0,12,303,180,132,58,1355,179,0,12
"5657","060379005081","Block Group 1, Census Tract 9005.08, Los Angeles County, California",3687,207,0,12,0,12,0,12,0,12,0,12,0,12,0,12,0,12,118,57,13,15,10,15,0,12,0,12,0,12,0,12,0,12,22,24,0,12,0,12,0,12,0,12,0,12,0,12,0,12,3998,203,1056,271,4010,208,51,47,77,51,51,34,8,12,4016,209,62,50,0,12,847,208,1017,187,1911,237,5,9
"5658","060371344242","Block Group 2, Census Tract 1344.24, Los Angeles County, California",1144,160,0,12,0,12,0,12,0,12,0,12,0,12,0,12,0,12,0,12,0,12,0,12,0,12,0,12,0,12,0,12,0,12,0,12,0,12,15,21,0,12,0,12,0,12,0,12,0,12,1167,167,59,80,1167,167,0,12,8,11,0,12,0,12,1167,167,234,99,0,12,51,57,729,144,79,54,0,12
"5659","060371340021","Block Group 1, Census Tract 1340.02, Los Angeles County, California",1063,399,0,12,0,12,0,12,0,12,0,12,0,12,0,12,0,12,32,38,42,47,0,12,0,12,0,12,0,12,0,12,0,12,61,63,11,18,0,12,0,12,0,12,0,12,0,12,0,12,1102,422,99,98,1102,422,0,12,26,31,37,39,0,12,1102,422,15,23,0,12,69,75,384,145,626,397,8,13
"5660","060376203054","Block Group 4, Census Tract 6203.05, Los Angeles County, California",654,253,0,12,0,12,0,12,0,12,0,12,0,12,0,12,0,12,0,12,0,12,0,12,0,12,0,12,0,12,0,12,0,12,0,12,0,12,0,12,0,12,0,12,0,12,0,12,0,12,654,253,15,27,654,253,0,12,0,12,15,27,0,12,654,253,30,34,0,12,0,12,473,242,151,128,0,12
"5661","060375433061","Block Group 1, Census Tract 5433.06, Los Angeles County, California",2368,620,0,12,0,12,0,12,0,12,0,12,0,12,0,12,0,12,13,26,48,75,0,12,0,12,27,33,0,12,0,12,0,12,27,51,0,12,0,12,0,12,24,27,0,12,0,12,0,12,2525,671,269,240,2525,671,0,12,24,37,12,20,0,12,2525,671,872,407,500,492,297,230,199,130,595,444,0,12
"5662","060375433062","Block Group 2, Census Tract 5433.06, Los Angeles County, California",868,410,0,12,0,12,0,12,0,12,0,12,0,12,0,12,0,12,7,16,0,12,0,12,0,12,22,38,0,12,0,12,0,12,0,12,0,12,0,12,0,12,0,12,0,12,0,12,0,12,946,470,10,17,946,470,0,12,51,80,0,12,0,12,946,470,376,275,0,12,90,76,116,127,364,374,0,12
"5663","060375421052","Block Group 2, Census Tract 5421.05, Los Angeles County, California",1009,415,0,12,0,12,0,12,0,12,0,12,0,12,0,12,0,12,169,79,42,68,0,12,0,12,0,12,0,12,0,12,0,12,50,77,33,49,0,12,0,12,0,12,0,12,0,12,0,12,1047,431,257,221,1047,431,94,143,68,80,58,53,0,12,1047,431,0,12,0,12,167,154,10,16,779,378,42,69
"5664","060379001031","Block Group 1, Census Tract 9001.03, Los Angeles County, California",2146,540,0,12,0,12,0,12,0,12,0,12,0,12,0,12,0,12,83,77,41,59,0,12,0,12,11,17,0,12,0,12,0,12,11,19,14,28,0,12,0,12,0,12,8,14,0,12,0,12,2339,568,940,403,2365,569,203,200,32,46,221,193,20,31,2365,569,19,31,0,12,224,186,917,328,1166,417,0,12
"5665","060378005062","Block Group 2, Census Tract 8005.06, Los Angeles County, California",467,152,0,12,0,12,0,12,0,12,0,12,0,12,0,12,0,12,0,12,0,12,0,12,0,12,0,12,0,12,0,12,0,12,0,12,0,12,0,12,0,12,0,12,0,12,0,12,0,12,467,152,33,35,467,152,0,12,0,12,14,21,0,12,467,152,0,12,0,12,0,12,417,141,18,28,0,12
"5666","060372094012","Block Group 2, Census Tract 2094.01, Los Angeles County, California",1669,347,8,15,0,12,0,12,0,12,0,12,0,12,0,12,0,12,332,140,90,68,0,12,0,12,34,37,9,15,0,12,59,94,16,28,0,12,0,12,0,12,52,49,34,35,0,12,0,12,1728,373,897,294,1728,373,101,107,172,95,255,110,0,12,1728,373,234,93,0,12,238,99,39,38,1190,401,0,12
"5667","060372696011","Block Group 1, Census Tract 2696.01, Los Angeles County, California",983,403,0,12,0,12,0,12,0,12,0,12,0,12,0,12,0,12,75,55,24,36,0,12,0,12,0,12,0,12,0,12,0,12,18,27,15,24,0,12,0,12,0,12,0,12,0,12,0,12,994,405,138,102,994,405,13,19,47,52,0,12,0,12,994,405,43,42,0,12,95,93,132,104,724,342,0,12
"5668","060372679023","Block Group 3, Census Tract 2679.02, Los Angeles County, California",990,201,0,12,0,12,28,42,0,12,0,12,0,12,0,12,0,12,32,48,0,12,0,12,0,12,0,12,0,12,0,12,0,12,0,12,0,12,0,12,0,12,0,12,0,12,0,12,0,12,1060,216,0,12,1060,216,0,12,0,12,0,12,0,12,1060,216,149,91,0,12,145,201,707,173,13,21,0,12
"5669","060379102082","Block Group 2, Census Tract 9102.08, Los Angeles County, California",3660,471,12,19,0,12,0,12,0,12,0,12,0,12,0,12,0,12,198,131,49,72,0,12,0,12,18,22,0,12,10,17,0,12,41,45,45,51,0,12,0,12,0,12,0,12,0,12,0,12,3865,511,402,208,3913,494,49,59,84,61,405,222,0,12,3913,494,224,223,0,12,305,147,707,174,2547,471,0,12
"5670","060374024053","Block Group 3, Census Tract 4024.05, Los Angeles County, California",1161,245,7,10,0,12,0,12,0,12,0,12,0,12,0,12,0,12,76,54,22,21,0,12,0,12,0,12,0,12,0,12,0,12,17,20,37,26,0,12,0,12,0,12,0,12,0,12,0,12,1218,260,163,132,1232,264,30,29,77,62,136,81,22,33,1232,264,0,12,32,47,159,112,21,23,1020,260,0,12
"5671","060372111211","Block Group 1, Census Tract 2111.21, Los Angeles County, California",799,185,0,12,0,12,0,12,0,12,0,12,0,12,0,12,0,12,69,51,0,12,0,12,0,12,28,30,0,12,0,12,0,12,5,9,0,12,0,12,0,12,31,27,17,26,0,12,0,12,845,209,95,57,845,209,15,24,69,49,70,53,0,12,861,212,326,162,0,12,42,53,123,62,350,180,0,12
"5672","060371852041","Block Group 1, Census Tract 1852.04, Los Angeles County, California",1192,165,0,12,0,12,0,12,0,12,4,7,0,12,0,12,0,12,5,8,11,11,0,12,0,12,0,12,5,9,0,12,0,12,5,7,0,12,0,12,0,12,5,8,16,26,0,12,0,12,1217,167,113,60,1217,167,0,12,13,19,42,43,0,12,1217,167,435,85,0,12,18,26,441,75,264,139,0,12
"5673","060376506023","Block Group 3, Census Tract 6506.02, Los Angeles County, California",2147,372,0,12,0,12,0,12,0,12,0,12,0,12,0,12,0,12,0,12,0,12,0,12,0,12,163,98,0,12,0,12,0,12,0,12,0,12,0,12,0,12,21,34,0,12,0,12,0,12,2313,388,100,127,2313,388,76,91,100,86,16,26,21,34,2313,388,1343,280,18,29,214,196,554,239,146,101,0,12
"5674","060376505023","Block Group 3, Census Tract 6505.02, Los Angeles County, California",2484,431,1,3,0,12,0,12,0,12,7,12,13,19,0,12,0,12,0,12,0,12,0,12,0,12,37,32,0,12,0,12,0,12,9,17,0,12,0,12,0,12,9,13,0,12,0,12,0,12,2588,427,264,164,2588,427,28,38,1,4,17,30,0,12,2594,426,843,228,0,12,1,3,1006,161,682,342,0,12
"5675","060372972022","Block Group 2, Census Tract 2972.02, Los Angeles County, California",1555,307,0,12,0,12,0,12,0,12,0,12,0,12,0,12,0,12,0,12,0,12,0,12,0,12,0,12,0,12,0,12,0,12,0,12,0,12,0,12,0,12,0,12,0,12,0,12,0,12,1599,315,62,55,1599,315,0,12,118,82,76,99,0,12,1599,315,18,19,0,12,64,74,669,198,818,271,0,12
"5676","060375751033","Block Group 3, Census Tract 5751.03, Los Angeles County, California",1413,290,0,12,0,12,0,12,0,12,0,12,0,12,0,12,0,12,61,63,0,12,0,12,0,12,8,13,0,12,0,12,0,12,0,12,0,12,0,12,0,12,20,25,0,12,0,12,0,12,1483,295,201,110,1483,295,0,12,125,90,192,125,0,12,1483,295,311,207,0,12,229,151,289,123,584,239,0,12
"5677","060374803043","Block Group 3, Census Tract 4803.04, Los Angeles County, California",1242,275,0,12,0,12,0,12,0,12,0,12,0,12,0,12,0,12,0,12,0,12,0,12,0,12,124,87,21,24,0,12,0,12,0,12,0,12,0,12,0,12,16,13,10,16,0,12,0,12,1248,273,254,127,1248,273,28,44,54,73,58,44,0,12,1248,273,623,193,0,12,19,31,94,61,494,220,0,12
"5678","060371254023","Block Group 3, Census Tract 1254.02, Los Angeles County, California",2241,750,0,12,0,12,0,12,0,12,0,12,0,12,0,12,0,12,0,12,25,38,24,37,0,12,24,38,0,12,0,12,0,12,0,12,22,34,0,12,0,12,0,12,0,12,0,12,0,12,2391,793,386,240,2391,793,0,12,78,101,55,72,22,34,2391,793,228,155,0,12,75,83,1516,553,419,252,0,12
"5679","060371239011","Block Group 1, Census Tract 1239.01, Los Angeles County, California",3138,476,0,12,0,12,0,12,0,12,0,12,0,12,0,12,0,12,298,130,94,101,24,35,0,12,0,12,0,12,0,12,0,12,0,12,0,12,24,36,0,12,0,12,0,12,0,12,0,12,3315,552,368,172,3315,552,177,180,217,116,426,216,0,12,3315,552,158,102,0,12,300,260,561,228,2247,603,0,12
"5680","060375703032","Block Group 2, Census Tract 5703.03, Los Angeles County, California",2093,418,13,17,0,12,0,12,0,12,0,12,0,12,0,12,0,12,113,64,51,43,0,12,0,12,0,12,0,12,0,12,0,12,0,12,0,12,0,12,0,12,0,12,0,12,0,12,0,12,2481,513,706,332,2481,513,0,12,74,68,137,82,0,12,2481,513,82,105,170,234,617,204,196,96,1223,389,0,12
"5681","060376016001","Block Group 1, Census Tract 6016, Los Angeles County, California",565,223,0,12,0,12,0,12,0,12,0,12,0,12,0,12,0,12,48,48,39,29,0,12,0,12,8,13,0,12,0,12,0,12,45,45,0,12,0,12,0,12,28,32,0,12,0,12,0,12,587,223,36,45,587,223,0,12,20,21,17,29,0,12,587,223,47,51,0,12,9,13,10,14,521,229,0,12
"5682","060376017001","Block Group 1, Census Tract 6017, Los Angeles County, California",420,219,0,12,0,12,0,12,0,12,0,12,0,12,0,12,0,12,75,54,20,33,0,12,0,12,0,12,0,12,0,12,0,12,0,12,0,12,0,12,0,12,0,12,0,12,0,12,0,12,460,240,31,49,460,240,10,16,30,35,95,78,0,12,460,240,0,12,0,12,0,12,0,12,460,240,0,12
"5683","060376017002","Block Group 2, Census Tract 6017, Los Angeles County, California",1672,500,0,12,0,12,0,12,0,12,0,12,0,12,0,12,0,12,85,108,54,54,0,12,0,12,0,12,0,12,0,12,0,12,0,12,0,12,0,12,0,12,0,12,0,12,0,12,0,12,1778,514,406,284,1778,514,24,39,200,127,222,133,0,12,1778,514,85,92,0,12,347,220,11,16,1225,512,0,12
"5684","060376022002","Block Group 2, Census Tract 6022, Los Angeles County, California",571,271,0,12,0,12,0,12,0,12,0,12,0,12,0,12,0,12,0,12,0,12,0,12,0,12,17,29,0,12,0,12,0,12,0,12,0,12,0,12,0,12,0,12,0,12,0,12,0,12,571,271,20,24,571,271,0,12,0,12,0,12,0,12,571,271,98,78,0,12,114,216,109,164,232,218,3,6
"5685","060376031011","Block Group 1, Census Tract 6031.01, Los Angeles County, California",1569,319,12,19,0,12,0,12,0,12,0,12,0,12,0,12,0,12,55,53,0,12,0,12,0,12,28,39,0,12,0,12,0,12,6,10,0,12,0,12,0,12,36,40,19,26,0,12,0,12,1667,347,402,275,1667,347,0,12,40,28,40,40,0,12,1667,347,289,128,18,31,331,137,174,90,837,294,0,12
"5686","060376034003","Block Group 3, Census Tract 6034, Los Angeles County, California",1007,257,0,12,0,12,0,12,0,12,0,12,0,12,0,12,0,12,36,29,0,12,0,12,0,12,0,12,0,12,0,12,0,12,0,12,0,12,0,12,0,12,92,111,0,12,0,12,0,12,1017,258,59,57,1017,258,12,20,15,12,28,33,0,12,1017,258,407,161,0,12,110,144,214,99,246,130,0,12
"5687","060371042013","Block Group 3, Census Tract 1042.01, Los Angeles County, California",1430,388,0,12,0,12,0,12,0,12,0,12,0,12,0,12,0,12,156,71,176,102,0,12,0,12,0,12,0,12,0,12,0,12,6,10,100,98,0,12,0,12,0,12,0,12,0,12,0,12,1588,423,405,287,1588,423,22,34,111,87,86,59,0,12,1588,423,0,12,0,12,157,137,6,8,1425,430,0,12
"5688","060371043202","Block Group 2, Census Tract 1043.20, Los Angeles County, California",872,480,0,12,0,12,0,12,0,12,0,12,0,12,0,12,0,12,132,141,30,49,0,12,0,12,0,12,0,12,0,12,0,12,0,12,55,72,0,12,0,12,39,44,0,12,0,12,0,12,913,479,409,408,913,479,0,12,151,179,30,49,0,12,913,479,45,45,0,12,95,85,0,12,773,477,0,12
"5689","060371043204","Block Group 4, Census Tract 1043.20, Los Angeles County, California",519,295,0,12,0,12,0,12,0,12,0,12,0,12,0,12,0,12,10,19,70,63,0,12,0,12,0,12,0,12,0,12,0,12,20,38,56,51,0,12,0,12,0,12,0,12,0,12,0,12,519,295,0,12,519,295,10,19,54,103,10,19,20,38,519,295,13,21,0,12,17,22,19,23,470,298,0,12
"5690","060375522003","Block Group 3, Census Tract 5522, Los Angeles County, California",1000,302,0,12,0,12,0,12,0,12,0,12,0,12,0,12,0,12,131,100,23,28,0,12,0,12,0,12,0,12,0,12,0,12,7,12,0,12,0,12,0,12,6,10,0,12,0,12,0,12,1158,370,284,178,1158,370,21,33,15,25,82,81,0,12,1158,370,39,39,0,12,44,59,16,25,1059,370,0,12
"5691","060375706032","Block Group 2, Census Tract 5706.03, Los Angeles County, California",1804,370,0,12,0,12,0,12,0,12,0,12,0,12,0,12,0,12,10,16,0,12,0,12,0,12,0,12,0,12,0,12,0,12,0,12,0,12,0,12,0,12,0,12,0,12,0,12,0,12,1939,378,601,335,1978,390,5,9,22,29,26,38,0,12,1978,390,120,82,56,88,1334,378,77,52,355,181,0,12
"5692","060375762002","Block Group 2, Census Tract 5762, Los Angeles County, California",939,308,0,12,0,12,0,12,0,12,0,12,0,12,0,12,0,12,0,12,0,12,0,12,0,12,0,12,0,12,0,12,0,12,0,12,0,12,0,12,0,12,0,12,0,12,0,12,0,12,939,308,321,167,939,308,0,12,18,42,16,26,0,12,939,308,70,69,0,12,250,170,233,157,247,171,0,12
"5693","060375336011","Block Group 1, Census Tract 5336.01, Los Angeles County, California",1539,356,0,12,0,12,0,12,0,12,0,12,0,12,0,12,0,12,195,84,67,51,0,12,0,12,0,12,0,12,0,12,0,12,77,60,26,28,0,12,0,12,0,12,0,12,0,12,0,12,1646,394,386,224,1654,393,0,12,174,97,129,89,0,12,1654,393,0,12,0,12,0,12,68,39,1586,383,0,12
"5694","060379200172","Block Group 2, Census Tract 9200.17, Los Angeles County, California",1788,398,0,12,0,12,0,12,0,12,0,12,0,12,0,12,0,12,20,32,0,12,0,12,0,12,0,12,0,12,0,12,0,12,0,12,36,42,0,12,0,12,37,45,0,12,0,12,0,12,2010,431,90,87,2010,431,47,58,52,55,35,45,0,12,2010,431,114,110,0,12,0,12,823,314,916,473,6,11
"5695","060375722023","Block Group 3, Census Tract 5722.02, Los Angeles County, California",819,306,0,12,0,12,0,12,0,12,0,12,0,12,0,12,0,12,1,10,0,12,0,12,0,12,11,17,0,12,0,12,0,12,0,12,0,12,0,12,0,12,3,7,0,12,0,12,0,12,845,371,159,230,845,371,0,12,0,12,4,9,0,12,917,366,48,63,108,137,84,86,180,106,497,308,0,12
"5696","060375726004","Block Group 4, Census Tract 5726, Los Angeles County, California",752,331,0,12,0,12,0,12,0,12,0,12,0,12,0,12,0,12,15,18,0,12,0,12,0,12,0,12,0,12,0,12,0,12,10,16,0,12,0,12,0,12,0,12,0,12,0,12,0,12,752,331,0,12,752,331,0,12,12,18,7,13,0,12,752,331,415,299,38,58,19,20,6,10,253,214,0,12
"5697","060379200261","Block Group 1, Census Tract 9200.26, Los Angeles County, California",381,76,0,12,0,12,0,12,0,12,0,12,0,12,0,12,0,12,0,12,13,30,0,12,0,12,0,12,0,12,6,8,0,12,0,12,0,12,5,8,0,12,0,12,0,12,0,12,0,12,381,75,126,57,386,77,0,12,13,13,14,12,0,12,386,77,25,32,7,11,0,12,234,65,80,44,13,29
"5698","060379200352","Block Group 2, Census Tract 9200.35, Los Angeles County, California",805,430,0,12,0,12,0,12,0,12,0,12,0,12,0,12,0,12,46,73,45,72,0,12,0,12,0,12,0,12,0,12,0,12,0,12,19,32,0,12,0,12,0,12,0,12,0,12,0,12,922,463,19,29,922,463,116,162,106,107,91,146,0,12,922,463,14,24,0,12,0,12,314,190,576,385,0,12
"5699","060377009013","Block Group 3, Census Tract 7009.01, Los Angeles County, California",805,189,0,12,0,12,0,12,0,12,0,12,0,12,0,12,0,12,0,12,0,12,0,12,0,12,8,14,8,14,0,12,0,12,0,12,0,12,32,41,0,12,0,12,0,12,0,12,0,12,841,211,96,77,841,211,14,21,10,15,24,24,0,12,841,211,40,46,0,12,9,15,667,200,32,52,0,12
"5700","060377009014","Block Group 4, Census Tract 7009.01, Los Angeles County, California",1348,367,0,12,0,12,0,12,0,12,0,12,0,12,0,12,0,12,0,12,12,18,10,16,0,12,16,22,0,12,0,12,0,12,0,12,0,12,16,25,0,12,0,12,0,12,0,12,0,12,1391,370,64,63,1391,370,0,12,12,18,0,12,0,12,1391,370,178,142,0,12,0,12,1077,388,80,75,0,12
"5701","060371911202","Block Group 2, Census Tract 1911.20, Los Angeles County, California",1918,391,0,12,0,12,0,12,0,12,0,12,0,12,0,12,0,12,283,177,35,54,34,40,74,53,4,8,0,12,0,12,0,12,8,11,93,75,0,12,18,26,5,13,50,78,18,27,0,12,1823,414,523,332,1823,414,0,12,87,92,121,170,13,19,2000,423,215,135,25,40,56,47,577,197,1121,397,3,7
"5702","060375529005","Block Group 5, Census Tract 5529, Los Angeles County, California",1836,472,0,12,0,12,0,12,0,12,0,12,0,12,0,12,0,12,112,158,0,12,0,12,0,12,56,49,0,12,0,12,0,12,12,19,0,12,0,12,0,12,42,33,0,12,0,12,0,12,2070,579,394,396,2070,579,0,12,134,122,64,73,0,12,2070,579,473,210,0,12,284,248,182,92,1103,493,0,12
"5703","060375529002","Block Group 2, Census Tract 5529, Los Angeles County, California",746,326,0,12,0,12,0,12,0,12,0,12,0,12,0,12,0,12,74,68,0,12,0,12,0,12,9,16,0,12,0,12,0,12,25,44,0,12,0,12,0,12,9,15,0,12,0,12,0,12,763,322,42,64,763,322,0,12,18,33,39,47,0,12,763,322,132,88,0,12,38,44,122,135,439,281,32,49
"5704","060375531003","Block Group 3, Census Tract 5531, Los Angeles County, California",672,193,0,12,0,12,0,12,0,12,0,12,0,12,0,12,0,12,0,12,0,12,0,12,0,12,0,12,27,40,0,12,0,12,19,22,0,12,0,12,0,12,0,12,0,12,0,12,0,12,720,209,47,74,720,209,0,12,8,13,48,41,0,12,720,209,110,162,0,12,40,53,475,175,53,45,0,12
"5705","060375537012","Block Group 2, Census Tract 5537.01, Los Angeles County, California",1387,271,0,12,0,12,0,12,0,12,0,12,0,12,0,12,0,12,209,82,55,66,0,12,0,12,0,12,0,12,0,12,0,12,10,10,0,12,0,12,0,12,0,12,0,12,0,12,0,12,1483,307,303,195,1483,307,14,21,58,39,61,37,0,12,1483,307,0,12,0,12,0,12,32,26,1444,303,0,12
"5706","060375539011","Block Group 1, Census Tract 5539.01, Los Angeles County, California",2145,473,0,12,0,12,0,12,0,12,0,12,0,12,0,12,0,12,9,16,23,37,0,12,0,12,0,12,0,12,0,12,0,12,60,54,37,37,0,12,0,12,8,13,4,8,0,12,0,12,2054,463,22,27,2078,471,0,12,22,35,35,40,0,12,2214,491,56,47,0,12,67,65,117,87,1974,474,0,12
"5707","060375539013","Block Group 3, Census Tract 5539.01, Los Angeles County, California",1708,450,0,12,0,12,0,12,0,12,0,12,0,12,0,12,0,12,56,57,11,19,0,12,0,12,4,7,0,12,0,12,0,12,15,23,28,35,0,12,0,12,0,12,0,12,0,12,0,12,1843,484,160,205,1843,484,129,144,112,97,137,94,0,12,1843,484,13,18,0,12,115,94,68,95,1556,463,0,12
"5708","060375551041","Block Group 1, Census Tract 5551.04, Los Angeles County, California",2215,372,0,12,0,12,0,12,0,12,16,14,0,12,0,12,0,12,39,51,5,11,0,12,0,12,20,24,10,16,0,12,0,12,0,12,15,22,0,12,0,12,32,40,0,12,0,12,0,12,2423,408,285,269,2441,408,9,14,103,74,53,41,0,12,2441,408,573,188,0,12,165,142,637,243,1000,350,0,12
"5709","060379200162","Block Group 2, Census Tract 9200.16, Los Angeles County, California",2781,319,30,32,0,12,0,12,0,12,0,12,0,12,0,12,0,12,0,12,0,12,0,12,0,12,0,12,0,12,0,12,0,12,0,12,0,12,0,12,0,12,0,12,0,12,0,12,0,12,2988,319,46,50,2988,319,26,38,16,24,35,38,0,12,2988,319,495,159,0,12,168,108,1619,253,620,215,0,12
"5710","060376510021","Block Group 1, Census Tract 6510.02, Los Angeles County, California",1161,203,0,12,0,12,0,12,0,12,0,12,0,12,0,12,0,12,0,12,0,12,0,12,0,12,49,47,0,12,0,12,0,12,0,12,0,12,0,12,0,12,48,41,8,14,0,12,0,12,1193,209,77,62,1193,209,0,12,0,12,37,39,0,12,1193,209,406,134,0,12,41,39,342,110,347,158,38,48
"5711","060376512015","Block Group 5, Census Tract 6512.01, Los Angeles County, California",786,194,0,12,0,12,0,12,0,12,0,12,0,12,0,12,0,12,0,12,0,12,0,12,0,12,0,12,0,12,0,12,0,12,0,12,0,12,10,18,0,12,0,12,0,12,0,12,0,12,822,221,24,23,822,221,0,12,0,12,63,49,0,12,822,221,155,98,0,12,8,12,615,217,30,35,0,12
"5712","060376512211","Block Group 1, Census Tract 6512.21, Los Angeles County, California",3386,256,0,12,0,12,0,12,0,12,6,10,0,12,0,12,0,12,0,12,0,12,31,42,0,12,53,39,0,12,0,12,0,12,9,15,0,12,12,18,9,11,25,27,14,29,0,12,0,12,3583,283,135,68,3571,281,45,40,58,49,132,77,0,12,3697,295,1755,234,0,12,193,132,1057,178,540,137,10,16
"5713","060372972011","Block Group 1, Census Tract 2972.01, Los Angeles County, California",2757,511,0,12,0,12,0,12,0,12,0,12,0,12,0,12,0,12,105,78,89,112,0,12,0,12,13,22,0,12,0,12,0,12,11,18,0,12,0,12,0,12,0,12,59,86,0,12,0,12,3092,509,204,226,3092,509,65,108,127,131,145,141,0,12,3092,509,172,183,0,12,216,166,529,325,2099,552,15,27
"5714","060372969022","Block Group 2, Census Tract 2969.02, Los Angeles County, California",1968,298,0,12,0,12,0,12,0,12,0,12,0,12,0,12,0,12,19,34,0,12,0,12,0,12,0,12,0,12,0,12,0,12,0,12,0,12,0,12,0,12,0,12,0,12,0,12,0,12,2058,295,257,219,2094,307,48,74,62,57,91,81,0,12,2103,305,61,53,0,12,27,46,701,149,1248,295,15,23
"5715","060372969012","Block Group 2, Census Tract 2969.01, Los Angeles County, California",1074,383,0,12,0,12,0,12,0,12,0,12,0,12,0,12,0,12,155,174,9,17,14,22,0,12,0,12,0,12,0,12,0,12,4,8,3,8,0,12,0,12,0,12,0,12,0,12,0,12,1133,408,145,114,1133,408,0,12,51,59,81,63,0,12,1133,408,14,16,0,12,39,29,306,183,766,396,8,14
"5716","060372086203","Block Group 3, Census Tract 2086.20, Los Angeles County, California",1342,256,0,12,0,12,0,12,0,12,11,16,0,12,0,12,0,12,51,47,0,12,9,15,0,12,8,12,0,12,0,12,0,12,0,12,28,44,0,12,0,12,69,53,0,12,0,12,0,12,1450,278,417,219,1450,278,84,116,62,50,84,75,0,12,1450,278,535,196,25,40,119,88,154,68,535,242,0,12
"5717","060378004084","Block Group 4, Census Tract 8004.08, Los Angeles County, California",1468,430,0,12,0,12,0,12,0,12,0,12,0,12,0,12,0,12,0,12,0,12,0,12,0,12,0,12,0,12,0,12,0,12,0,12,0,12,0,12,0,12,0,12,0,12,0,12,0,12,1468,430,29,48,1468,430,0,12,0,12,40,65,0,12,1468,430,0,12,0,12,0,12,1212,366,185,154,0,12
"5718","060378004061","Block Group 1, Census Tract 8004.06, Los Angeles County, California",1342,255,0,12,0,12,0,12,0,12,0,12,0,12,0,12,0,12,7,11,0,12,0,12,0,12,0,12,0,12,0,12,0,12,6,13,0,12,0,12,0,12,0,12,0,12,0,12,0,12,1177,273,32,30,1177,273,0,12,0,12,64,39,0,12,1424,280,81,58,0,12,85,72,771,190,311,107,15,18
"5719","060378003321","Block Group 1, Census Tract 8003.32, Los Angeles County, California",1269,450,0,12,0,12,0,12,0,12,0,12,0,12,0,12,0,12,0,12,0,12,0,12,0,12,0,12,0,12,0,12,0,12,2,4,0,12,0,12,0,12,3,6,2,5,0,12,0,12,1321,477,308,369,1321,477,0,12,0,12,0,12,0,12,1335,479,50,69,0,12,38,61,1102,468,130,116,0,12
"5720","060378003325","Block Group 5, Census Tract 8003.32, Los Angeles County, California",1119,290,0,12,0,12,9,15,0,12,0,12,0,12,0,12,0,12,0,12,0,12,0,12,0,12,0,12,0,12,0,12,0,12,0,12,0,12,0,12,0,12,0,12,0,12,0,12,0,12,1131,286,0,12,1131,286,0,12,0,12,0,12,0,12,1131,286,71,51,0,12,0,12,820,236,71,82,0,12
"5721","060372410022","Block Group 2, Census Tract 2410.02, Los Angeles County, California",978,288,0,12,0,12,0,12,0,12,0,12,0,12,0,12,0,12,31,22,25,30,0,12,0,12,0,12,0,12,0,12,0,12,14,23,31,34,0,12,0,12,0,12,0,12,0,12,0,12,997,297,295,206,1005,299,0,12,67,47,13,13,16,25,1005,299,0,12,0,12,469,227,8,12,476,210,0,12
"5722","060372975001","Block Group 1, Census Tract 2975, Los Angeles County, California",1586,344,0,12,0,12,0,12,0,12,0,12,0,12,0,12,0,12,0,12,0,12,0,12,0,12,0,12,0,12,0,12,0,12,0,12,0,12,15,23,47,73,0,12,0,12,0,12,0,12,1651,370,32,38,1651,370,80,96,11,23,103,83,0,12,1651,370,83,61,0,12,57,71,770,192,659,301,0,12
"5723","060373004002","Block Group 2, Census Tract 3004, Los Angeles County, California",1033,337,0,12,0,12,0,12,0,12,0,12,0,12,0,12,0,12,0,12,1,3,0,12,0,12,27,45,0,12,0,12,0,12,0,12,0,12,0,12,0,12,0,12,0,12,0,12,0,12,1053,330,10,16,1030,326,20,45,1,2,34,38,0,12,1053,330,196,155,0,12,1,3,552,271,258,191,0,12
"5724","060378003243","Block Group 3, Census Tract 8003.24, Los Angeles County, California",1848,387,0,12,0,12,0,12,0,12,0,12,0,12,0,12,0,12,0,12,0,12,60,87,0,12,0,12,0,12,0,12,0,12,0,12,0,12,0,12,0,12,0,12,0,12,0,12,0,12,1962,457,0,12,1962,457,0,12,0,12,62,100,0,12,1962,457,47,74,0,12,40,61,1627,459,233,156,0,12
"5725","060378003262","Block Group 2, Census Tract 8003.26, Los Angeles County, California",956,274,0,12,0,12,0,12,0,12,0,12,0,12,0,12,0,12,0,12,0,12,0,12,0,12,0,12,0,12,0,12,0,12,0,12,0,12,0,12,0,12,0,12,0,12,0,12,0,12,1047,317,42,47,1047,317,9,15,55,68,27,32,0,12,1047,317,52,66,0,12,0,12,812,286,164,170,0,12
"5726","060371274003","Block Group 3, Census Tract 1274, Los Angeles County, California",1651,360,0,12,0,12,0,12,0,12,0,12,0,12,0,12,0,12,148,92,63,63,0,12,0,12,0,12,0,12,6,10,0,12,30,34,0,12,7,11,6,11,0,12,0,12,0,12,0,12,1861,415,182,109,1861,415,0,12,94,84,197,148,0,12,1861,415,33,53,0,12,30,35,335,149,1387,419,0,12
"5727","060374308014","Block Group 4, Census Tract 4308.01, Los Angeles County, California",1926,439,0,12,0,12,0,12,0,12,76,106,0,12,0,12,0,12,0,12,0,12,18,32,0,12,122,76,17,26,0,12,0,12,0,12,0,12,0,12,0,12,121,156,44,83,0,12,0,12,2149,524,151,130,2149,524,47,55,61,73,74,72,0,12,2149,524,1572,436,11,20,0,12,407,249,50,62,0,12
"5728","060372398023","Block Group 3, Census Tract 2398.02, Los Angeles County, California",1533,508,0,12,0,12,0,12,0,12,0,12,0,12,0,12,0,12,210,144,93,85,0,12,0,12,0,12,0,12,0,12,0,12,37,41,0,12,0,12,0,12,0,12,0,12,0,12,0,12,1526,501,519,363,1566,521,0,12,77,89,53,62,0,12,1566,521,0,12,0,12,358,289,44,68,1164,402,0,12
"5729","060373012043","Block Group 3, Census Tract 3012.04, Los Angeles County, California",904,293,0,12,0,12,0,12,0,12,0,12,0,12,0,12,0,12,0,12,0,12,134,114,22,35,0,12,0,12,0,12,0,12,0,12,0,12,141,146,0,12,0,12,0,12,0,12,0,12,1001,327,127,146,1001,327,0,12,36,47,167,139,0,12,1001,327,25,36,0,12,0,12,919,327,57,53,0,12
"5730","060374064112","Block Group 2, Census Tract 4064.11, Los Angeles County, California",970,216,0,12,0,12,0,12,0,12,0,12,0,12,0,12,0,12,14,22,0,12,0,12,0,12,16,20,0,12,0,12,0,12,9,10,7,10,0,12,0,12,9,16,7,11,0,12,0,12,1058,223,44,32,1072,234,68,86,0,12,83,68,0,12,1072,234,226,123,0,12,16,25,82,47,694,263,0,12
"5731","060371112053","Block Group 3, Census Tract 1112.05, Los Angeles County, California",1482,419,0,12,0,12,0,12,0,12,0,12,0,12,0,12,0,12,10,18,0,12,0,12,0,12,11,18,0,12,0,12,0,12,0,12,1,10,0,12,0,12,21,33,0,12,0,12,0,12,1573,438,46,48,1573,438,26,40,22,35,27,39,0,12,1573,438,534,325,15,24,91,89,390,162,437,265,0,12
"5732","060372699052","Block Group 2, Census Tract 2699.05, Los Angeles County, California",1746,213,0,12,0,12,0,12,0,12,0,12,0,12,0,12,0,12,47,50,0,12,0,12,10,15,0,12,0,12,0,12,0,12,0,12,0,12,0,12,0,12,0,12,0,12,13,19,0,12,1799,227,221,104,1799,227,0,12,51,41,75,36,9,15,1799,227,332,152,0,12,252,136,539,126,567,130,0,12
"5733","060376024041","Block Group 1, Census Tract 6024.04, Los Angeles County, California",1094,318,0,12,0,12,0,12,0,12,0,12,0,12,0,12,0,12,118,95,10,16,0,12,0,12,10,16,0,12,0,12,0,12,39,43,21,27,0,12,0,12,39,31,0,12,0,12,0,12,1114,322,246,160,1098,326,18,29,46,42,43,56,0,12,1114,322,69,61,0,12,152,65,84,67,633,216,0,12
"5734","060374823042","Block Group 2, Census Tract 4823.04, Los Angeles County, California",1676,316,5,7,0,12,0,12,0,12,12,14,5,12,0,12,0,12,74,45,23,30,0,12,0,12,245,58,137,75,0,12,0,12,16,16,78,54,0,12,0,12,30,22,90,48,0,12,0,12,1717,343,513,300,1717,343,9,14,40,27,142,72,0,12,1771,344,897,176,0,12,11,23,55,43,759,318,0,12
"5735","060375008002","Block Group 2, Census Tract 5008, Los Angeles County, California",910,357,0,12,0,12,0,12,0,12,0,12,0,12,0,12,0,12,37,42,17,26,0,12,0,12,0,12,0,12,0,12,0,12,54,44,21,33,0,12,0,12,0,12,0,12,0,12,0,12,992,382,108,70,992,382,0,12,17,26,11,17,0,12,992,382,0,12,0,12,3,7,63,45,926,389,0,12
"5736","060375036011","Block Group 1, Census Tract 5036.01, Los Angeles County, California",2234,305,0,12,0,12,0,12,0,12,0,12,0,12,0,12,0,12,15,20,0,12,0,12,0,12,21,33,0,12,0,12,0,12,20,15,10,15,4,9,5,10,13,20,8,17,0,12,0,12,2085,302,47,54,2085,302,0,12,0,12,33,36,0,12,2289,319,149,109,9,15,23,14,890,176,1155,309,0,12
"5737","060375036021","Block Group 1, Census Tract 5036.02, Los Angeles County, California",1432,394,0,12,0,12,0,12,0,12,0,12,0,12,0,12,0,12,0,12,0,12,0,12,0,12,19,30,0,12,0,12,0,12,7,13,0,12,0,12,0,12,0,12,0,12,0,12,0,12,1460,396,59,56,1460,396,0,12,16,27,0,12,0,12,1460,396,182,111,0,12,14,18,450,135,695,375,0,12
"5738","060375037022","Block Group 2, Census Tract 5037.02, Los Angeles County, California",3323,445,0,12,0,12,0,12,0,12,0,12,13,20,0,12,0,12,54,64,0,12,0,12,0,12,0,12,0,12,0,12,0,12,0,12,19,28,0,12,0,12,0,12,0,12,0,12,0,12,3485,472,489,316,3485,472,76,82,139,95,262,171,19,28,3485,472,118,75,13,20,30,47,1159,213,2053,464,0,12
"5739","060375040025","Block Group 5, Census Tract 5040.02, Los Angeles County, California",1465,489,0,12,0,12,0,12,0,12,0,12,0,12,0,12,0,12,12,20,0,12,0,12,0,12,0,12,0,12,0,12,0,12,0,12,0,12,0,12,0,12,0,12,0,12,0,12,0,12,1465,489,53,51,1465,489,0,12,0,12,9,14,0,12,1465,489,254,123,0,12,12,19,331,128,868,490,0,12
"5740","060375041012","Block Group 2, Census Tract 5041.01, Los Angeles County, California",1681,279,6,10,0,12,0,12,0,12,0,12,0,12,0,12,0,12,75,50,8,14,0,12,0,12,0,12,0,12,0,12,0,12,87,59,14,23,0,12,0,12,0,12,0,12,0,12,0,12,1821,315,122,81,1804,309,20,24,92,56,91,56,0,12,1821,315,363,128,0,12,32,48,230,104,1182,307,0,12
"5741","060371274002","Block Group 2, Census Tract 1274, Los Angeles County, California",1576,391,0,12,0,12,0,12,0,12,0,12,0,12,0,12,0,12,147,105,21,33,0,12,0,12,0,12,0,12,0,12,0,12,0,12,0,12,22,25,0,12,0,12,0,12,0,12,0,12,1645,402,116,152,1645,402,27,31,45,42,100,72,0,12,1645,402,145,105,0,12,42,48,569,169,852,362,16,25
"5742","060371285002","Block Group 2, Census Tract 1285, Los Angeles County, California",2524,330,0,12,0,12,0,12,0,12,0,12,0,12,0,12,0,12,32,47,0,12,0,12,0,12,0,12,0,12,29,44,0,12,0,12,0,12,0,12,0,12,0,12,0,12,0,12,0,12,2767,384,289,150,2767,384,0,12,15,17,110,66,0,12,2767,384,178,75,0,12,199,124,1670,233,436,182,0,12
"5743","060374333052","Block Group 2, Census Tract 4333.05, Los Angeles County, California",1575,431,0,12,0,12,0,12,0,12,11,18,0,12,0,12,0,12,111,86,163,156,0,12,0,12,131,75,24,35,0,12,0,12,50,57,0,12,0,12,4,9,67,53,36,39,0,12,0,12,1581,437,269,169,1581,437,23,32,133,118,130,81,0,12,1601,436,592,190,29,39,0,12,39,38,941,467,0,12
"5744","060372083022","Block Group 2, Census Tract 2083.02, Los Angeles County, California",1627,394,0,12,0,12,0,12,0,12,0,12,0,12,0,12,0,12,174,75,78,59,0,12,0,12,22,35,0,12,0,12,0,12,32,38,73,68,0,12,0,12,0,12,33,52,0,12,0,12,1679,403,444,203,1679,403,0,12,0,12,182,96,21,33,1679,403,269,199,0,12,72,68,214,97,1124,363,0,12
"5745","060372060322","Block Group 2, Census Tract 2060.32, Los Angeles County, California",1781,438,0,12,25,39,0,12,0,12,0,12,0,12,0,12,0,12,201,127,260,147,0,12,0,12,0,12,0,12,0,12,0,12,41,50,106,74,0,12,0,12,132,69,11,16,0,12,0,12,1890,508,806,420,1890,508,25,39,135,114,138,91,0,12,1890,508,283,84,0,12,0,12,64,56,1533,509,0,12
"5746","060379108121","Block Group 1, Census Tract 9108.12, Los Angeles County, California",353,108,0,12,0,12,0,12,0,12,0,12,0,12,0,12,0,12,0,12,0,12,0,12,0,12,0,12,0,12,0,12,0,12,0,12,0,12,0,12,0,12,0,12,0,12,0,12,0,12,363,111,52,50,363,111,0,12,20,33,4,6,0,12,363,111,4,6,0,12,0,12,281,100,75,46,3,6
"5747","060379100013","Block Group 3, Census Tract 9100.01, Los Angeles County, California",2662,591,0,12,0,12,0,12,0,12,0,12,0,12,0,12,0,12,192,106,97,57,0,12,0,12,0,12,0,12,0,12,0,12,61,64,28,37,0,12,0,12,0,12,0,12,0,12,0,12,3021,745,260,125,3021,745,12,21,36,35,121,99,0,12,3021,745,32,35,0,12,382,462,358,120,2174,708,0,12
"5748","060375311022","Block Group 2, Census Tract 5311.02, Los Angeles County, California",821,182,0,12,0,12,0,12,0,12,0,12,0,12,0,12,0,12,100,41,24,25,0,12,0,12,0,12,0,12,0,12,0,12,55,51,19,18,0,12,0,12,0,12,0,12,0,12,0,12,879,204,296,162,897,201,0,12,19,24,6,9,0,12,897,201,0,12,0,12,0,12,4,6,886,201,7,10
"5749","060375316021","Block Group 1, Census Tract 5316.02, Los Angeles County, California",952,323,26,32,0,12,0,12,0,12,0,12,0,12,0,12,0,12,161,73,53,48,0,12,0,12,0,12,0,12,0,12,0,12,61,42,27,33,0,12,0,12,0,12,0,12,0,12,0,12,996,344,300,215,996,344,11,18,26,40,126,99,0,12,996,344,0,12,7,11,0,12,0,12,989,346,0,12
"5750","060375317023","Block Group 3, Census Tract 5317.02, Los Angeles County, California",1847,642,18,28,26,39,0,12,0,12,0,12,0,12,0,12,0,12,241,128,268,217,0,12,0,12,0,12,0,12,0,12,0,12,79,42,0,12,0,12,0,12,0,12,0,12,0,12,0,12,2085,720,207,257,2085,720,26,39,152,123,277,188,0,12,2085,720,0,12,0,12,0,12,59,75,1976,748,0,12
"5751","060375319023","Block Group 3, Census Tract 5319.02, Los Angeles County, California",1517,516,0,12,0,12,0,12,0,12,0,12,0,12,0,12,0,12,131,81,172,196,0,12,0,12,0,12,0,12,0,12,0,12,64,67,33,51,0,12,0,12,0,12,0,12,0,12,0,12,1570,557,351,416,1618,602,0,12,57,43,122,136,33,51,1618,602,0,12,0,12,0,12,102,102,1516,603,0,12
"5752","060376002013","Block Group 3, Census Tract 6002.01, Los Angeles County, California",1090,375,0,12,0,12,0,12,0,12,0,12,0,12,0,12,0,12,42,42,92,91,0,12,0,12,0,12,0,12,0,12,0,12,17,28,10,17,0,12,0,12,0,12,0,12,0,12,0,12,1228,422,387,291,1228,422,36,56,90,72,96,87,0,12,1228,422,0,12,0,12,483,256,2,4,743,347,0,12
"5753","060376008012","Block Group 2, Census Tract 6008.01, Los Angeles County, California",584,225,0,12,0,12,0,12,0,12,0,12,0,12,0,12,0,12,0,12,0,12,0,12,0,12,0,12,0,12,0,12,0,12,8,12,0,12,0,12,0,12,0,12,0,12,0,12,0,12,649,295,48,50,649,295,22,35,41,48,61,51,0,12,649,295,0,12,0,12,631,294,0,12,18,14,0,12
"5754","060375770002","Block Group 2, Census Tract 5770, Los Angeles County, California",2394,573,0,12,0,12,0,12,0,12,37,50,0,12,0,12,0,12,0,12,0,12,0,12,0,12,0,12,0,12,0,12,0,12,6,13,0,12,0,12,0,12,0,12,0,12,0,12,0,12,2459,634,362,226,2524,646,0,12,28,34,135,129,0,12,2554,646,366,217,0,12,417,352,873,321,779,450,0,12
"5755","060375770003","Block Group 3, Census Tract 5770, Los Angeles County, California",965,277,0,12,0,12,0,12,0,12,0,12,0,12,0,12,0,12,0,12,0,12,0,12,0,12,0,12,0,12,0,12,0,12,0,12,0,12,0,12,0,12,0,12,0,12,0,12,0,12,983,290,44,50,983,290,0,12,36,40,10,17,0,12,983,290,48,75,0,12,44,55,729,276,148,83,0,12
"5756","060375990001","Block Group 1, Census Tract 5990, Los Angeles County, California",398,257,0,12,0,12,0,12,0,12,0,12,0,12,0,12,0,12,0,12,0,12,0,12,0,12,0,12,0,12,0,12,0,12,0,12,0,12,0,12,0,12,0,12,0,12,0,12,0,12,398,257,55,84,398,257,0,12,70,80,60,71,0,12,398,257,0,12,0,12,1,3,239,193,128,110,0,12
"5757","060374047014","Block Group 4, Census Tract 4047.01, Los Angeles County, California",837,307,0,12,0,12,0,12,0,12,33,45,0,12,0,12,0,12,70,87,0,12,0,12,0,12,89,90,0,12,0,12,0,12,33,50,0,12,0,12,0,12,0,12,0,12,0,12,0,12,906,320,62,96,906,320,0,12,13,20,23,33,0,12,906,320,236,222,0,12,0,12,166,187,487,307,0,12
"5758","060374047031","Block Group 1, Census Tract 4047.03, Los Angeles County, California",527,251,0,12,59,91,0,12,0,12,0,12,0,12,0,12,0,12,36,31,77,60,0,12,0,12,0,12,0,12,0,12,0,12,0,12,5,7,0,12,0,12,0,12,0,12,0,12,0,12,584,257,138,129,584,257,0,12,74,45,87,73,0,12,584,257,32,44,0,12,0,12,0,12,552,253,0,12
"5759","060374051013","Block Group 3, Census Tract 4051.01, Los Angeles County, California",651,267,0,12,15,26,0,12,0,12,0,12,0,12,0,12,0,12,60,48,10,16,0,12,0,12,0,12,0,12,0,12,0,12,0,12,10,16,0,12,0,12,1,3,0,12,0,12,0,12,789,333,267,242,789,333,0,12,43,49,43,40,0,12,789,333,94,119,0,12,1,3,2,3,692,316,0,12
"5760","060374056005","Block Group 5, Census Tract 4056, Los Angeles County, California",812,211,0,12,0,12,0,12,0,12,0,12,0,12,0,12,0,12,11,17,0,12,0,12,0,12,112,73,20,28,0,12,0,12,12,20,0,12,0,12,0,12,25,30,20,31,0,12,0,12,906,235,94,107,906,235,0,12,11,17,17,20,0,12,906,235,418,214,0,12,72,97,145,67,264,143,0,12
"5761","060374056001","Block Group 1, Census Tract 4056, Los Angeles County, California",1248,421,0,12,0,12,0,12,0,12,0,12,0,12,0,12,0,12,0,12,0,12,0,12,0,12,14,26,0,12,0,12,0,12,0,12,24,30,0,12,0,12,38,39,0,12,0,12,0,12,1286,403,107,57,1392,513,0,12,0,12,53,50,0,12,1392,513,157,91,0,12,27,35,258,108,941,524,0,12
"5762","060371111001","Block Group 1, Census Tract 1111, Los Angeles County, California",1496,217,0,12,0,12,4,7,0,12,0,12,0,12,0,12,0,12,82,53,21,21,5,7,0,12,8,13,8,13,0,12,0,12,0,12,6,9,0,12,18,22,4,8,0,12,0,12,0,12,1535,225,129,66,1538,225,0,12,32,34,36,43,0,12,1538,225,240,103,0,12,13,23,425,110,860,243,0,12
"5763","060371113021","Block Group 1, Census Tract 1113.02, Los Angeles County, California",1335,366,0,12,0,12,0,12,0,12,0,12,0,12,0,12,0,12,0,12,0,12,0,12,0,12,52,61,0,12,0,12,0,12,0,12,0,12,0,12,0,12,9,14,9,14,0,12,0,12,1390,403,138,78,1401,405,0,12,11,18,0,12,0,12,1401,405,223,221,0,12,0,12,1125,310,53,71,0,12
"5764","060371114002","Block Group 2, Census Tract 1114, Los Angeles County, California",1843,521,0,12,0,12,0,12,0,12,0,12,0,12,0,12,0,12,0,12,15,26,0,12,0,12,37,49,0,12,33,31,0,12,0,12,0,12,88,106,0,12,35,47,0,12,0,12,0,12,1872,524,308,280,1872,524,0,12,66,90,58,100,0,12,1873,523,342,267,0,12,25,46,885,261,603,430,0,12
"5765","060372760001","Block Group 1, Census Tract 2760, Los Angeles County, California",1449,382,0,12,0,12,0,12,0,12,0,12,0,12,0,12,0,12,0,12,0,12,0,12,0,12,0,12,0,12,0,12,0,12,0,12,0,12,0,12,0,12,0,12,0,12,0,12,0,12,1437,362,82,68,1489,386,26,41,23,37,0,12,0,12,1489,386,210,140,0,12,176,153,851,297,172,112,0,12
"5766","060372760003","Block Group 3, Census Tract 2760, Los Angeles County, California",1372,441,0,12,0,12,0,12,0,12,0,12,0,12,0,12,0,12,0,12,0,12,0,12,0,12,0,12,0,12,0,12,0,12,0,12,0,12,0,12,0,12,0,12,0,12,0,12,0,12,1412,436,21,34,1412,436,25,40,19,30,17,27,0,12,1412,436,206,119,0,12,0,12,524,166,671,400,0,12
"5767","060376028022","Block Group 2, Census Tract 6028.02, Los Angeles County, California",1589,549,0,12,33,45,0,12,0,12,0,12,0,12,0,12,0,12,74,62,151,209,0,12,0,12,0,12,0,12,0,12,0,12,0,12,54,57,0,12,0,12,0,12,0,12,0,12,0,12,1802,669,95,86,1802,669,165,186,68,69,55,45,0,12,1802,669,0,12,0,12,787,478,12,19,991,646,0,12
"5768","060376028011","Block Group 1, Census Tract 6028.01, Los Angeles County, California",2360,344,0,12,0,12,0,12,0,12,0,12,0,12,0,12,0,12,399,145,95,79,0,12,0,12,0,12,0,12,0,12,0,12,0,12,28,36,0,12,0,12,0,12,0,12,0,12,0,12,2619,405,571,258,2619,405,0,12,178,81,150,108,0,12,2619,405,0,12,0,12,631,210,12,9,1897,360,0,12
"5769","060376020041","Block Group 1, Census Tract 6020.04, Los Angeles County, California",2105,369,0,12,0,12,0,12,0,12,0,12,0,12,0,12,0,12,147,83,111,73,0,12,0,12,19,29,0,12,0,12,0,12,78,48,14,23,0,12,0,12,0,12,0,12,0,12,0,12,2229,363,413,239,2229,363,10,16,127,102,157,97,0,12,2229,363,19,29,0,12,429,210,198,140,1572,311,0,12
"5770","060376023013","Block Group 3, Census Tract 6023.01, Los Angeles County, California",994,325,0,12,0,12,0,12,0,12,0,12,0,12,0,12,0,12,0,12,0,12,0,12,0,12,0,12,0,12,0,12,0,12,18,28,0,12,0,12,0,12,5,9,0,12,0,12,0,12,1047,366,9,14,1047,366,0,12,0,12,0,12,0,12,1047,366,80,59,0,12,0,12,281,136,559,354,0,12
"5771","060376023015","Block Group 5, Census Tract 6023.01, Los Angeles County, California",1331,366,0,12,0,12,0,12,0,12,0,12,0,12,0,12,0,12,5,13,0,12,0,12,0,12,8,16,0,12,0,12,0,12,0,12,6,17,0,12,0,12,12,20,0,12,0,12,0,12,1409,374,0,12,1409,374,12,17,0,12,0,12,0,12,1409,374,68,80,0,12,100,146,490,265,751,323,0,12
"5772","060372222001","Block Group 1, Census Tract 2222, Los Angeles County, California",2117,477,16,24,0,12,0,12,0,12,0,12,0,12,0,12,0,12,157,78,123,86,0,12,0,12,44,48,19,31,0,12,0,12,19,30,0,12,0,12,0,12,0,12,0,12,0,12,0,12,2181,493,467,271,2194,492,201,292,62,71,258,131,0,12,2194,492,160,106,0,12,347,253,94,63,1571,526,0,12
"5773","060372281003","Block Group 3, Census Tract 2281, Los Angeles County, California",1678,524,18,33,0,12,0,12,0,12,0,12,0,12,0,12,0,12,328,188,101,96,0,12,0,12,0,12,0,12,0,12,0,12,12,19,38,58,0,12,0,12,0,12,0,12,0,12,0,12,1765,556,345,294,1765,556,0,12,131,83,151,111,0,12,1765,556,0,12,0,12,278,122,0,12,1487,532,0,12
"5774","060372324001","Block Group 1, Census Tract 2324, Los Angeles County, California",849,324,0,12,16,25,0,12,0,12,0,12,0,12,0,12,0,12,64,70,34,38,0,12,0,12,0,12,0,12,0,12,0,12,0,12,0,12,0,12,0,12,0,12,0,12,0,12,0,12,871,343,252,162,886,341,31,35,65,58,73,52,0,12,886,341,90,141,0,12,432,278,27,35,337,236,0,12
"5775","060372413001","Block Group 1, Census Tract 2413, Los Angeles County, California",681,168,13,18,0,12,0,12,0,12,0,12,0,12,0,12,0,12,82,52,46,37,0,12,0,12,0,12,0,12,0,12,0,12,29,24,10,16,0,12,0,12,0,12,0,12,0,12,0,12,707,178,214,103,719,180,2,8,15,15,47,37,0,12,719,180,1,2,0,12,267,100,40,40,407,164,0,12
"5776","060374811033","Block Group 3, Census Tract 4811.03, Los Angeles County, California",1285,334,0,12,0,12,0,12,0,12,13,21,0,12,0,12,0,12,14,22,0,12,0,12,0,12,57,46,24,36,0,12,0,12,0,12,24,37,0,12,0,12,11,16,8,13,0,12,0,12,1370,332,134,111,1370,332,83,101,63,66,66,70,0,12,1370,332,620,206,0,12,0,12,47,83,703,260,0,12
"5777","060371253103","Block Group 3, Census Tract 1253.10, Los Angeles County, California",2092,474,0,12,0,12,0,12,0,12,0,12,0,12,0,12,0,12,66,74,30,47,0,12,0,12,0,12,0,12,0,12,0,12,0,12,0,12,0,12,0,12,0,12,0,12,0,12,0,12,2180,503,486,254,2180,503,39,47,121,103,147,120,0,12,2180,503,71,62,0,12,584,382,719,293,744,336,0,12
"5778","060371272103","Block Group 3, Census Tract 1272.10, Los Angeles County, California",2409,506,0,12,0,12,0,12,0,12,0,12,0,12,0,12,0,12,145,109,40,50,58,56,0,12,9,14,0,12,0,12,0,12,7,11,9,14,0,12,32,37,10,16,10,15,0,12,0,12,2575,530,427,181,2575,530,8,14,221,151,244,126,0,12,2575,530,284,148,0,12,294,188,714,185,1267,491,0,12
"5779","060371310202","Block Group 2, Census Tract 1310.20, Los Angeles County, California",1655,567,0,12,0,12,0,12,0,12,0,12,0,12,0,12,0,12,278,171,52,54,0,12,0,12,0,12,0,12,0,12,0,12,39,51,30,47,0,12,0,12,0,12,0,12,0,12,0,12,1752,593,113,76,1755,593,101,108,59,57,90,71,0,12,1755,593,38,56,4,11,0,12,221,100,1489,613,0,12
"5780","060374806006","Block Group 6, Census Tract 4806, Los Angeles County, California",739,220,0,12,0,12,0,12,0,12,0,12,0,12,0,12,0,12,0,12,0,12,0,12,0,12,0,12,0,12,0,12,0,12,0,12,0,12,0,12,0,12,0,12,0,12,13,22,0,12,739,220,13,22,739,220,0,12,0,12,0,12,0,12,739,220,168,149,0,12,16,26,418,190,126,108,0,12
"5781","060374806003","Block Group 3, Census Tract 4806, Los Angeles County, California",1212,285,0,12,0,12,0,12,0,12,0,12,0,12,0,12,0,12,5,11,0,12,0,12,0,12,0,12,0,12,0,12,0,12,11,16,8,13,0,12,0,12,0,12,5,10,0,12,0,12,1220,342,93,81,1220,342,0,12,28,44,0,12,14,22,1333,360,255,155,0,12,47,47,796,340,197,135,2,6
"5782","060374817121","Block Group 1, Census Tract 4817.12, Los Angeles County, California",2700,323,0,12,0,12,0,12,0,12,20,25,0,12,0,12,0,12,19,29,0,12,0,12,0,12,506,118,118,71,0,12,0,12,16,19,9,14,0,12,0,12,112,53,127,85,0,12,0,12,2798,339,276,144,2798,339,7,12,38,50,92,57,13,18,2798,339,2213,312,0,12,0,12,27,24,532,198,0,12
"5783","060374823031","Block Group 1, Census Tract 4823.03, Los Angeles County, California",1207,313,0,12,0,12,0,12,0,12,17,28,0,12,0,12,0,12,0,12,0,12,0,12,0,12,87,68,116,92,0,12,0,12,0,12,20,30,0,12,0,12,6,11,91,73,0,12,0,12,1280,344,146,117,1280,344,0,12,40,46,92,77,0,12,1280,344,670,263,0,12,0,12,132,149,465,277,0,12
"5784","060371956001","Block Group 1, Census Tract 1956, Los Angeles County, California",722,308,0,12,0,12,0,12,0,12,0,12,0,12,0,12,0,12,109,104,19,29,0,12,0,12,0,12,0,12,0,12,0,12,15,23,6,23,0,12,0,12,0,12,0,12,0,12,0,12,740,306,400,306,740,306,117,182,22,30,84,91,6,23,740,306,23,38,0,12,0,12,202,132,515,314,0,12
"5785","060372264101","Block Group 1, Census Tract 2264.10, Los Angeles County, California",2074,322,0,12,0,12,0,12,0,12,0,12,0,12,0,12,0,12,440,119,348,141,0,12,0,12,0,12,0,12,0,12,0,12,14,15,56,45,0,12,0,12,9,14,0,12,0,12,0,12,2195,343,674,246,2219,353,32,25,184,99,259,85,0,12,2219,353,16,17,0,12,0,12,7,13,2196,351,0,12
"5786","060379106012","Block Group 2, Census Tract 9106.01, Los Angeles County, California",1739,561,0,12,0,12,0,12,0,12,0,12,0,12,0,12,0,12,212,100,45,52,0,12,0,12,0,12,0,12,0,12,0,12,99,77,0,12,0,12,0,12,0,12,0,12,0,12,0,12,1958,632,540,359,1958,632,34,45,52,53,126,79,0,12,1958,632,0,12,0,12,0,12,65,70,1885,634,0,12
"5787","060379200131","Block Group 1, Census Tract 9200.13, Los Angeles County, California",1491,245,0,12,0,12,0,12,0,12,0,12,0,12,0,12,0,12,0,12,0,12,0,12,0,12,37,44,0,12,0,12,0,12,0,12,0,12,0,12,0,12,0,12,0,12,0,12,0,12,1591,277,92,66,1591,277,0,12,48,35,18,21,0,12,1591,277,249,165,0,12,89,134,825,161,283,120,0,12
"5788","060375537021","Block Group 1, Census Tract 5537.02, Los Angeles County, California",2481,382,12,19,0,12,0,12,0,12,0,12,0,12,0,12,0,12,153,84,71,53,0,12,0,12,11,20,0,12,0,12,0,12,41,44,97,80,0,12,0,12,0,12,0,12,0,12,0,12,2743,420,350,221,2743,420,26,28,28,34,98,60,66,74,2743,420,69,80,0,12,306,77,0,12,2345,412,0,12
"5789","060373201004","Block Group 4, Census Tract 3201, Los Angeles County, California",1859,389,0,12,0,12,0,12,0,12,0,12,0,12,0,12,0,12,294,149,111,81,0,12,0,12,0,12,0,12,0,12,0,12,127,81,89,83,0,12,0,12,0,12,0,12,0,12,0,12,2004,428,323,270,2004,428,44,50,108,103,69,55,0,12,2004,428,0,12,0,12,0,12,23,36,1973,438,0,12
"5790","060374002042","Block Group 2, Census Tract 4002.04, Los Angeles County, California",1107,290,0,12,0,12,0,12,0,12,0,12,0,12,0,12,0,12,0,12,0,12,0,12,0,12,0,12,0,12,0,12,0,12,14,24,0,12,0,12,0,12,0,12,0,12,0,12,0,12,1123,292,78,96,1123,292,0,12,4,13,0,12,0,12,1123,292,163,150,0,12,0,12,597,218,355,192,0,12
"5791","060374003022","Block Group 2, Census Tract 4003.02, Los Angeles County, California",1480,244,0,12,0,12,0,12,0,12,0,12,0,12,0,12,0,12,4,6,0,12,0,12,0,12,6,9,0,12,0,12,0,12,9,13,0,12,23,26,0,12,6,14,37,40,7,11,0,12,1560,248,174,118,1560,248,0,12,51,57,25,28,0,12,1573,250,140,102,0,12,132,162,677,197,580,226,0,12
"5792","060374011013","Block Group 3, Census Tract 4011.01, Los Angeles County, California",1190,518,0,12,0,12,0,12,0,12,0,12,0,12,0,12,0,12,0,12,0,12,0,12,0,12,0,12,0,12,0,12,0,12,0,12,0,12,0,12,0,12,0,12,0,12,0,12,0,12,1273,534,237,241,1273,534,0,12,0,12,13,22,0,12,1273,534,88,120,0,12,0,12,654,332,531,427,0,12
"5793","060375342031","Block Group 1, Census Tract 5342.03, Los Angeles County, California",1290,228,7,11,0,12,0,12,0,12,0,12,0,12,0,12,0,12,253,80,97,53,0,12,0,12,0,12,0,12,0,12,0,12,0,12,24,26,0,12,0,12,0,12,0,12,0,12,0,12,1411,247,394,204,1411,247,0,12,111,70,152,86,6,12,1411,247,0,12,0,12,0,12,24,26,1387,246,0,12
"5794","060375344052","Block Group 2, Census Tract 5344.05, Los Angeles County, California",1148,374,0,12,0,12,0,12,0,12,0,12,0,12,0,12,0,12,124,73,96,64,0,12,0,12,0,12,0,12,0,12,0,12,27,23,14,24,0,12,0,12,0,12,0,12,0,12,0,12,1241,404,339,247,1241,404,31,37,35,47,206,101,6,9,1241,404,0,12,0,12,0,12,14,16,1227,404,0,12
"5795","060375345012","Block Group 2, Census Tract 5345.01, Los Angeles County, California",1314,500,24,29,0,12,0,12,0,12,0,12,0,12,0,12,0,12,185,110,10,15,0,12,0,12,0,12,0,12,0,12,0,12,44,56,32,37,0,12,0,12,0,12,0,12,0,12,0,12,1459,612,326,285,1459,612,71,103,95,114,40,41,0,12,1459,612,0,12,0,12,0,12,10,15,1449,613,0,12
"5796","060375355011","Block Group 1, Census Tract 5355.01, Los Angeles County, California",1946,313,4,7,0,12,0,12,0,12,0,12,0,12,0,12,0,12,359,122,101,46,0,12,0,12,0,12,0,12,0,12,0,12,85,42,51,35,0,12,0,12,0,12,0,12,0,12,0,12,2214,376,516,275,2214,376,87,65,105,78,242,104,21,31,2214,376,0,12,0,12,28,41,18,20,2168,376,0,12
"5797","060375402021","Block Group 1, Census Tract 5402.02, Los Angeles County, California",1960,357,22,33,18,27,0,12,0,12,0,12,0,12,0,12,0,12,280,125,117,78,0,12,0,12,0,12,0,12,0,12,0,12,35,37,36,41,0,12,0,12,0,12,0,12,0,12,0,12,2254,394,810,365,2254,394,54,88,169,104,289,132,0,12,2254,394,0,12,0,12,0,12,112,110,2142,419,0,12
"5798","060371851002","Block Group 2, Census Tract 1851, Los Angeles County, California",2800,465,0,12,0,12,0,12,0,12,0,12,0,12,0,12,0,12,34,54,19,31,0,12,0,12,146,119,51,72,0,12,0,12,18,30,9,18,0,12,0,12,8,18,72,76,0,12,0,12,2844,542,285,220,2844,542,0,12,200,118,143,99,0,12,2927,542,603,400,0,12,128,146,897,236,1247,448,0,12
"5799","060371853201","Block Group 1, Census Tract 1853.20, Los Angeles County, California",1913,258,14,23,0,12,0,12,0,12,0,12,0,12,0,12,0,12,215,101,148,76,0,12,0,12,29,31,28,31,0,12,0,12,95,45,31,35,0,12,0,12,0,12,14,21,0,12,0,12,1974,264,348,172,1993,274,51,45,158,95,139,58,0,12,1993,274,103,87,0,12,11,15,201,87,1678,279,0,12
"5800","060371861003","Block Group 3, Census Tract 1861, Los Angeles County, California",1575,318,0,12,0,12,0,12,0,12,0,12,0,12,0,12,0,12,8,14,0,12,0,12,0,12,74,111,0,12,0,12,0,12,17,19,7,13,0,12,0,12,57,48,0,12,0,12,0,12,1691,339,135,108,1691,339,6,11,0,12,111,119,0,12,1691,339,561,220,0,12,10,17,457,175,576,241,0,12
"5801","060372737003","Block Group 3, Census Tract 2737, Los Angeles County, California",743,139,0,12,0,12,0,12,0,12,0,12,0,12,0,12,0,12,8,14,0,12,0,12,0,12,0,12,0,12,0,12,0,12,0,12,0,12,0,12,0,12,0,12,0,12,0,12,0,12,793,151,8,13,793,151,0,12,12,19,18,29,0,12,793,151,19,19,0,12,45,37,536,126,149,99,0,12
"5802","060372753021","Block Group 1, Census Tract 2753.02, Los Angeles County, California",767,227,0,12,0,12,0,12,0,12,0,12,0,12,0,12,0,12,0,12,0,12,0,12,0,12,0,12,0,12,0,12,0,12,0,12,0,12,0,12,0,12,0,12,0,12,0,12,0,12,781,235,4,9,781,235,0,12,0,12,21,33,0,12,781,235,243,127,0,12,4,9,246,139,178,114,0,12
"5803","060372942001","Block Group 1, Census Tract 2942, Los Angeles County, California",1598,412,0,12,0,12,0,12,0,12,0,12,0,12,0,12,0,12,79,53,58,76,0,12,0,12,0,12,0,12,0,12,0,12,45,60,0,12,0,12,0,12,0,12,0,12,0,12,0,12,1761,486,131,111,1761,486,24,39,149,118,139,92,0,12,1761,486,84,111,0,12,10,16,82,79,1585,474,0,12
"5804","060371240002","Block Group 2, Census Tract 1240, Los Angeles County, California",1381,505,0,12,0,12,0,12,0,12,0,12,0,12,0,12,0,12,0,12,0,12,14,24,0,12,26,41,0,12,0,12,0,12,0,12,0,12,0,12,0,12,0,12,0,12,0,12,0,12,1381,505,46,49,1381,505,0,12,0,12,53,65,0,12,1381,505,109,102,0,12,28,33,1047,377,147,99,0,12
"5805","060371243001","Block Group 1, Census Tract 1243, Los Angeles County, California",797,262,0,12,0,12,0,12,0,12,0,12,0,12,0,12,0,12,79,77,0,12,0,12,0,12,0,12,0,12,0,12,0,12,0,12,20,24,0,12,0,12,0,12,0,12,0,12,0,12,813,266,31,22,813,266,0,12,11,19,34,29,0,12,813,266,0,12,0,12,22,24,231,136,533,260,0,12
"5806","060371245001","Block Group 1, Census Tract 1245, Los Angeles County, California",1430,266,0,12,0,12,0,12,0,12,0,12,0,12,0,12,0,12,0,12,0,12,0,12,0,12,0,12,0,12,0,12,0,12,10,18,0,12,0,12,0,12,0,12,0,12,0,12,0,12,1649,328,333,238,1649,328,0,12,15,24,45,39,0,12,1649,328,126,95,0,12,75,78,963,303,177,94,0,12
"5807","060371251004","Block Group 4, Census Tract 1251, Los Angeles County, California",872,240,0,12,0,12,0,12,0,12,0,12,0,12,0,12,0,12,0,12,0,12,0,12,0,12,0,12,0,12,0,12,0,12,0,12,0,12,0,12,0,12,0,12,0,12,0,12,0,12,958,288,42,35,958,288,0,12,0,12,19,31,0,12,958,288,204,170,2,5,25,25,567,187,140,164,20,33
"5808","060375034022","Block Group 2, Census Tract 5034.02, Los Angeles County, California",1099,237,0,12,0,12,0,12,0,12,0,12,0,12,0,12,0,12,0,12,0,12,0,12,0,12,0,12,0,12,0,12,0,12,0,12,0,12,0,12,0,12,0,12,0,12,0,12,0,12,1150,235,55,45,1150,235,0,12,0,12,24,28,0,12,1150,235,34,31,0,12,0,12,295,94,787,241,0,12
"5809","060375037011","Block Group 1, Census Tract 5037.01, Los Angeles County, California",2286,359,0,12,0,12,0,12,0,12,0,12,0,12,0,12,0,12,10,16,0,12,0,12,0,12,0,12,0,12,0,12,0,12,13,15,0,12,0,12,0,12,11,17,0,12,0,12,0,12,2392,373,114,60,2392,373,0,12,60,56,37,33,0,12,2392,373,60,59,11,19,0,12,908,258,1405,268,0,12
"5810","060375038023","Block Group 3, Census Tract 5038.02, Los Angeles County, California",2158,307,29,44,0,12,0,12,0,12,0,12,0,12,0,12,0,12,27,42,0,12,0,12,0,12,0,12,0,12,0,12,0,12,26,40,16,26,0,12,0,12,38,43,0,12,0,12,0,12,2381,358,76,69,2381,358,0,12,15,25,47,46,0,12,2381,358,694,228,0,12,27,31,501,163,1147,408,0,12
"5811","060375301011","Block Group 1, Census Tract 5301.01, Los Angeles County, California",1800,497,8,14,0,12,0,12,0,12,0,12,0,12,0,12,0,12,181,97,37,41,24,35,0,12,0,12,0,12,0,12,0,12,48,39,48,46,23,34,0,12,7,13,0,12,0,12,0,12,1712,446,307,223,1746,473,0,12,77,61,135,68,52,52,1912,501,16,19,0,12,31,34,178,101,1641,477,46,73
"5812","060375305004","Block Group 4, Census Tract 5305, Los Angeles County, California",672,270,0,12,0,12,0,12,0,12,0,12,0,12,0,12,0,12,36,43,39,33,0,12,0,12,0,12,0,12,0,12,0,12,11,17,23,27,0,12,0,12,0,12,0,12,0,12,0,12,707,284,55,63,709,284,0,12,22,37,9,14,0,12,709,284,1,4,0,12,2,5,31,41,675,275,0,12
"5813","060375308014","Block Group 4, Census Tract 5308.01, Los Angeles County, California",1638,472,0,12,0,12,0,12,0,12,0,12,0,12,0,12,0,12,444,175,52,54,0,12,0,12,0,12,0,12,0,12,0,12,36,41,24,24,0,12,0,12,0,12,0,12,0,12,0,12,1747,503,194,195,1747,503,0,12,37,41,102,94,0,12,1747,503,9,13,0,12,0,12,136,106,1594,518,0,12
"5814","060377012013","Block Group 3, Census Tract 7012.01, Los Angeles County, California",864,196,0,12,0,12,0,12,0,12,0,12,0,12,0,12,0,12,0,12,0,12,0,12,0,12,0,12,0,12,0,12,0,12,0,12,0,12,0,12,0,12,0,12,0,12,0,12,0,12,892,199,48,43,892,199,13,19,0,12,0,12,0,12,892,199,67,88,0,12,0,12,775,185,50,73,0,12
"5815","060377017021","Block Group 1, Census Tract 7017.02, Los Angeles County, California",1122,347,21,30,0,12,0,12,0,12,0,12,0,12,0,12,0,12,20,28,0,12,0,12,0,12,0,12,0,12,0,12,0,12,0,12,25,35,0,12,0,12,27,46,0,12,0,12,0,12,1257,434,148,88,1257,434,42,59,20,27,0,12,0,12,1257,434,167,124,0,12,90,66,704,298,175,178,0,12
"5816","060375542013","Block Group 3, Census Tract 5542.01, Los Angeles County, California",1949,441,0,12,0,12,0,12,0,12,0,12,0,12,0,12,0,12,30,40,0,12,0,12,0,12,0,12,0,12,0,12,0,12,19,31,0,12,0,12,0,12,19,30,0,12,0,12,0,12,1964,443,164,177,1974,447,41,56,41,44,72,49,0,12,1974,447,319,228,0,12,125,103,303,124,1131,384,0,12
"5817","060375550011","Block Group 1, Census Tract 5550.01, Los Angeles County, California",923,220,0,12,0,12,0,12,0,12,0,12,0,12,0,12,0,12,0,12,0,12,0,12,0,12,0,12,0,12,0,12,0,12,9,14,0,12,0,12,0,12,8,14,0,12,0,12,0,12,972,238,112,68,972,238,0,12,4,6,43,41,0,12,972,238,129,76,0,12,10,15,332,137,488,205,8,12
"5818","060375550012","Block Group 2, Census Tract 5550.01, Los Angeles County, California",710,233,0,12,0,12,0,12,0,12,0,12,0,12,0,12,0,12,16,17,0,12,0,12,0,12,38,34,0,12,0,12,0,12,0,12,0,12,0,12,0,12,27,40,0,12,0,12,0,12,750,242,13,16,750,242,0,12,18,21,8,12,0,12,750,242,422,209,0,12,36,34,95,75,176,116,0,12
"5819","060374010013","Block Group 3, Census Tract 4010.01, Los Angeles County, California",1000,317,0,12,0,12,0,12,0,12,0,12,0,12,0,12,0,12,0,12,0,12,0,12,0,12,0,12,0,12,0,12,0,12,0,12,0,12,0,12,0,12,0,12,0,12,0,12,0,12,1077,350,62,62,1077,350,38,44,35,34,57,58,0,12,1077,350,128,102,0,12,6,13,556,243,333,231,0,12
"5820","060372920002","Block Group 2, Census Tract 2920, Los Angeles County, California",1831,439,0,12,0,12,35,50,0,12,0,12,0,12,0,12,0,12,102,73,34,52,125,177,0,12,0,12,0,12,0,12,0,12,53,59,70,65,0,12,0,12,32,45,0,12,0,12,0,12,1891,477,622,397,1916,480,74,105,140,126,243,152,35,52,1916,480,313,225,0,12,130,119,78,53,1058,439,0,12
"5821","060372971102","Block Group 2, Census Tract 2971.10, Los Angeles County, California",2127,395,29,44,0,12,0,12,0,12,0,12,0,12,0,12,0,12,226,99,40,47,0,12,0,12,11,17,0,12,0,12,0,12,13,25,0,12,0,12,0,12,0,12,0,12,0,12,0,12,2226,418,869,316,2226,418,102,125,253,134,267,116,0,12,2267,429,108,76,0,12,212,170,330,146,1602,410,0,12
"5822","060373103002","Block Group 2, Census Tract 3103, Los Angeles County, California",652,159,0,12,0,12,0,12,0,12,0,12,0,12,0,12,0,12,0,12,0,12,0,12,0,12,0,12,0,12,0,12,0,12,0,12,0,12,0,12,0,12,0,12,0,12,0,12,0,12,707,170,0,12,707,170,0,12,0,12,62,84,0,12,707,170,93,72,0,12,0,12,465,159,54,49,0,12
"5823","060374002062","Block Group 2, Census Tract 4002.06, Los Angeles County, California",2183,286,18,25,0,12,0,12,0,12,0,12,0,12,0,12,0,12,0,12,0,12,0,12,0,12,14,22,0,12,0,12,0,12,0,12,0,12,0,12,0,12,0,12,0,12,0,12,0,12,2291,305,137,93,2306,302,25,60,33,41,21,29,13,18,2317,302,470,154,0,12,74,98,1299,242,440,211,0,12
"5824","060374019023","Block Group 3, Census Tract 4019.02, Los Angeles County, California",915,309,0,12,0,12,0,12,0,12,0,12,0,12,0,12,0,12,0,12,0,12,0,12,0,12,0,12,0,12,0,12,0,12,0,12,0,12,0,12,0,12,0,12,0,12,0,12,3,7,868,304,38,44,868,304,0,12,27,45,20,32,0,12,915,309,0,12,0,12,27,45,540,192,314,303,0,12
"5825","060372411202","Block Group 2, Census Tract 2411.20, Los Angeles County, California",1663,514,0,12,0,12,0,12,0,12,0,12,0,12,0,12,0,12,230,126,51,59,0,12,0,12,0,12,0,12,0,12,0,12,14,21,57,82,0,12,0,12,0,12,0,12,0,12,0,12,1823,582,502,378,1823,582,0,12,112,106,68,50,0,12,1823,582,0,12,0,12,491,290,0,12,1323,537,0,12
"5826","060373017023","Block Group 3, Census Tract 3017.02, Los Angeles County, California",1121,402,0,12,0,12,0,12,0,12,0,12,0,12,0,12,0,12,129,111,0,12,0,12,0,12,1,2,0,12,0,12,0,12,0,12,51,63,0,12,18,29,0,12,0,12,0,12,7,14,1064,391,80,136,1064,391,0,12,20,27,130,116,38,61,1130,398,123,92,0,12,41,58,374,180,582,369,0,12
"5827","060374060002","Block Group 2, Census Tract 4060, Los Angeles County, California",1628,417,0,12,0,12,0,12,0,12,0,12,0,12,0,12,0,12,21,23,0,12,0,12,0,12,20,21,5,10,0,12,0,12,10,16,0,12,0,12,0,12,9,15,0,12,0,12,0,12,1611,426,53,45,1671,442,0,12,28,26,137,89,0,12,1677,441,211,147,21,32,9,14,298,124,1033,405,0,12
"5828","060374060001","Block Group 1, Census Tract 4060, Los Angeles County, California",1525,358,0,12,0,12,0,12,0,12,6,11,0,12,0,12,0,12,31,32,0,12,0,12,0,12,42,37,7,11,0,12,0,12,10,16,0,12,0,12,0,12,21,20,0,12,0,12,0,12,1614,393,155,189,1638,392,0,12,0,12,88,87,0,12,1638,392,240,127,0,12,28,43,304,158,1053,350,13,21
"5829","060374064121","Block Group 1, Census Tract 4064.12, Los Angeles County, California",834,183,0,12,0,12,0,12,0,12,0,12,0,12,0,12,0,12,8,12,0,12,0,12,0,12,32,48,0,12,0,12,0,12,10,13,0,12,0,12,0,12,40,39,0,12,0,12,0,12,861,189,51,41,861,189,0,12,0,12,30,29,0,12,861,189,242,104,0,12,13,13,176,76,422,143,0,12
"5830","060372427005","Block Group 5, Census Tract 2427, Los Angeles County, California",1028,371,0,12,0,12,0,12,0,12,0,12,0,12,0,12,0,12,61,47,51,80,0,12,0,12,0,12,0,12,0,12,0,12,0,12,0,12,0,12,0,12,0,12,0,12,0,12,0,12,1093,383,163,131,1093,383,57,87,31,26,54,32,0,12,1093,383,0,12,0,12,447,405,25,28,621,336,0,12
"5831","060372672002","Block Group 2, Census Tract 2672, Los Angeles County, California",2071,571,0,12,0,12,0,12,0,12,0,12,0,12,0,12,0,12,0,12,0,12,0,12,0,12,0,12,0,12,0,12,0,12,0,12,0,12,116,111,32,50,0,12,0,12,0,12,0,12,2098,578,301,225,2098,578,0,12,0,12,0,12,0,12,2098,578,61,63,13,23,0,12,1626,509,190,135,0,12
"5832","060372676002","Block Group 2, Census Tract 2676, Los Angeles County, California",635,249,0,12,0,12,0,12,0,12,0,12,0,12,0,12,0,12,9,15,0,12,0,12,0,12,0,12,0,12,0,12,0,12,0,12,0,12,0,12,0,12,10,23,0,12,0,12,0,12,693,312,314,291,693,312,0,12,11,20,9,15,0,12,693,312,167,85,0,12,0,12,240,115,237,287,0,12
"5833","060374825031","Block Group 1, Census Tract 4825.03, Los Angeles County, California",1751,371,0,12,0,12,0,12,0,12,0,12,0,12,0,12,0,12,14,25,0,12,0,12,0,12,249,94,130,53,0,12,0,12,10,20,0,12,0,12,0,12,82,52,155,92,0,12,0,12,1836,380,116,128,1836,380,0,12,41,41,29,23,0,12,1836,380,1010,292,0,12,42,57,69,71,489,221,93,136
"5834","060374827014","Block Group 4, Census Tract 4827.01, Los Angeles County, California",1723,394,13,24,0,12,0,12,0,12,0,12,0,12,0,12,0,12,8,11,3,8,0,12,0,12,54,36,0,12,0,12,0,12,7,11,0,12,0,12,0,12,38,64,45,32,0,12,0,12,1738,399,157,157,1738,399,0,12,0,12,74,55,19,33,1738,399,811,212,0,12,0,12,104,91,823,416,0,12
"5835","060375004023","Block Group 3, Census Tract 5004.02, Los Angeles County, California",1934,466,19,32,0,12,0,12,0,12,0,12,0,12,0,12,0,12,119,85,65,62,0,12,0,12,0,12,0,12,0,12,0,12,9,13,61,52,0,12,0,12,0,12,0,12,0,12,0,12,2017,466,167,125,2024,470,0,12,37,44,127,110,0,12,2024,470,0,12,0,12,0,12,90,67,1934,480,0,12
"5836","060371132341","Block Group 1, Census Tract 1132.34, Los Angeles County, California",942,197,0,12,0,12,0,12,0,12,0,12,0,12,0,12,0,12,55,39,11,19,42,67,0,12,0,12,0,12,0,12,0,12,0,12,0,12,0,12,0,12,0,12,0,12,0,12,0,12,942,197,68,46,942,197,0,12,26,48,29,26,0,12,942,197,35,30,0,12,27,42,613,159,267,167,0,12
"5837","060371380002","Block Group 2, Census Tract 1380, Los Angeles County, California",662,142,0,12,0,12,0,12,0,12,0,12,0,12,0,12,0,12,0,12,0,12,0,12,0,12,0,12,0,12,0,12,0,12,0,12,0,12,0,12,0,12,0,12,0,12,0,12,0,12,672,146,46,43,672,146,0,12,0,12,24,25,0,12,672,146,0,12,0,12,10,16,530,122,121,98,0,12
"5838","060371816002","Block Group 2, Census Tract 1816, Los Angeles County, California",1685,269,0,12,0,12,0,12,0,12,0,12,0,12,0,12,0,12,86,133,0,12,0,12,0,12,5,8,0,12,0,12,0,12,0,12,0,12,1,3,0,12,19,25,0,12,0,12,0,12,1755,283,42,40,1755,283,0,12,60,37,129,141,0,12,1765,284,571,180,29,44,11,13,329,99,771,206,0,12
"5839","060371872002","Block Group 2, Census Tract 1872, Los Angeles County, California",1383,278,0,12,0,12,0,12,0,12,0,12,0,12,0,12,0,12,142,83,52,46,0,12,0,12,3,5,0,12,0,12,0,12,17,19,0,12,0,12,0,12,5,8,0,12,0,12,0,12,1454,315,148,124,1454,315,19,23,146,110,129,78,0,12,1454,315,128,67,0,12,6,9,221,75,1069,320,0,12
"5840","060371955002","Block Group 2, Census Tract 1955, Los Angeles County, California",1989,493,0,12,0,12,0,12,0,12,0,12,0,12,0,12,0,12,35,56,0,12,0,12,0,12,0,12,0,12,0,12,0,12,0,12,0,12,0,12,0,12,0,12,0,12,0,12,0,12,2053,487,0,12,2053,487,0,12,0,12,83,87,0,12,2053,487,339,224,0,12,0,12,644,320,984,358,0,12
"5841","060371201061","Block Group 1, Census Tract 1201.06, Los Angeles County, California",4311,446,14,23,0,12,0,12,0,12,0,12,0,12,0,12,0,12,821,176,315,125,19,29,0,12,129,84,0,12,0,12,0,12,58,57,25,26,0,12,0,12,56,35,3,8,0,12,0,12,4530,443,1203,396,4670,551,22,25,355,160,467,170,8,12,4763,562,727,259,0,12,73,58,129,65,3834,595,0,12
"5842","060371193421","Block Group 1, Census Tract 1193.42, Los Angeles County, California",2681,231,14,15,0,12,0,12,0,12,0,12,0,12,0,12,0,12,208,61,108,57,8,10,0,12,35,27,16,23,0,12,0,12,12,17,59,57,0,12,15,22,28,31,0,12,0,12,0,12,2911,240,445,187,2911,240,19,20,178,66,152,69,0,12,2911,240,378,113,0,12,58,37,203,100,2249,266,19,28
"5843","060379108131","Block Group 1, Census Tract 9108.13, Los Angeles County, California",1983,365,0,12,0,12,0,12,0,12,0,12,0,12,0,12,0,12,13,19,13,18,0,12,0,12,0,12,0,12,0,12,0,12,0,12,0,12,0,12,0,12,0,12,0,12,0,12,0,12,2029,375,115,73,2020,374,4,11,49,46,93,107,0,12,2042,375,18,21,0,12,5,4,1624,335,345,154,0,12
"5844","060379107161","Block Group 1, Census Tract 9107.16, Los Angeles County, California",2362,433,0,12,0,12,0,12,0,12,0,12,0,12,0,12,0,12,85,68,26,42,0,12,0,12,0,12,0,12,0,12,0,12,13,18,42,66,0,12,0,12,0,12,0,12,0,12,0,12,2621,470,340,241,2634,468,0,12,62,42,45,37,0,12,2645,469,49,43,0,12,294,202,484,183,1753,424,0,12
"5845","060379107151","Block Group 1, Census Tract 9107.15, Los Angeles County, California",2249,499,0,12,0,12,0,12,0,12,0,12,0,12,0,12,0,12,108,71,31,48,0,12,0,12,0,12,0,12,0,12,0,12,0,12,8,14,12,22,0,12,0,12,0,12,0,12,0,12,2316,533,86,72,2298,530,0,12,108,68,166,139,0,12,2326,533,86,81,0,12,515,437,317,140,1408,522,0,12
"5846","060375341024","Block Group 4, Census Tract 5341.02, Los Angeles County, California",1475,371,28,34,0,12,0,12,0,12,0,12,0,12,0,12,0,12,303,113,76,49,0,12,0,12,0,12,0,12,0,12,0,12,27,31,54,74,0,12,0,12,0,12,0,12,0,12,0,12,1713,426,416,216,1713,426,0,12,62,50,100,67,19,22,1713,426,0,12,0,12,0,12,0,12,1713,426,0,12
"5847","060374048021","Block Group 1, Census Tract 4048.02, Los Angeles County, California",1966,421,0,12,0,12,0,12,0,12,0,12,0,12,0,12,0,12,142,64,4,6,0,12,0,12,39,41,39,30,0,12,0,12,20,22,3,7,0,12,0,12,12,16,42,43,0,12,0,12,2080,427,380,284,2080,427,113,111,161,109,75,39,6,10,2080,427,412,167,103,161,48,54,163,195,1327,461,27,41
"5848","060374066013","Block Group 3, Census Tract 4066.01, Los Angeles County, California",1657,468,0,12,0,12,0,12,0,12,0,12,0,12,0,12,0,12,24,26,12,18,0,12,0,12,43,50,10,16,0,12,0,12,0,12,0,12,0,12,0,12,10,16,0,12,0,12,0,12,1653,475,47,33,1726,507,10,16,127,120,160,192,0,12,1726,507,190,131,0,12,108,78,191,91,1183,455,12,20
"5849","060374066024","Block Group 4, Census Tract 4066.02, Los Angeles County, California",2053,442,9,15,0,12,0,12,0,12,0,12,0,12,0,12,0,12,158,166,8,13,0,12,0,12,80,47,47,38,0,12,0,12,78,65,78,72,0,12,0,12,13,23,25,20,0,12,0,12,2092,447,174,153,2092,447,34,55,5,9,86,88,0,12,2092,447,393,146,0,12,2,4,123,111,1555,426,0,12
"5850","060374066023","Block Group 3, Census Tract 4066.02, Los Angeles County, California",1053,284,0,12,0,12,0,12,0,12,0,12,0,12,0,12,0,12,5,10,0,12,0,12,0,12,52,44,14,16,0,12,0,12,4,7,21,23,0,12,0,12,17,19,0,12,0,12,0,12,1095,289,133,99,1104,289,0,12,9,14,16,18,0,12,1104,289,352,168,0,12,0,12,171,80,581,265,0,12
"5851","060374073014","Block Group 4, Census Tract 4073.01, Los Angeles County, California",1106,349,6,10,0,12,0,12,0,12,0,12,0,12,0,12,0,12,77,79,37,41,0,12,0,12,0,12,0,12,0,12,0,12,15,19,10,16,0,12,0,12,0,12,0,12,0,12,0,12,1105,349,310,250,1113,350,24,33,56,56,121,91,0,12,1124,349,0,12,0,12,16,17,29,25,1079,353,0,12
"5852","060374077022","Block Group 2, Census Tract 4077.02, Los Angeles County, California",2072,410,10,17,0,12,0,12,0,12,9,15,0,12,0,12,0,12,37,41,99,107,0,12,0,12,28,31,24,39,0,12,0,12,109,75,84,72,0,12,0,12,13,20,13,20,0,12,0,12,2188,439,317,203,2238,455,35,37,152,97,144,90,0,12,2238,455,142,137,0,12,0,12,101,65,1967,496,28,44
"5853","060371097001","Block Group 1, Census Tract 1097, Los Angeles County, California",1701,332,23,32,0,12,0,12,0,12,0,12,0,12,0,12,0,12,92,76,0,12,0,12,0,12,0,12,0,12,0,12,0,12,43,41,0,12,0,12,0,12,16,26,0,12,0,12,0,12,1805,370,170,128,1805,370,55,62,181,110,59,43,0,12,1805,370,252,141,0,12,185,207,283,179,1085,255,0,12
"5854","060371132321","Block Group 1, Census Tract 1132.32, Los Angeles County, California",2136,294,0,12,0,12,0,12,0,12,0,12,0,12,0,12,0,12,0,12,0,12,10,15,13,20,10,16,0,12,0,12,0,12,0,12,0,12,25,27,12,20,0,12,0,12,0,12,0,12,2266,339,45,42,2266,339,0,12,9,13,106,61,10,15,2270,338,315,229,0,12,0,12,1571,244,340,162,0,12
"5855","060371134224","Block Group 4, Census Tract 1134.22, Los Angeles County, California",935,415,0,12,0,12,0,12,0,12,0,12,0,12,0,12,0,12,97,146,0,12,20,32,0,12,0,12,0,12,0,12,0,12,8,16,0,12,4,13,0,12,18,28,0,12,0,12,0,12,962,426,35,39,962,426,0,12,26,40,17,28,0,12,962,426,36,57,0,12,0,12,530,327,351,295,0,12
"5856","060371152023","Block Group 3, Census Tract 1152.02, Los Angeles County, California",1362,397,0,12,0,12,0,12,0,12,0,12,0,12,0,12,0,12,92,97,0,12,0,12,0,12,9,14,0,12,0,12,0,12,0,12,0,12,0,12,0,12,15,23,0,12,0,12,0,12,1362,397,250,144,1362,397,31,50,139,123,90,82,0,12,1362,397,100,99,0,12,160,124,514,188,528,277,0,12
"5857","060372611021","Block Group 1, Census Tract 2611.02, Los Angeles County, California",604,187,0,12,0,12,0,12,0,12,0,12,0,12,0,12,0,12,0,12,0,12,0,12,0,12,0,12,0,12,0,12,0,12,0,12,0,12,0,12,0,12,0,12,0,12,0,12,0,12,639,199,52,51,639,199,0,12,0,12,0,12,0,12,639,199,32,48,0,12,38,44,565,179,0,12,0,12
"5858","060376509012","Block Group 2, Census Tract 6509.01, Los Angeles County, California",877,364,0,12,0,12,0,12,0,12,0,12,0,12,0,12,0,12,14,22,0,12,0,12,0,12,0,12,0,12,0,12,0,12,0,12,0,12,0,12,0,12,0,12,0,12,0,12,0,12,982,332,81,96,982,332,0,12,0,12,15,24,0,12,982,332,119,108,0,12,0,12,494,203,352,307,0,12
"5859","060376509014","Block Group 4, Census Tract 6509.01, Los Angeles County, California",1281,279,0,12,0,12,0,12,0,12,0,12,0,12,0,12,0,12,0,12,0,12,0,12,0,12,31,51,0,12,0,12,0,12,0,12,17,27,0,12,0,12,0,12,0,12,0,12,0,12,1312,293,90,89,1313,293,0,12,0,12,35,29,0,12,1313,293,438,222,0,12,141,194,350,130,383,172,0,12
"5860","060375308013","Block Group 3, Census Tract 5308.01, Los Angeles County, California",1046,313,0,12,0,12,0,12,0,12,0,12,0,12,0,12,0,12,147,100,26,25,0,12,0,12,0,12,0,12,0,12,0,12,22,24,11,18,0,12,0,12,0,12,0,12,0,12,0,12,1165,400,160,173,1165,400,0,12,23,28,88,58,0,12,1165,400,81,96,0,12,0,12,38,44,1046,403,0,12
"5861","060375313023","Block Group 3, Census Tract 5313.02, Los Angeles County, California",2051,448,0,12,0,12,0,12,0,12,0,12,0,12,0,12,0,12,364,143,303,130,0,12,0,12,0,12,0,12,0,12,0,12,59,45,56,41,0,12,0,12,0,12,0,12,0,12,0,12,2181,464,381,224,2181,464,96,87,206,115,246,165,0,12,2181,464,0,12,0,12,0,12,0,12,2181,464,0,12
"5862","060375412003","Block Group 3, Census Tract 5412, Los Angeles County, California",1860,368,0,12,0,12,0,12,0,12,0,12,0,12,0,12,0,12,55,62,0,12,0,12,0,12,0,12,0,12,0,12,0,12,49,52,10,15,0,12,0,12,0,12,0,12,0,12,0,12,1987,447,207,198,1987,447,16,26,36,41,56,72,43,67,1987,447,0,12,0,12,1378,292,36,46,528,408,0,12
"5863","060372240201","Block Group 1, Census Tract 2240.20, Los Angeles County, California",916,199,0,12,0,12,0,12,0,12,0,12,0,12,0,12,0,12,197,94,50,38,0,12,0,12,0,12,0,12,0,12,0,12,14,21,0,12,0,12,0,12,0,12,0,12,0,12,0,12,961,205,298,109,961,205,0,12,111,67,78,63,14,21,961,205,36,27,0,12,67,50,121,53,718,210,4,7
"5864","060375769032","Block Group 2, Census Tract 5769.03, Los Angeles County, California",1808,416,0,12,0,12,0,12,0,12,0,12,0,12,0,12,0,12,134,109,28,37,0,12,0,12,20,34,0,12,0,12,0,12,17,25,0,12,0,12,0,12,0,12,23,31,0,12,0,12,1849,423,450,262,1849,423,36,42,118,100,98,86,0,12,1849,423,336,132,0,12,415,272,232,82,834,358,0,12
"5865","060375763022","Block Group 2, Census Tract 5763.02, Los Angeles County, California",858,284,0,12,0,12,0,12,0,12,0,12,0,12,0,12,0,12,83,59,3,8,0,12,0,12,0,12,0,12,0,12,0,12,0,12,4,8,0,12,0,12,14,26,0,12,0,12,0,12,896,295,223,209,935,297,112,158,95,62,60,72,44,42,985,310,42,38,0,12,53,45,191,150,641,296,0,12
"5866","060375763012","Block Group 2, Census Tract 5763.01, Los Angeles County, California",925,172,0,12,0,12,0,12,0,12,10,16,0,12,0,12,0,12,0,12,0,12,0,12,0,12,0,12,0,12,0,12,0,12,14,21,0,12,10,17,0,12,0,12,0,12,0,12,0,12,1002,190,147,109,1013,195,18,22,38,34,0,12,0,12,1013,195,249,133,10,14,156,95,192,81,341,140,0,12
"5867","060375760011","Block Group 1, Census Tract 5760.01, Los Angeles County, California",1557,346,0,12,0,12,0,12,0,12,0,12,0,12,0,12,0,12,0,12,0,12,0,12,0,12,0,12,0,12,0,12,0,12,0,12,0,12,0,12,0,12,0,12,0,12,0,12,0,12,1605,359,44,42,1601,361,0,12,13,22,0,12,0,12,1605,359,458,199,61,96,97,90,804,287,148,98,0,12
"5868","060374080032","Block Group 2, Census Tract 4080.03, Los Angeles County, California",2304,391,14,20,0,12,0,12,0,12,0,12,0,12,0,12,0,12,18,27,0,12,0,12,0,12,153,87,0,12,0,12,0,12,0,12,0,12,0,12,0,12,41,47,28,28,0,12,0,12,2536,463,135,80,2536,463,0,12,115,90,152,105,0,12,2536,463,1078,270,0,12,213,170,149,83,1088,456,0,12
"5869","060374013041","Block Group 1, Census Tract 4013.04, Los Angeles County, California",3091,640,0,12,0,12,0,12,0,12,0,12,0,12,0,12,0,12,0,12,0,12,0,12,0,12,25,42,45,67,11,30,0,12,31,46,0,12,0,12,0,12,19,32,0,12,0,12,0,12,3043,605,157,113,3091,640,0,12,12,20,0,12,0,12,3091,640,284,212,12,21,122,195,1476,628,1105,524,0,12
"5870","060374078011","Block Group 1, Census Tract 4078.01, Los Angeles County, California",1819,435,0,12,0,12,0,12,0,12,0,12,0,12,0,12,0,12,55,42,25,40,0,12,0,12,12,19,30,48,0,12,0,12,31,47,43,64,0,12,0,12,6,11,0,12,16,22,0,12,2055,504,234,257,2055,504,47,53,148,97,98,66,0,12,2055,504,192,169,0,12,0,12,0,12,1734,459,0,12
"5871","060374076021","Block Group 1, Census Tract 4076.02, Los Angeles County, California",1203,363,0,12,0,12,0,12,0,12,0,12,0,12,0,12,0,12,102,76,65,63,0,12,0,12,9,10,6,8,0,12,0,12,19,24,18,25,0,12,0,12,6,10,0,12,0,12,0,12,1203,363,56,42,1203,363,0,12,6,9,97,89,12,19,1203,363,226,156,5,8,0,12,6,10,945,367,21,32
"5872","060374076012","Block Group 2, Census Tract 4076.01, Los Angeles County, California",1649,399,0,12,0,12,0,12,0,12,0,12,0,12,0,12,0,12,323,168,10,16,0,12,0,12,49,46,8,13,0,12,0,12,9,14,33,39,0,12,0,12,11,16,0,12,0,12,0,12,1777,406,127,105,1777,406,0,12,174,136,109,110,0,12,1777,406,176,129,0,12,37,42,22,35,1542,429,0,12
"5873","060372742021","Block Group 1, Census Tract 2742.02, Los Angeles County, California",1783,384,0,12,0,12,0,12,0,12,0,12,0,12,0,12,0,12,0,12,0,12,0,12,0,12,0,12,0,12,0,12,0,12,0,12,52,84,0,12,0,12,0,12,0,12,0,12,0,12,1848,391,212,134,1848,391,0,12,0,12,0,12,0,12,1848,391,156,191,0,12,67,93,1295,345,271,203,0,12
"5874","060372739021","Block Group 1, Census Tract 2739.02, Los Angeles County, California",1001,338,0,12,0,12,0,12,0,12,0,12,0,12,0,12,0,12,0,12,0,12,0,12,0,12,0,12,0,12,0,12,0,12,0,12,0,12,0,12,0,12,0,12,0,12,0,12,0,12,1037,352,137,125,1052,345,0,12,84,98,55,65,0,12,1052,345,15,25,0,12,42,32,714,201,270,281,0,12
"5875","060372739024","Block Group 4, Census Tract 2739.02, Los Angeles County, California",841,198,0,12,0,12,0,12,0,12,0,12,0,12,0,12,0,12,0,12,0,12,15,23,0,12,0,12,0,12,0,12,0,12,0,12,0,12,0,12,0,12,0,12,0,12,0,12,0,12,841,198,29,34,841,198,0,12,0,12,45,70,0,12,841,198,20,33,0,12,0,12,703,185,99,66,0,12
"5876","060372735022","Block Group 2, Census Tract 2735.02, Los Angeles County, California",351,121,0,12,0,12,0,12,0,12,0,12,0,12,0,12,0,12,0,12,0,12,0,12,0,12,0,12,0,12,0,12,0,12,0,12,0,12,0,12,0,12,0,12,0,12,0,12,0,12,386,138,124,109,386,138,0,12,0,12,20,29,0,12,386,138,0,12,0,12,33,52,276,123,48,50,0,12
"5877","060372734022","Block Group 2, Census Tract 2734.02, Los Angeles County, California",680,236,0,12,0,12,0,12,0,12,0,12,0,12,0,12,0,12,0,12,0,12,0,12,0,12,0,12,0,12,0,12,0,12,0,12,0,12,11,19,0,12,0,12,0,12,0,12,0,12,680,236,57,50,680,236,0,12,50,79,0,12,0,12,680,236,0,12,0,12,18,32,649,230,13,20,0,12
"5878","060372722022","Block Group 2, Census Tract 2722.02, Los Angeles County, California",2214,271,0,12,0,12,0,12,0,12,0,12,0,12,0,12,0,12,92,71,20,32,0,12,0,12,0,12,8,12,0,12,0,12,50,49,0,12,0,12,0,12,0,12,0,12,0,12,0,12,2412,333,210,82,2412,333,0,12,182,99,294,124,0,12,2412,333,221,92,29,48,121,103,784,145,1044,284,13,22
"5879","060374075011","Block Group 1, Census Tract 4075.01, Los Angeles County, California",1873,290,0,12,0,12,0,12,0,12,0,12,0,12,0,12,0,12,116,48,60,55,0,12,0,12,35,26,6,9,0,12,0,12,82,48,0,12,0,12,0,12,13,15,0,12,0,12,0,12,2021,324,198,136,2001,319,0,12,68,47,77,51,0,12,2021,324,374,145,0,12,48,36,33,31,1566,316,0,12
"5880","060374069021","Block Group 1, Census Tract 4069.02, Los Angeles County, California",1721,390,6,8,0,12,0,12,0,12,0,12,0,12,0,12,0,12,41,38,13,21,0,12,0,12,40,31,0,12,0,12,0,12,22,23,52,48,0,12,0,12,28,27,14,22,0,12,0,12,1831,433,358,201,1853,427,13,14,60,77,17,15,4,7,1853,427,283,121,0,12,27,27,63,30,1480,428,0,12
"5881","060374069011","Block Group 1, Census Tract 4069.01, Los Angeles County, California",809,307,0,12,0,12,0,12,0,12,0,12,0,12,0,12,0,12,11,19,25,35,0,12,0,12,70,51,17,27,0,12,0,12,7,12,33,48,0,12,0,12,7,11,13,21,0,12,0,12,876,337,112,111,876,337,0,12,46,70,0,12,0,12,876,337,271,177,0,12,4,12,36,50,530,259,0,12
"5882","060377014021","Block Group 1, Census Tract 7014.02, Los Angeles County, California",1068,437,0,12,0,12,0,12,0,12,0,12,0,12,0,12,0,12,0,12,0,12,0,12,0,12,0,12,0,12,0,12,0,12,0,12,0,12,0,12,0,12,0,12,0,12,0,12,0,12,1063,432,83,94,1063,432,24,41,22,36,27,41,0,12,1092,434,64,69,0,12,91,162,663,264,243,218,0,12
"5883","060371082012","Block Group 2, Census Tract 1082.01, Los Angeles County, California",2805,413,0,12,0,12,0,12,0,12,0,12,0,12,0,12,0,12,0,12,0,12,0,12,0,12,83,48,9,14,0,12,0,12,0,12,0,12,0,12,0,12,30,29,33,51,0,12,0,12,2895,411,21,22,2895,411,35,55,0,12,140,107,0,12,2895,411,1441,329,0,12,166,119,1130,248,103,107,0,12
"5884","060371044031","Block Group 1, Census Tract 1044.03, Los Angeles County, California",1915,321,0,12,0,12,0,12,0,12,0,12,0,12,0,12,0,12,174,71,66,75,0,12,0,12,0,12,0,12,0,12,0,12,68,40,53,37,0,12,0,12,0,12,0,12,0,12,0,12,2023,342,301,149,2047,353,63,68,157,112,130,73,0,12,2047,353,135,160,0,12,0,12,15,22,1897,358,0,12
"5885","060372652023","Block Group 3, Census Tract 2652.02, Los Angeles County, California",1184,445,0,12,0,12,0,12,0,12,16,25,0,12,0,12,0,12,0,12,0,12,0,12,0,12,60,65,0,12,0,12,0,12,0,12,0,12,0,12,0,12,0,12,0,12,0,12,0,12,1308,567,352,290,1308,567,38,62,52,82,0,12,0,12,1308,567,382,236,0,12,0,12,768,486,108,161,0,12
"5886","060371172021","Block Group 1, Census Tract 1172.02, Los Angeles County, California",1537,198,4,8,0,12,0,12,0,12,0,12,0,12,0,12,0,12,9,11,0,12,0,12,0,12,10,14,0,12,0,12,0,12,0,12,0,12,0,12,0,12,0,12,5,12,0,12,0,12,1676,255,65,38,1676,255,0,12,30,34,31,29,0,12,1703,257,423,190,0,12,213,126,503,127,534,236,0,12
"5887","060371154031","Block Group 1, Census Tract 1154.03, Los Angeles County, California",3377,287,9,14,0,12,0,12,0,12,0,12,0,12,0,12,0,12,270,122,42,45,80,61,0,12,10,15,10,15,26,35,0,12,51,46,17,15,23,19,26,36,17,27,0,12,0,12,0,12,3583,312,614,268,3583,312,108,75,159,81,248,137,75,53,3583,312,507,156,0,12,227,173,783,228,1975,271,0,12
"5888","060371211011","Block Group 1, Census Tract 1211.01, Los Angeles County, California",950,181,0,12,0,12,0,12,0,12,0,12,0,12,0,12,0,12,48,37,10,15,0,12,0,12,11,17,0,12,0,12,0,12,4,6,0,12,15,22,0,12,0,12,6,8,0,12,0,12,984,189,177,148,984,189,0,12,88,45,91,56,0,12,984,189,148,84,0,12,12,18,195,84,605,176,0,12
"5889","060371201082","Block Group 2, Census Tract 1201.08, Los Angeles County, California",2408,314,0,12,0,12,0,12,0,12,18,21,0,12,0,12,0,12,357,124,245,166,0,12,0,12,8,14,0,12,0,12,0,12,30,37,57,52,0,12,0,12,0,12,0,12,0,12,0,12,2593,358,753,302,2593,358,29,32,127,128,210,89,30,38,2593,358,156,145,23,36,54,71,67,51,2269,402,0,12
"5890","060379800141","Block Group 1, Census Tract 9800.14, Los Angeles County, California",9,13,0,12,0,12,0,12,0,12,0,12,0,12,0,12,0,12,0,12,0,12,0,12,0,12,0,12,0,12,0,12,0,12,0,12,0,12,0,12,0,12,0,12,0,12,0,12,0,12,9,13,0,12,9,13,0,12,0,12,0,12,0,12,9,13,0,12,0,12,0,12,4,6,5,7,0,12
"5891","060371917102","Block Group 2, Census Tract 1917.10, Los Angeles County, California",1876,270,0,12,0,12,0,12,0,12,0,12,0,12,0,12,0,12,335,105,196,96,0,12,0,12,22,27,0,12,0,12,0,12,65,72,12,19,0,12,0,12,0,12,21,21,0,12,0,12,2031,293,812,256,2031,293,0,12,242,118,205,117,26,35,2031,293,174,108,0,12,132,112,247,88,1433,238,0,12
"5892","060371942001","Block Group 1, Census Tract 1942, Los Angeles County, California",2132,525,0,12,0,12,0,12,0,12,0,12,0,12,0,12,0,12,0,12,0,12,23,27,0,12,0,12,0,12,0,12,0,12,0,12,0,12,13,21,0,12,0,12,0,12,0,12,0,12,2253,551,139,89,2253,551,0,12,41,41,41,36,0,12,2253,551,128,135,0,12,102,115,1637,393,93,64,0,12
"5893","060374029022","Block Group 2, Census Tract 4029.02, Los Angeles County, California",4309,551,66,73,0,12,0,12,0,12,0,12,0,12,0,12,0,12,573,192,430,162,0,12,0,12,45,67,38,45,0,12,0,12,96,63,125,80,6,15,0,12,22,27,12,14,0,12,0,12,4319,553,973,404,4329,555,82,65,398,170,476,157,42,48,4475,568,341,155,0,12,171,123,257,125,3659,538,0,12
"5894","060374030001","Block Group 1, Census Tract 4030, Los Angeles County, California",3440,633,6,12,0,12,0,12,0,12,0,12,0,12,0,12,0,12,186,165,273,164,0,12,0,12,0,12,0,12,0,12,0,12,137,116,90,92,10,17,0,12,0,12,0,12,0,12,0,12,3738,646,336,230,3738,646,71,78,300,228,263,148,52,75,3738,646,158,169,0,12,11,18,96,60,3414,686,0,12
"5895","060374033251","Block Group 1, Census Tract 4033.25, Los Angeles County, California",3054,341,0,12,0,12,0,12,0,12,7,10,0,12,0,12,0,12,0,12,0,12,0,12,0,12,216,114,10,15,0,12,0,12,0,12,0,12,0,12,0,12,56,47,10,16,0,12,0,12,3355,392,144,109,3355,392,33,42,21,37,56,50,0,12,3355,392,2345,330,0,12,177,155,311,147,392,179,0,12
"5896","060374036003","Block Group 3, Census Tract 4036, Los Angeles County, California",1440,468,0,12,0,12,0,12,0,12,0,12,0,12,0,12,0,12,0,12,0,12,0,12,0,12,41,64,0,12,0,12,0,12,17,31,0,12,0,12,0,12,34,68,0,12,0,12,0,12,1463,478,228,311,1463,478,16,31,15,25,125,111,0,12,1468,478,271,238,0,12,1,2,476,236,677,446,12,25
"5897","060374037222","Block Group 2, Census Tract 4037.22, Los Angeles County, California",651,189,0,12,0,12,0,12,0,12,0,12,0,12,0,12,0,12,0,12,0,12,0,12,0,12,0,12,0,12,0,12,0,12,12,22,0,12,0,12,0,12,0,12,0,12,0,12,0,12,696,211,103,110,696,211,0,12,5,9,0,12,0,12,696,211,5,8,0,12,0,12,86,44,575,217,0,12
"5898","060371439011","Block Group 1, Census Tract 1439.01, Los Angeles County, California",2882,406,0,12,0,12,0,12,0,12,30,47,0,12,0,12,0,12,0,12,0,12,43,53,0,12,0,12,0,12,0,12,0,12,0,12,0,12,8,14,0,12,0,12,0,12,0,12,0,12,2935,413,134,83,2935,413,33,51,6,7,51,54,9,14,2935,413,87,101,0,12,32,47,2414,357,327,181,0,12
"5899","060371832201","Block Group 1, Census Tract 1832.20, Los Angeles County, California",747,249,0,12,0,12,0,12,0,12,0,12,0,12,0,12,0,12,54,50,32,41,0,12,0,12,45,70,0,12,0,12,0,12,58,77,0,12,0,12,0,12,0,12,0,12,0,12,0,12,833,264,156,121,833,264,54,88,0,12,82,78,0,12,833,264,74,116,0,12,0,12,165,111,581,227,0,12
"5900","060373016014","Block Group 4, Census Tract 3016.01, Los Angeles County, California",1369,359,0,12,0,12,0,12,0,12,0,12,0,12,0,12,0,12,0,12,0,12,181,110,91,146,0,12,0,12,0,12,0,12,0,12,0,12,62,76,157,141,0,12,0,12,0,12,0,12,1521,426,354,208,1521,426,0,12,23,40,28,45,0,12,1521,426,15,24,0,12,92,137,1213,291,158,298,0,12
"5901","060373021021","Block Group 1, Census Tract 3021.02, Los Angeles County, California",1324,393,0,12,0,12,0,12,0,12,0,12,0,12,0,12,0,12,0,12,0,12,32,51,0,12,0,12,0,12,0,12,0,12,26,32,0,12,0,12,0,12,9,14,0,12,0,12,0,12,1352,405,117,89,1352,405,0,12,65,75,17,26,0,12,1352,405,452,327,0,12,49,66,680,291,161,111,0,12
"5902","060373021024","Block Group 4, Census Tract 3021.02, Los Angeles County, California",991,405,0,12,0,12,0,12,0,12,0,12,0,12,0,12,0,12,28,44,0,12,64,95,0,12,0,12,0,12,0,12,0,12,0,12,0,12,40,50,0,12,12,31,0,12,0,12,0,12,1040,446,74,65,1040,446,0,12,0,12,0,12,0,12,1040,446,105,121,0,12,69,112,738,463,128,103,0,12
"5903","060372086101","Block Group 1, Census Tract 2086.10, Los Angeles County, California",1511,301,0,12,0,12,0,12,0,12,0,12,0,12,0,12,0,12,129,95,82,90,0,12,0,12,29,32,0,12,0,12,0,12,23,37,9,23,0,12,0,12,19,21,0,12,0,12,0,12,1563,320,270,129,1574,320,9,14,85,69,210,151,31,38,1574,320,504,183,18,28,138,112,185,96,682,281,0,12
"5904","060372086202","Block Group 2, Census Tract 2086.20, Los Angeles County, California",1766,345,53,52,0,12,0,12,0,12,0,12,0,12,0,12,0,12,98,68,67,50,0,12,0,12,91,66,21,32,0,12,0,12,7,12,0,12,0,12,0,12,59,57,0,12,0,12,0,12,1965,411,422,292,1976,412,70,93,81,60,108,67,0,12,1976,412,622,263,85,129,167,125,120,82,952,308,0,12
"5905","060372117013","Block Group 3, Census Tract 2117.01, Los Angeles County, California",702,240,0,12,0,12,0,12,0,12,0,12,0,12,0,12,0,12,12,20,0,12,0,12,0,12,19,23,0,12,0,12,0,12,0,12,0,12,0,12,0,12,18,29,63,94,0,12,0,12,742,268,94,105,742,268,14,27,12,20,0,12,0,12,742,268,304,183,0,12,133,145,133,106,112,101,0,12
"5906","060375427004","Block Group 4, Census Tract 5427, Los Angeles County, California",707,269,0,12,0,12,0,12,0,12,0,12,0,12,0,12,0,12,20,21,70,82,0,12,0,12,0,12,0,12,0,12,0,12,0,12,46,53,0,12,0,12,0,12,0,12,0,12,0,12,715,271,10,16,715,271,0,12,51,50,75,85,0,12,715,271,0,12,0,12,57,61,0,12,658,266,0,12
"5907","060375427003","Block Group 3, Census Tract 5427, Los Angeles County, California",1827,432,0,12,0,12,0,12,0,12,0,12,0,12,0,12,0,12,41,36,89,81,0,12,0,12,0,12,0,12,0,12,0,12,0,12,0,12,0,12,0,12,0,12,0,12,0,12,0,12,1934,466,119,79,1934,466,16,26,185,149,106,70,0,12,1934,466,0,12,0,12,502,198,28,26,1396,446,8,19
"5908","060375435013","Block Group 3, Census Tract 5435.01, Los Angeles County, California",1767,488,0,12,0,12,0,12,0,12,0,12,0,12,0,12,0,12,40,65,14,22,0,12,0,12,38,35,0,12,0,12,0,12,17,28,66,86,0,12,0,12,0,12,0,12,0,12,0,12,1935,573,54,65,1935,573,0,12,54,50,55,88,0,12,1940,573,1064,561,118,182,201,172,52,44,480,306,0,12
"5909","060375439032","Block Group 2, Census Tract 5439.03, Los Angeles County, California",2065,375,0,12,0,12,0,12,0,12,0,12,0,12,0,12,0,12,98,70,45,37,0,12,0,12,55,57,0,12,0,12,0,12,29,32,15,25,0,12,0,12,44,54,8,15,0,12,0,12,2109,407,60,52,2140,414,0,12,56,56,113,69,0,12,2149,412,967,302,29,45,88,53,146,103,860,261,0,12
"5910","060371200201","Block Group 1, Census Tract 1200.20, Los Angeles County, California",2300,346,0,12,0,12,0,12,0,12,0,12,0,12,0,12,0,12,304,130,244,134,9,14,0,12,18,22,0,12,0,12,0,12,24,27,121,114,0,12,0,12,0,12,0,12,0,12,0,12,2453,377,588,314,2453,377,0,12,124,79,261,133,89,114,2453,377,215,158,0,12,272,203,85,68,1881,379,0,12
"5911","060376500012","Block Group 2, Census Tract 6500.01, Los Angeles County, California",718,321,0,12,0,12,0,12,0,12,0,12,0,12,0,12,0,12,0,12,0,12,0,12,0,12,6,14,0,12,0,12,0,12,0,12,0,12,0,12,0,12,31,53,0,12,0,12,0,12,779,336,32,50,779,336,0,12,10,24,0,12,0,12,779,336,327,163,0,12,0,12,187,148,265,284,0,12
"5912","060375033023","Block Group 3, Census Tract 5033.02, Los Angeles County, California",1034,329,0,12,0,12,0,12,0,12,0,12,0,12,0,12,0,12,11,17,0,12,0,12,0,12,0,12,0,12,0,12,0,12,0,12,6,11,0,12,0,12,0,12,7,19,0,12,0,12,1143,394,118,151,1143,394,0,12,23,28,8,11,0,12,1143,394,19,31,0,12,3,6,180,100,941,385,0,12
"5913","060375438022","Block Group 2, Census Tract 5438.02, Los Angeles County, California",881,401,0,12,0,12,0,12,0,12,0,12,0,12,0,12,0,12,0,12,0,12,0,12,0,12,0,12,0,12,0,12,0,12,0,12,0,12,0,12,0,12,0,12,0,12,0,12,0,12,881,401,248,324,881,401,102,134,0,12,98,128,0,12,881,401,320,236,0,12,0,12,67,66,494,342,0,12
"5914","060375519003","Block Group 3, Census Tract 5519, Los Angeles County, California",1172,404,0,12,0,12,0,12,0,12,0,12,0,12,0,12,0,12,72,79,41,61,0,12,0,12,21,35,0,12,0,12,0,12,23,29,47,47,0,12,0,12,29,40,10,16,0,12,0,12,1104,372,65,47,1104,372,0,12,48,62,132,109,40,44,1197,416,221,213,0,12,50,60,145,108,781,328,0,12
"5915","060375519002","Block Group 2, Census Tract 5519, Los Angeles County, California",421,193,0,12,0,12,0,12,0,12,0,12,0,12,0,12,0,12,8,13,0,12,0,12,0,12,0,12,0,12,0,12,0,12,11,15,0,12,0,12,0,12,0,12,0,12,0,12,0,12,473,218,57,83,473,218,5,10,10,15,8,13,0,12,473,218,0,12,0,12,69,104,18,15,386,198,0,12
"5916","060375540013","Block Group 3, Census Tract 5540.01, Los Angeles County, California",863,300,0,12,0,12,0,12,0,12,0,12,0,12,0,12,0,12,62,61,0,12,0,12,0,12,18,29,12,19,0,12,0,12,25,43,0,12,0,12,0,12,13,21,12,19,0,12,0,12,875,304,187,198,875,304,42,67,4,8,97,79,0,12,875,304,183,153,0,12,15,24,78,69,579,277,0,12
"5917","060376020032","Block Group 2, Census Tract 6020.03, Los Angeles County, California",2208,444,0,12,0,12,0,12,0,12,0,12,0,12,0,12,0,12,315,140,100,67,0,12,0,12,0,12,0,12,0,12,0,12,96,66,66,68,0,12,0,12,0,12,0,12,0,12,0,12,2332,465,163,134,2332,465,88,95,235,121,119,86,37,55,2332,465,19,20,0,12,149,120,43,53,2102,438,0,12
"5918","060379104022","Block Group 2, Census Tract 9104.02, Los Angeles County, California",1327,220,24,31,0,12,0,12,0,12,0,12,0,12,0,12,0,12,178,110,9,10,0,12,0,12,0,12,0,12,0,12,0,12,21,21,33,30,0,12,0,12,0,12,0,12,0,12,0,12,1466,262,660,224,1466,262,33,38,79,59,140,85,0,12,1466,262,22,34,0,12,304,92,164,57,898,230,72,112
"5919","060379203312","Block Group 2, Census Tract 9203.31, Los Angeles County, California",1069,205,0,12,0,12,0,12,0,12,0,12,0,12,0,12,0,12,1,2,0,12,0,12,0,12,0,12,0,12,0,12,0,12,1,3,1,2,0,12,0,12,1,2,2,3,0,12,0,12,1116,227,83,92,1116,227,0,12,34,29,5,10,0,12,1131,227,40,34,1,3,46,43,689,146,200,97,0,12
"5920","060374324021","Block Group 1, Census Tract 4324.02, Los Angeles County, California",3092,592,10,16,0,12,0,12,0,12,0,12,0,12,0,12,0,12,95,85,110,84,0,12,0,12,290,126,60,63,0,12,0,12,8,13,82,98,0,12,0,12,68,70,128,105,0,12,0,12,3343,600,509,363,3352,600,19,32,128,94,96,65,19,34,3395,603,1461,463,0,12,20,22,355,251,1557,512,0,12
"5921","060374328011","Block Group 1, Census Tract 4328.01, Los Angeles County, California",972,251,0,12,0,12,0,12,0,12,0,12,0,12,0,12,0,12,55,43,44,43,0,12,0,12,152,105,0,12,0,12,0,12,11,16,24,25,0,12,0,12,55,52,69,52,0,12,0,12,1068,266,227,165,1068,266,0,12,132,66,41,36,12,18,1068,266,465,249,0,12,0,12,67,98,536,200,0,12
"5922","060374600003","Block Group 3, Census Tract 4600, Los Angeles County, California",1240,222,0,12,0,12,0,12,0,12,0,12,0,12,0,12,0,12,0,12,0,12,0,12,0,12,15,24,0,12,0,12,0,12,0,12,0,12,0,12,0,12,0,12,0,12,9,14,0,12,1356,261,121,90,1356,261,28,36,16,25,23,25,0,12,1356,261,411,142,0,12,0,12,705,188,216,226,0,12
"5923","060374605012","Block Group 2, Census Tract 4605.01, Los Angeles County, California",806,191,0,12,0,12,0,12,0,12,0,12,0,12,0,12,0,12,0,12,0,12,0,12,0,12,0,12,0,12,0,12,0,12,16,27,0,12,12,20,0,12,12,20,0,12,0,12,0,12,828,198,0,12,828,198,0,12,31,34,0,12,0,12,828,198,149,116,0,12,0,12,476,138,180,119,0,12
"5924","060371313001","Block Group 1, Census Tract 1313, Los Angeles County, California",892,292,0,12,0,12,0,12,0,12,0,12,0,12,0,12,0,12,48,38,14,22,0,12,0,12,0,12,0,12,0,12,15,24,59,48,29,36,0,12,0,12,0,12,0,12,13,22,0,12,943,310,87,107,943,310,9,14,12,19,33,35,26,39,943,310,59,64,0,12,80,128,153,78,651,309,0,12
"5925","060371314002","Block Group 2, Census Tract 1314, Los Angeles County, California",2689,449,0,12,0,12,0,12,0,12,0,12,0,12,0,12,0,12,41,47,40,46,25,28,0,12,42,27,0,12,0,12,0,12,34,36,84,65,33,35,16,28,72,53,21,23,9,15,0,12,2711,446,440,229,2711,446,19,21,69,53,117,61,0,12,2797,462,757,239,0,12,165,109,805,220,1058,405,0,12
"5926","060371319004","Block Group 4, Census Tract 1319, Los Angeles County, California",1356,442,0,12,0,12,0,12,0,12,0,12,0,12,0,12,0,12,11,22,12,18,0,12,0,12,13,20,0,12,0,12,0,12,69,69,0,12,0,12,46,61,0,12,0,12,0,12,0,12,1351,448,265,238,1370,452,0,12,67,73,46,53,0,12,1370,452,271,201,0,12,0,12,285,250,738,347,0,12
"5927","060375533002","Block Group 2, Census Tract 5533, Los Angeles County, California",918,295,0,12,0,12,0,12,0,12,0,12,0,12,0,12,0,12,10,16,0,12,0,12,0,12,7,11,0,12,0,12,0,12,0,12,10,15,0,12,0,12,9,16,0,12,0,12,0,12,967,300,117,91,967,300,0,12,65,53,46,72,0,12,967,300,79,87,6,12,29,47,160,91,631,274,0,12
"5928","060375536011","Block Group 1, Census Tract 5536.01, Los Angeles County, California",2758,461,0,12,0,12,0,12,0,12,0,12,0,12,0,12,0,12,288,107,4,19,0,12,0,12,12,22,0,12,0,12,0,12,29,46,73,102,0,12,0,12,13,24,0,12,0,12,0,12,2989,485,507,319,3003,486,14,23,227,125,188,127,13,24,3003,486,71,95,0,12,229,139,37,59,2633,494,0,12
"5929","060374034072","Block Group 2, Census Tract 4034.07, Los Angeles County, California",1510,245,0,12,0,12,0,12,0,12,19,18,0,12,0,12,0,12,13,20,0,12,0,12,0,12,172,83,37,35,0,12,0,12,0,12,0,12,6,10,0,12,29,28,25,30,0,12,0,12,1570,260,154,87,1570,260,9,12,82,100,82,62,0,12,1570,260,1304,270,0,12,8,15,31,25,227,154,0,12
"5930","060375343021","Block Group 1, Census Tract 5343.02, Los Angeles County, California",1659,214,6,9,0,12,0,12,0,12,0,12,0,12,0,12,0,12,243,90,87,53,0,12,0,12,0,12,0,12,0,12,0,12,17,17,27,22,0,12,0,12,0,12,0,12,0,12,0,12,1837,264,650,280,1837,264,0,12,75,49,107,58,0,12,1837,264,4,7,0,12,0,12,38,66,1795,261,0,12
"5931","060379200292","Block Group 2, Census Tract 9200.29, Los Angeles County, California",1458,312,0,12,0,12,0,12,0,12,0,12,0,12,0,12,0,12,0,12,0,12,0,12,0,12,0,12,0,12,0,12,0,12,0,12,0,12,0,12,0,12,0,12,0,12,0,12,0,12,1485,314,69,43,1485,314,35,49,40,39,9,20,0,12,1485,314,98,81,0,12,92,85,790,174,474,221,0,12
"5932","060373101003","Block Group 3, Census Tract 3101, Los Angeles County, California",1320,358,0,12,0,12,0,12,0,12,0,12,0,12,0,12,0,12,0,12,0,12,0,12,0,12,0,12,0,12,0,12,0,12,0,12,0,12,0,12,0,12,0,12,0,12,0,12,0,12,1536,395,56,88,1536,395,10,15,0,12,0,12,0,12,1543,395,184,183,0,12,128,189,790,275,426,241,0,12
"5933","060373104002","Block Group 2, Census Tract 3104, Los Angeles County, California",1190,250,0,12,0,12,0,12,0,12,0,12,0,12,0,12,0,12,0,12,0,12,9,15,10,20,12,21,0,12,33,51,0,12,0,12,0,12,0,12,8,16,10,16,0,12,0,12,0,12,1262,267,63,58,1262,267,12,18,26,29,53,64,0,12,1262,267,131,121,0,12,6,7,891,231,228,102,0,12
"5934","060376704132","Block Group 2, Census Tract 6704.13, Los Angeles County, California",2330,330,0,12,0,12,0,12,0,12,5,10,0,12,0,12,0,12,13,20,0,12,0,12,0,12,52,42,6,9,0,12,0,12,0,12,0,12,10,15,10,15,29,43,7,13,0,12,0,12,2453,358,97,76,2453,358,0,12,4,9,72,72,7,13,2453,358,1120,299,0,12,37,43,1089,205,173,116,0,12
"5935","060376707014","Block Group 4, Census Tract 6707.01, Los Angeles County, California",969,270,0,12,0,12,0,12,0,12,0,12,0,12,0,12,0,12,0,12,0,12,0,12,0,12,81,74,35,54,0,12,0,12,0,12,0,12,0,12,0,12,0,12,0,12,0,12,0,12,1055,284,23,36,1055,284,0,12,49,74,0,12,0,12,1055,284,380,128,0,12,0,12,404,234,176,148,0,12
"5936","060374079001","Block Group 1, Census Tract 4079, Los Angeles County, California",4599,421,0,12,0,12,0,12,0,12,16,26,0,12,0,12,0,12,178,83,58,45,0,12,0,12,102,72,25,29,0,12,0,12,96,72,83,82,0,12,0,12,68,65,30,30,0,12,0,12,4922,457,425,236,4929,458,64,98,256,111,179,99,0,12,4940,458,1160,209,40,59,261,179,266,138,3184,460,0,12
"5937","060372243101","Block Group 1, Census Tract 2243.10, Los Angeles County, California",1055,265,0,12,0,12,0,12,0,12,0,12,0,12,0,12,0,12,246,140,96,64,0,12,0,12,16,26,0,12,0,12,0,12,6,9,21,26,6,9,0,12,0,12,18,28,0,12,0,12,1128,294,359,191,1154,292,62,78,131,67,136,111,0,12,1154,292,34,25,0,12,32,34,63,40,1019,305,0,12
"5938","060371997002","Block Group 2, Census Tract 1997, Los Angeles County, California",1390,335,0,12,0,12,0,12,0,12,0,12,0,12,0,12,0,12,86,63,61,41,0,12,0,12,67,39,10,16,0,12,0,12,131,80,41,36,0,12,0,12,48,30,24,38,0,12,0,12,1429,356,392,190,1429,356,0,12,40,37,130,94,12,20,1429,356,228,103,0,12,21,33,67,63,1107,353,0,12
"5939","060372014021","Block Group 1, Census Tract 2014.02, Los Angeles County, California",1687,401,18,26,6,16,0,12,0,12,0,12,0,12,0,12,0,12,177,161,17,27,0,12,0,12,49,42,0,12,0,12,0,12,64,53,6,10,0,12,0,12,75,54,5,9,0,12,0,12,1771,430,446,261,1775,433,12,17,92,135,113,99,9,13,1775,433,343,141,0,12,13,22,65,43,1292,393,0,12
"5940","060372039002","Block Group 2, Census Tract 2039, Los Angeles County, California",942,247,6,12,0,12,0,12,0,12,0,12,0,12,0,12,0,12,102,75,63,43,0,12,0,12,0,12,0,12,0,12,0,12,25,20,27,23,0,12,0,12,0,12,0,12,0,12,0,12,977,262,112,67,998,262,0,12,14,17,58,52,0,12,998,262,0,12,0,12,26,31,25,41,947,257,0,12
"5941","060375700022","Block Group 2, Census Tract 5700.02, Los Angeles County, California",771,158,0,12,0,12,0,12,0,12,0,12,0,12,0,12,0,12,0,12,0,12,0,12,0,12,0,12,0,12,0,12,0,12,0,12,0,12,0,12,0,12,0,12,0,12,0,12,0,12,800,170,55,58,800,170,0,12,0,12,17,24,0,12,800,170,19,20,0,12,24,21,475,137,248,116,0,12
"5942","060375720022","Block Group 2, Census Tract 5720.02, Los Angeles County, California",2218,334,0,12,0,12,0,12,0,12,0,12,0,12,0,12,0,12,0,12,9,15,0,12,0,12,0,12,0,12,0,12,0,12,19,25,10,11,8,13,8,13,9,15,5,10,0,12,0,12,2174,367,308,140,2174,367,12,19,70,54,123,101,0,12,2330,359,261,120,9,14,807,356,628,199,558,177,0,12
"5943","060375722014","Block Group 4, Census Tract 5722.01, Los Angeles County, California",1496,431,0,12,0,12,0,12,0,12,0,12,0,12,0,12,0,12,0,12,0,12,0,12,0,12,0,12,0,12,0,12,0,12,36,57,27,44,0,12,0,12,14,23,13,23,0,12,0,12,1627,488,232,248,1627,488,0,12,0,12,77,61,0,12,1627,488,575,386,0,12,85,89,483,153,378,293,0,12
"5944","060375722011","Block Group 1, Census Tract 5722.01, Los Angeles County, California",1412,621,0,12,16,33,0,12,0,12,0,12,0,12,0,12,0,12,31,33,19,40,0,12,0,12,0,12,0,12,0,12,0,12,0,12,0,12,0,12,0,12,0,12,0,12,0,12,0,12,1497,687,377,398,1497,687,13,25,0,12,79,61,0,12,1497,687,276,223,0,12,397,244,92,67,732,571,0,12
"5945","060375734023","Block Group 3, Census Tract 5734.02, Los Angeles County, California",1624,399,0,12,0,12,0,12,0,12,0,12,0,12,0,12,0,12,162,97,0,12,0,12,0,12,23,38,0,12,0,12,0,12,0,12,0,12,0,12,0,12,21,34,0,12,0,12,0,12,1821,480,599,450,1821,480,43,66,111,98,189,131,0,12,1821,480,240,180,0,12,154,178,346,192,1081,388,0,12
"5946","060375037032","Block Group 2, Census Tract 5037.03, Los Angeles County, California",2775,395,0,12,0,12,0,12,0,12,0,12,0,12,0,12,0,12,20,31,15,25,12,20,0,12,117,91,0,12,0,12,0,12,0,12,15,24,0,12,0,12,119,80,0,12,0,12,0,12,2975,391,45,40,2975,391,0,12,36,39,62,61,10,18,2975,391,1016,317,0,12,0,12,1153,278,806,337,0,12
"5947","060375511022","Block Group 2, Census Tract 5511.02, Los Angeles County, California",1908,437,35,40,0,12,0,12,0,12,0,12,0,12,0,12,0,12,68,55,60,62,0,12,0,12,14,21,0,12,0,12,0,12,0,12,0,12,0,12,0,12,0,12,0,12,0,12,0,12,2104,470,458,284,2104,470,61,94,74,72,153,130,0,12,2104,470,65,64,0,12,76,89,193,181,1755,447,0,12
"5948","060375511012","Block Group 2, Census Tract 5511.01, Los Angeles County, California",816,286,15,20,0,12,0,12,0,12,0,12,0,12,0,12,0,12,37,36,35,45,16,24,0,12,0,12,0,12,0,12,0,12,0,12,0,12,0,12,0,12,0,12,0,12,0,12,0,12,882,328,24,24,882,328,0,12,76,90,19,23,0,12,882,328,44,60,0,12,3,7,15,19,813,327,0,12
"5949","060376025084","Block Group 4, Census Tract 6025.08, Los Angeles County, California",1930,456,0,12,0,12,0,12,0,12,0,12,0,12,0,12,0,12,77,75,65,86,0,12,0,12,0,12,0,12,0,12,0,12,50,49,0,12,0,12,0,12,0,12,0,12,0,12,0,12,2042,504,462,309,2042,504,20,34,109,96,92,86,21,34,2042,504,224,194,0,12,877,268,62,63,879,407,0,12
"5950","060376003043","Block Group 3, Census Tract 6003.04, Los Angeles County, California",997,242,0,12,0,12,0,12,0,12,0,12,0,12,0,12,0,12,84,69,11,18,0,12,0,12,0,12,0,12,0,12,0,12,0,12,0,12,0,12,0,12,0,12,0,12,0,12,0,12,1075,266,404,228,1075,266,0,12,83,74,37,29,0,12,1075,266,0,12,0,12,614,205,0,12,435,206,0,12
"5951","060378003272","Block Group 2, Census Tract 8003.27, Los Angeles County, California",1027,381,0,12,0,12,0,12,0,12,0,12,0,12,0,12,0,12,0,12,0,12,0,12,0,12,0,12,0,12,18,30,0,12,0,12,0,12,0,12,0,12,0,12,0,12,0,12,0,12,1085,384,189,234,1085,384,0,12,16,27,0,12,0,12,1085,384,0,12,0,12,74,156,751,321,224,202,0,12
"5952","060377021024","Block Group 4, Census Tract 7021.02, Los Angeles County, California",741,259,0,12,0,12,0,12,0,12,0,12,0,12,0,12,0,12,0,12,0,12,0,12,0,12,0,12,0,12,0,12,0,12,0,12,0,12,0,12,0,12,0,12,0,12,0,12,0,12,741,259,31,36,741,259,0,12,0,12,99,104,0,12,741,259,39,32,0,12,0,12,596,243,86,65,0,12
"5953","060377021027","Block Group 7, Census Tract 7021.02, Los Angeles County, California",1462,286,0,12,0,12,0,12,0,12,0,12,0,12,0,12,0,12,0,12,0,12,0,12,0,12,0,12,0,12,0,12,0,12,0,12,0,12,0,12,0,12,0,12,0,12,0,12,0,12,1492,296,142,124,1492,296,0,12,83,95,94,103,0,12,1492,296,73,80,0,12,44,48,1090,250,247,163,0,12
"5954","060377020023","Block Group 3, Census Tract 7020.02, Los Angeles County, California",1984,551,0,12,0,12,0,12,0,12,0,12,0,12,0,12,0,12,0,12,0,12,0,12,0,12,0,12,0,12,0,12,0,12,0,12,0,12,31,40,0,12,0,12,0,12,0,12,0,12,2054,560,205,145,2054,560,48,55,186,154,122,83,0,12,2054,560,84,61,0,12,108,145,1053,308,655,379,0,12
"5955","060379010103","Block Group 3, Census Tract 9010.10, Los Angeles County, California",1816,408,0,12,0,12,0,12,0,12,0,12,0,12,0,12,0,12,78,71,16,19,0,12,0,12,0,12,0,12,0,12,0,12,17,27,0,12,0,12,0,12,0,12,0,12,0,12,0,12,2071,449,571,305,2085,447,0,12,17,25,98,92,0,12,2085,447,71,83,0,12,430,354,503,230,1038,396,26,34
"5956","060372372024","Block Group 4, Census Tract 2372.02, Los Angeles County, California",907,260,0,12,0,12,0,12,0,12,0,12,0,12,0,12,0,12,55,65,0,12,0,12,0,12,0,12,0,12,0,12,0,12,10,18,0,12,0,12,0,12,0,12,0,12,0,12,0,12,1035,302,199,160,1035,302,0,12,0,12,26,42,0,12,1035,302,30,50,0,12,542,210,125,128,322,219,0,12
"5957","060372372012","Block Group 2, Census Tract 2372.01, Los Angeles County, California",1643,313,18,27,0,12,0,12,0,12,0,12,0,12,0,12,0,12,185,82,95,73,0,12,0,12,8,12,0,12,0,12,0,12,19,22,26,32,0,12,0,12,0,12,0,12,0,12,0,12,1755,334,319,207,1810,351,15,23,40,35,60,41,0,12,1810,351,8,12,0,12,599,270,30,46,1156,339,0,12
"5958","060372371015","Block Group 5, Census Tract 2371.01, Los Angeles County, California",1110,320,0,12,0,12,0,12,0,12,0,12,0,12,0,12,0,12,145,87,68,61,0,12,0,12,7,12,0,12,0,12,0,12,19,21,30,28,0,12,0,12,0,12,0,12,0,12,0,12,1179,338,372,180,1179,338,5,8,157,94,29,37,0,12,1179,338,23,35,0,12,401,191,5,8,750,306,0,12
"5959","060372362042","Block Group 2, Census Tract 2362.04, Los Angeles County, California",1010,360,0,12,0,12,0,12,0,12,0,12,0,12,0,12,0,12,76,124,51,82,0,12,0,12,0,12,0,12,0,12,0,12,0,12,0,12,0,12,0,12,0,12,0,12,0,12,0,12,1053,363,606,320,1053,363,0,12,33,52,70,68,0,12,1053,363,22,25,0,12,531,156,43,42,443,379,0,12
"5960","060372362031","Block Group 1, Census Tract 2362.03, Los Angeles County, California",2048,334,0,12,0,12,0,12,0,12,0,12,0,12,0,12,0,12,47,51,46,49,0,12,0,12,0,12,0,12,19,30,0,12,18,28,17,28,0,12,0,12,0,12,0,12,0,12,0,12,2309,426,712,314,2309,426,64,76,87,73,123,81,35,56,2309,426,206,175,0,12,1171,294,92,68,684,339,34,52
"5961","060372349022","Block Group 2, Census Tract 2349.02, Los Angeles County, California",1470,415,0,12,0,12,0,12,0,12,0,12,0,12,0,12,0,12,0,12,0,12,0,12,0,12,0,12,0,12,0,12,0,12,0,12,0,12,0,12,0,12,0,12,0,12,0,12,0,12,1427,416,259,144,1427,416,42,50,167,111,34,33,29,48,1492,413,0,12,15,18,857,375,74,61,525,211,2,4
"5962","060379007042","Block Group 2, Census Tract 9007.04, Los Angeles County, California",771,207,0,12,0,12,0,12,0,12,0,12,0,12,0,12,0,12,0,12,0,12,0,12,0,12,0,12,0,12,0,12,0,12,0,12,0,12,0,12,0,12,0,12,0,12,0,12,0,12,892,284,329,241,894,287,0,12,44,46,10,15,0,12,903,285,36,35,38,63,415,297,216,86,174,89,0,12
"5963","060374016012","Block Group 2, Census Tract 4016.01, Los Angeles County, California",2504,491,0,12,0,12,0,12,0,12,0,12,0,12,0,12,0,12,0,12,0,12,0,12,0,12,0,12,0,12,0,12,0,12,0,12,0,12,0,12,0,12,0,12,0,12,0,12,0,12,2631,561,143,89,2631,561,0,12,9,15,59,58,0,12,2631,561,148,119,0,12,0,12,1445,390,984,378,0,12
"5964","060372118021","Block Group 1, Census Tract 2118.02, Los Angeles County, California",2395,528,24,39,0,12,0,12,0,12,0,12,0,12,0,12,0,12,239,211,22,36,31,52,0,12,91,77,12,19,0,12,0,12,0,12,0,12,0,12,0,12,119,94,10,16,0,12,0,12,2460,537,467,409,2460,537,0,12,54,59,93,65,0,12,2460,537,1142,397,36,56,173,178,386,209,715,484,0,12
"5965","060372975005","Block Group 5, Census Tract 2975, Los Angeles County, California",905,275,0,12,0,12,0,12,0,12,0,12,0,12,0,12,0,12,0,12,0,12,0,12,0,12,0,12,0,12,0,12,0,12,0,12,57,62,0,12,0,12,0,12,0,12,0,12,0,12,925,294,99,177,925,294,0,12,0,12,0,12,0,12,925,294,37,47,0,12,0,12,506,185,308,215,0,12
"5966","060374615024","Block Group 4, Census Tract 4615.02, Los Angeles County, California",510,197,0,12,0,12,0,12,0,12,0,12,0,12,0,12,0,12,26,36,0,12,0,12,0,12,49,78,0,12,0,12,0,12,0,12,0,12,0,12,0,12,0,12,0,12,0,12,0,12,594,244,100,118,594,244,0,12,10,16,9,16,0,12,594,244,85,90,10,16,123,84,75,70,282,193,0,12
"5967","060376011003","Block Group 3, Census Tract 6011, Los Angeles County, California",1554,448,42,69,0,12,0,12,0,12,0,12,0,12,0,12,0,12,172,137,41,49,0,12,0,12,0,12,0,12,0,12,0,12,8,9,53,63,0,12,0,12,0,12,0,12,0,12,0,12,1601,474,308,200,1601,474,0,12,55,49,75,86,41,48,1708,492,0,12,0,12,556,297,53,35,1045,449,54,64
"5968","060372699041","Block Group 1, Census Tract 2699.04, Los Angeles County, California",683,197,0,12,0,12,0,12,0,12,0,12,0,12,0,12,0,12,0,12,0,12,0,12,0,12,17,27,16,25,0,12,0,12,0,12,0,12,0,12,0,12,0,12,0,12,0,12,0,12,683,197,29,32,683,197,0,12,0,12,14,24,0,12,683,197,175,111,0,12,14,23,411,180,56,72,0,12
"5969","060371412023","Block Group 3, Census Tract 1412.02, Los Angeles County, California",836,198,0,12,0,12,0,12,0,12,0,12,0,12,0,12,0,12,0,12,0,12,0,12,0,12,0,12,0,12,0,12,0,12,0,12,0,12,0,12,0,12,0,12,0,12,0,12,0,12,938,230,26,40,938,230,0,12,10,15,63,60,0,12,938,230,32,32,0,12,27,24,631,176,181,137,0,12
"5970","060371412011","Block Group 1, Census Tract 1412.01, Los Angeles County, California",1932,259,0,12,0,12,0,12,0,12,0,12,0,12,0,12,0,12,0,12,0,12,0,12,0,12,0,12,0,12,0,12,0,12,0,12,0,12,25,36,0,12,0,12,0,12,0,12,0,12,2152,300,187,100,2152,300,0,12,57,55,97,65,0,12,2152,300,87,65,0,12,170,114,1311,248,421,191,0,12
"5971","060371396002","Block Group 2, Census Tract 1396, Los Angeles County, California",2186,452,0,12,0,12,0,12,0,12,0,12,0,12,0,12,0,12,0,12,0,12,0,12,0,12,0,12,0,12,0,12,0,12,0,12,0,12,52,61,38,58,0,12,0,12,20,32,0,12,2304,516,122,146,2304,516,0,12,86,128,67,97,0,12,2304,516,108,116,0,12,79,120,2026,485,42,46,0,12
"5972","060372641021","Block Group 1, Census Tract 2641.02, Los Angeles County, California",2885,283,0,12,0,12,0,12,0,12,0,12,0,12,0,12,0,12,0,12,0,12,18,27,0,12,0,12,0,12,0,12,0,12,0,12,0,12,31,34,0,12,0,12,0,12,0,12,0,12,2998,301,191,107,2998,301,0,12,0,12,59,35,8,13,2998,301,279,103,0,12,44,52,2289,328,254,128,0,12
"5973","060379201141","Block Group 1, Census Tract 9201.14, Los Angeles County, California",5982,418,0,17,0,17,0,17,0,17,20,32,0,17,0,17,0,17,25,38,0,17,58,74,0,17,43,53,0,17,0,17,0,17,0,17,0,17,12,21,18,27,0,17,0,17,0,17,0,17,6464,407,441,204,6518,399,45,74,167,125,76,55,0,17,6518,399,1098,439,0,17,166,104,3763,546,1268,436,0,17
"5974","060371343042","Block Group 2, Census Tract 1343.04, Los Angeles County, California",1877,201,0,12,0,12,0,12,0,12,16,25,0,12,0,12,0,12,27,21,0,12,0,12,0,12,27,32,0,12,0,12,0,12,0,12,0,12,16,26,0,12,9,13,0,12,0,12,0,12,1991,206,212,97,1991,206,0,12,53,37,44,38,0,12,1991,206,353,123,0,12,222,114,668,158,555,137,0,12
"5975","060373116005","Block Group 5, Census Tract 3116, Los Angeles County, California",630,285,0,12,0,12,0,12,0,12,0,12,0,12,0,12,0,12,0,12,0,12,0,12,0,12,0,12,0,12,0,12,0,12,0,12,0,12,0,12,0,12,0,12,0,12,0,12,0,12,630,285,0,12,630,285,0,12,0,12,0,12,0,12,630,285,16,29,0,12,15,27,294,145,199,168,0,12
"5976","060373116002","Block Group 2, Census Tract 3116, Los Angeles County, California",3281,506,0,12,0,12,0,12,0,12,0,12,0,12,0,12,0,12,43,48,0,12,0,12,0,12,0,12,0,12,0,12,0,12,15,25,0,12,0,12,0,12,0,12,0,12,0,12,0,12,3398,494,830,259,3450,536,0,12,194,100,108,105,0,12,3450,536,581,259,0,12,339,204,1694,369,388,201,0,12
"5977","060375039022","Block Group 2, Census Tract 5039.02, Los Angeles County, California",601,209,0,12,0,12,0,12,0,12,0,12,0,12,0,12,0,12,9,14,0,12,0,12,0,12,0,12,0,12,0,12,0,12,0,12,0,12,0,12,0,12,0,12,0,12,0,12,0,12,634,246,0,12,634,246,0,12,0,12,0,12,0,12,634,246,98,122,0,12,23,36,235,88,278,241,0,12
"5978","060375039024","Block Group 4, Census Tract 5039.02, Los Angeles County, California",1491,315,0,12,0,12,0,12,0,12,0,12,0,12,0,12,0,12,0,12,0,12,0,12,0,12,23,33,0,12,0,12,0,12,7,15,0,12,0,12,0,12,24,37,0,12,0,12,0,12,1611,348,42,59,1620,349,14,24,28,31,0,12,0,12,1620,349,231,111,0,12,0,12,775,315,560,232,0,12
"5979","060376025052","Block Group 2, Census Tract 6025.05, Los Angeles County, California",1534,298,0,12,0,12,0,12,0,12,0,12,0,12,0,12,0,12,193,83,53,38,0,12,0,12,0,12,0,12,0,12,0,12,44,56,0,12,0,12,0,12,0,12,0,12,0,12,0,12,1707,338,708,269,1707,338,77,64,17,27,223,134,0,12,1707,338,16,22,0,12,284,85,153,107,1210,323,0,12
"5980","060376003031","Block Group 1, Census Tract 6003.03, Los Angeles County, California",357,210,0,12,0,12,0,12,0,12,0,12,0,12,0,12,0,12,12,19,34,55,0,12,0,12,0,12,0,12,0,12,0,12,0,12,0,12,0,12,0,12,0,12,0,12,0,12,0,12,438,250,129,116,438,250,0,12,19,31,34,55,0,12,438,250,0,12,0,12,162,120,30,46,246,204,0,12
"5981","060379902000","Block Group 0, Census Tract 9902, Los Angeles County, California",0,12,0,12,0,12,0,12,0,12,0,12,0,12,0,12,0,12,0,12,0,12,0,12,0,12,0,12,0,12,0,12,0,12,0,12,0,12,0,12,0,12,0,12,0,12,0,12,0,12,0,12,0,12,0,12,0,12,0,12,0,12,0,12,0,12,0,12,0,12,0,12,0,12,0,12,0,12
"5982","060372640003","Block Group 3, Census Tract 2640, Los Angeles County, California",1180,247,0,12,0,12,0,12,0,12,0,12,0,12,0,12,0,12,0,12,0,12,0,12,0,12,3,6,0,12,0,12,0,12,0,12,0,12,0,12,0,12,0,12,0,12,0,12,0,12,1268,270,78,82,1268,270,0,12,0,12,0,12,0,12,1268,270,49,50,0,12,0,12,1149,267,0,12,0,12
"5983","060376500011","Block Group 1, Census Tract 6500.01, Los Angeles County, California",1424,475,3,30,0,12,0,12,0,12,0,12,0,12,0,12,0,12,160,194,0,12,0,12,0,12,23,35,0,12,0,12,0,12,0,12,0,12,0,12,0,12,158,110,0,12,0,12,0,12,1479,490,518,318,1479,490,0,12,97,141,102,113,18,30,1479,490,633,223,0,12,0,12,365,306,481,419,0,12
"5984","060372327002","Block Group 2, Census Tract 2327, Los Angeles County, California",2320,500,0,12,0,12,0,12,0,12,0,12,0,12,0,12,0,12,229,100,105,69,0,12,0,12,4,10,0,12,0,12,0,12,22,34,80,71,0,12,0,12,0,12,0,12,0,12,0,12,2498,528,841,347,2498,528,0,12,75,77,155,93,0,12,2498,528,4,10,0,12,678,264,52,47,1664,478,0,12
"5985","060372362021","Block Group 1, Census Tract 2362.02, Los Angeles County, California",2304,620,0,12,0,12,0,12,0,12,0,12,0,12,0,12,0,12,180,124,0,12,0,12,0,12,0,12,0,12,0,12,0,12,33,51,0,12,0,12,0,12,0,12,0,12,0,12,0,12,2324,628,705,369,2324,628,0,12,212,184,247,162,0,12,2324,628,16,27,0,12,672,271,21,34,1615,602,0,12
"5986","060376007023","Block Group 3, Census Tract 6007.02, Los Angeles County, California",2212,484,0,12,0,12,0,12,0,12,0,12,0,12,0,12,0,12,92,99,0,12,13,20,0,12,0,12,0,12,0,12,0,12,0,12,0,12,0,12,0,12,0,12,0,12,0,12,19,30,2369,506,188,182,2398,500,46,55,35,39,67,89,0,12,2398,500,0,12,0,12,1930,417,46,106,381,262,0,12
"5987","060376007041","Block Group 1, Census Tract 6007.04, Los Angeles County, California",1657,386,0,12,0,12,0,12,0,12,0,12,0,12,0,12,0,12,6,12,0,12,0,12,0,12,0,12,0,12,0,12,0,12,0,12,0,12,0,12,0,12,0,12,0,12,0,12,0,12,1674,389,416,261,1674,389,35,51,90,74,110,81,82,121,1674,389,11,18,0,12,1392,379,14,20,220,156,0,12
"5988","060376010012","Block Group 2, Census Tract 6010.01, Los Angeles County, California",1097,286,0,12,0,12,0,12,0,12,0,12,0,12,0,12,0,12,0,12,9,15,0,12,0,12,0,12,0,12,0,12,0,12,45,37,14,23,0,12,0,12,0,12,0,12,19,30,0,12,1097,333,272,107,1097,333,0,12,0,12,12,20,0,12,1172,335,8,16,0,12,849,251,45,33,238,203,0,12
"5989","060376015011","Block Group 1, Census Tract 6015.01, Los Angeles County, California",1099,302,0,12,0,12,0,12,0,12,0,12,0,12,0,12,0,12,201,90,28,34,0,12,0,12,0,12,0,12,0,12,0,12,14,21,23,26,0,12,0,12,0,12,0,12,0,12,0,12,1149,310,136,122,1149,310,0,12,123,81,193,109,0,12,1149,310,0,12,0,12,19,30,22,28,1108,306,0,12
"5990","060376020022","Block Group 2, Census Tract 6020.02, Los Angeles County, California",1926,268,21,31,0,12,0,12,0,12,0,12,0,12,0,12,0,12,147,55,24,23,8,11,0,12,0,12,0,12,5,7,0,12,36,28,5,7,7,11,0,12,0,12,0,12,0,12,0,12,2034,287,177,99,2034,287,37,48,91,52,113,64,4,7,2034,287,134,96,0,12,329,136,88,52,1474,310,0,12
"5991","060376021052","Block Group 2, Census Tract 6021.05, Los Angeles County, California",2157,475,0,12,0,12,0,12,0,12,0,12,0,12,0,12,0,12,242,115,98,121,6,13,0,12,0,12,0,12,21,33,0,12,32,35,0,12,0,12,0,12,0,12,0,12,0,12,0,12,2276,490,454,257,2299,489,59,67,165,85,124,72,0,12,2299,489,66,60,0,12,373,155,356,209,1472,467,0,12
"5992","060376204004","Block Group 4, Census Tract 6204, Los Angeles County, California",1626,269,0,12,0,12,0,12,0,12,0,12,0,12,0,12,0,12,0,12,0,12,0,12,0,12,0,12,0,12,0,12,0,12,0,12,0,12,0,12,0,12,0,12,0,12,0,12,0,12,1715,287,0,12,1715,287,15,23,0,12,9,15,0,12,1715,287,332,206,0,12,0,12,1137,240,206,114,0,12
"5993","060375040013","Block Group 3, Census Tract 5040.01, Los Angeles County, California",704,247,0,12,0,12,0,12,0,12,0,12,0,12,0,12,0,12,0,12,0,12,0,12,0,12,17,19,0,12,0,12,0,12,4,12,0,12,0,12,0,12,10,16,0,12,0,12,0,12,765,270,65,85,786,277,0,12,9,14,16,25,0,12,786,277,220,184,0,12,0,12,199,108,345,223,0,12
"5994","060375306011","Block Group 1, Census Tract 5306.01, Los Angeles County, California",1802,227,9,14,0,12,0,12,0,12,0,12,0,12,0,12,0,12,189,73,49,50,0,12,0,12,12,17,0,12,0,12,0,12,67,38,65,37,0,12,0,12,0,12,9,12,0,12,0,12,1957,261,325,169,1984,269,17,23,94,48,133,78,10,16,1984,269,46,43,5,8,0,12,131,87,1793,259,0,12
"5995","060374026005","Block Group 5, Census Tract 4026, Los Angeles County, California",1599,531,39,51,0,12,0,12,0,12,0,12,0,12,0,12,0,12,22,26,11,17,0,12,0,12,96,150,54,82,0,12,0,12,0,12,0,12,0,12,0,12,0,12,0,12,0,12,0,12,1838,675,175,181,1838,675,0,12,0,12,51,42,0,12,1838,675,174,232,0,12,32,50,566,208,1066,619,0,12
"5996","060374026004","Block Group 4, Census Tract 4026, Los Angeles County, California",853,449,2,4,0,12,0,12,0,12,0,12,0,12,0,12,0,12,56,92,0,12,0,12,0,12,0,12,0,12,0,12,0,12,0,12,10,17,0,12,0,12,36,44,32,35,0,12,0,12,846,449,79,55,846,449,0,12,46,72,0,12,0,12,853,449,82,59,0,12,2,4,141,102,604,420,0,12
"5997","060374805004","Block Group 4, Census Tract 4805, Los Angeles County, California",822,268,0,12,0,12,0,12,0,12,0,12,0,12,0,12,0,12,0,12,0,12,0,12,0,12,0,12,0,12,0,12,0,12,0,12,0,12,16,27,0,12,0,12,0,12,0,12,0,12,840,282,42,54,840,282,0,12,0,12,0,12,0,12,845,281,321,222,0,12,3,3,349,149,128,109,0,12
"5998","060374811012","Block Group 2, Census Tract 4811.01, Los Angeles County, California",2037,328,0,12,0,12,0,12,0,12,0,12,0,12,0,12,0,12,40,40,54,81,0,12,0,12,225,116,79,71,0,12,0,12,15,20,19,21,0,12,10,16,81,50,113,74,0,12,0,12,1930,324,168,129,1930,324,0,12,118,79,27,23,0,12,2140,339,1081,252,0,12,21,22,325,121,694,287,0,12
"5999","060374814011","Block Group 1, Census Tract 4814.01, Los Angeles County, California",2843,299,0,12,0,12,0,12,0,12,9,13,0,12,0,12,0,12,64,74,0,12,0,12,0,12,818,208,500,212,0,12,0,12,19,28,0,12,0,12,0,12,77,54,120,95,0,12,0,12,2938,313,1022,333,2954,316,14,22,278,99,222,124,0,12,2954,316,2600,350,0,12,0,12,14,17,319,194,12,17
"6000","060374825022","Block Group 2, Census Tract 4825.02, Los Angeles County, California",1696,310,4,7,0,12,0,12,0,12,14,15,0,12,0,12,0,12,28,30,12,19,0,12,0,12,268,87,99,56,0,12,0,12,13,19,18,20,0,12,0,12,93,47,69,33,0,12,0,12,1759,326,240,112,1759,326,21,29,15,21,92,55,0,12,1759,326,1299,284,0,12,13,17,13,12,425,186,0,12
"6001","060375013006","Block Group 6, Census Tract 5013, Los Angeles County, California",502,213,0,12,0,12,0,12,0,12,0,12,0,12,0,12,0,12,0,12,0,12,0,12,0,12,0,12,0,12,0,12,0,12,41,44,0,12,0,12,0,12,0,12,0,12,0,12,0,12,517,222,49,62,517,222,0,12,0,12,0,12,0,12,517,222,0,12,0,12,0,12,106,79,328,214,0,12
"6002","060375013004","Block Group 4, Census Tract 5013, Los Angeles County, California",1291,440,0,12,0,12,0,12,0,12,0,12,0,12,0,12,0,12,0,12,0,12,0,12,0,12,0,12,0,12,0,12,0,12,0,12,8,18,0,12,0,12,0,12,0,12,0,12,0,12,1406,472,52,76,1406,472,0,12,0,12,20,30,0,12,1406,472,0,12,0,12,0,12,366,223,1040,489,0,12
"6003","060375017001","Block Group 1, Census Tract 5017, Los Angeles County, California",662,234,0,12,0,12,0,12,0,12,0,12,0,12,0,12,0,12,0,12,0,12,0,12,0,12,0,12,0,12,0,12,0,12,0,12,0,12,0,12,0,12,0,12,0,12,0,12,0,12,705,265,8,20,705,265,0,12,11,19,7,13,0,12,705,265,91,136,0,12,8,20,309,124,297,191,0,12
"6004","060372738002","Block Group 2, Census Tract 2738, Los Angeles County, California",802,186,0,12,0,12,0,12,0,12,0,12,0,12,0,12,0,12,0,12,0,12,0,12,0,12,0,12,0,12,0,12,0,12,0,12,0,12,0,12,0,12,0,12,0,12,0,12,0,12,817,186,71,48,817,186,0,12,12,15,0,12,0,12,817,186,31,29,0,12,6,15,588,172,140,67,0,12
"6005","060379200231","Block Group 1, Census Tract 9200.23, Los Angeles County, California",2476,204,0,12,0,12,0,12,0,12,0,12,0,12,0,12,0,12,141,71,75,49,0,12,0,12,0,12,0,12,0,12,0,12,16,15,24,29,0,12,0,12,0,12,0,12,0,12,0,12,2615,226,175,88,2615,226,8,14,82,51,114,62,0,12,2615,226,0,12,0,12,130,150,1107,217,1251,293,7,9
"6006","060379200411","Block Group 1, Census Tract 9200.41, Los Angeles County, California",1533,212,0,12,0,12,0,12,0,12,0,12,0,12,0,12,0,12,0,12,0,12,0,12,0,12,0,12,0,12,0,12,0,12,0,12,20,31,0,12,0,12,0,12,0,12,0,12,0,12,1625,226,187,136,1668,227,24,27,92,49,66,57,0,12,1668,227,125,81,0,12,42,35,417,120,1049,287,0,12
"6007","060379203221","Block Group 1, Census Tract 9203.22, Los Angeles County, California",1070,255,0,12,0,12,0,12,0,12,0,12,0,12,0,12,0,12,0,12,0,12,0,12,0,12,0,12,0,12,0,12,0,12,0,12,0,12,0,12,0,12,0,12,0,12,0,12,0,12,1129,260,16,17,1139,257,0,12,0,12,7,10,0,12,1139,257,63,53,0,12,126,154,620,180,282,172,0,12
"6008","060379106031","Block Group 1, Census Tract 9106.03, Los Angeles County, California",1640,501,0,12,13,19,0,12,0,12,0,12,0,12,0,12,0,12,181,123,35,54,20,31,0,12,0,12,6,10,0,12,0,12,0,12,15,24,0,12,0,12,0,12,0,12,0,12,0,12,1875,719,182,163,1875,719,0,12,99,151,82,50,0,12,1875,719,55,47,0,12,99,151,353,121,1359,719,0,12
"6009","060372422004","Block Group 4, Census Tract 2422, Los Angeles County, California",1362,498,24,38,24,38,0,12,0,12,0,12,0,12,0,12,0,12,160,93,106,94,0,12,0,12,0,12,0,12,0,12,0,12,21,33,0,12,0,12,0,12,0,12,0,12,0,12,0,12,1482,528,626,409,1482,528,73,114,106,86,78,80,0,12,1482,528,0,12,0,12,555,216,0,12,927,477,0,12
"6010","060372655203","Block Group 3, Census Tract 2655.20, Los Angeles County, California",2840,527,14,25,0,12,17,27,0,12,0,12,0,12,0,12,0,12,0,12,0,12,22,34,0,12,19,28,0,12,0,12,0,12,0,12,0,12,105,128,13,22,0,12,0,12,0,12,0,12,3022,557,268,133,3022,557,0,12,31,47,46,50,0,12,3022,557,610,243,0,12,424,432,1493,295,154,111,0,12
"6011","060371437001","Block Group 1, Census Tract 1437, Los Angeles County, California",1919,282,0,12,0,12,0,12,0,12,0,12,0,12,0,12,0,12,0,12,0,12,0,12,0,12,0,12,0,12,0,12,0,12,0,12,0,12,0,12,0,12,0,12,0,12,0,12,0,12,2020,304,150,139,2020,304,0,12,11,17,17,27,0,12,2020,304,120,58,32,48,11,18,1607,273,181,88,0,12
"6012","060371815002","Block Group 2, Census Tract 1815, Los Angeles County, California",1346,272,18,28,0,12,0,12,0,12,0,12,0,12,0,12,0,12,26,27,0,12,0,12,0,12,0,12,0,12,0,12,0,12,41,51,0,12,0,12,0,12,0,12,0,12,0,12,0,12,1489,320,257,202,1489,320,0,12,33,43,73,74,0,12,1489,320,329,199,0,12,34,51,441,150,649,254,0,12
"6013","060371838201","Block Group 1, Census Tract 1838.20, Los Angeles County, California",1631,406,0,12,0,12,0,12,0,12,0,12,0,12,0,12,0,12,305,213,220,148,0,12,0,12,118,132,0,12,0,12,0,12,0,12,0,12,0,12,0,12,0,12,40,46,0,12,0,12,1739,425,491,278,1739,425,0,12,192,176,236,168,0,12,1739,425,252,247,0,12,35,35,140,86,1285,430,0,12
"6014","060371896001","Block Group 1, Census Tract 1896, Los Angeles County, California",1688,291,0,12,0,12,0,12,0,12,0,12,0,12,0,12,0,12,18,30,29,46,0,12,0,12,0,12,0,12,0,12,0,12,0,12,0,12,0,12,0,12,0,12,0,12,0,12,0,12,1712,286,195,123,1740,306,28,45,107,88,69,59,18,28,1740,306,0,12,0,12,42,47,1297,281,265,127,14,23
"6015","060375030002","Block Group 2, Census Tract 5030, Los Angeles County, California",1951,502,0,12,0,12,0,12,0,12,0,12,0,12,0,12,0,12,352,174,64,63,0,12,0,12,18,30,0,12,0,12,0,12,12,19,0,12,0,12,0,12,0,12,0,12,0,12,0,12,2068,529,329,256,2080,531,116,173,208,167,210,131,0,12,2080,531,81,122,0,12,0,12,25,27,1972,534,2,4
"6016","060375033012","Block Group 2, Census Tract 5033.01, Los Angeles County, California",1062,250,0,12,0,12,0,12,0,12,0,12,0,12,0,12,0,12,10,15,0,12,0,12,0,12,0,12,0,12,0,12,0,12,17,27,5,8,0,12,0,12,0,12,0,12,0,12,0,12,1137,300,38,41,1137,300,0,12,0,12,56,70,0,12,1137,300,15,21,0,12,0,12,473,282,639,178,0,12
"6017","060373111003","Block Group 3, Census Tract 3111, Los Angeles County, California",1046,240,0,12,0,12,0,12,20,31,0,12,0,12,0,12,0,12,0,12,29,45,21,34,0,12,0,12,0,12,0,12,0,12,0,12,0,12,0,12,25,40,0,12,0,12,0,12,0,12,1094,253,157,145,1094,253,22,36,0,12,0,12,0,12,1104,253,99,72,0,12,13,14,692,231,210,130,0,12
"6018","060374003041","Block Group 1, Census Tract 4003.04, Los Angeles County, California",2334,448,0,12,0,12,0,12,0,12,0,12,0,12,0,12,0,12,0,12,0,12,0,12,0,12,0,12,0,12,0,12,0,12,0,12,0,12,0,12,0,12,17,28,42,66,0,12,0,12,2449,466,128,110,2507,514,9,21,76,75,31,54,0,12,2507,514,273,179,0,12,91,137,1001,275,1142,408,0,12
"6019","060372941103","Block Group 3, Census Tract 2941.10, Los Angeles County, California",988,309,0,12,0,12,0,12,0,12,0,12,0,12,0,12,0,12,32,29,0,12,0,12,0,12,0,12,0,12,0,12,0,12,48,52,30,46,0,12,0,12,0,12,0,12,0,12,0,12,1039,328,71,90,1039,328,0,12,60,67,49,67,0,12,1039,328,30,49,0,12,0,12,198,247,803,236,0,12
"6020","060372963001","Block Group 1, Census Tract 2963, Los Angeles County, California",1290,269,0,12,0,12,0,12,0,12,0,12,0,12,0,12,0,12,44,41,11,18,0,12,0,12,44,50,0,12,0,12,0,12,0,12,0,12,0,12,0,12,36,44,0,12,0,12,0,12,1336,282,80,62,1352,285,0,12,26,32,64,54,0,12,1352,285,259,140,0,12,85,73,461,186,536,214,0,12
"6021","060372970003","Block Group 3, Census Tract 2970, Los Angeles County, California",1319,472,0,12,0,12,0,12,0,12,0,12,0,12,0,12,0,12,49,82,0,12,0,12,0,12,15,21,0,12,0,12,0,12,0,12,0,12,0,12,0,12,126,184,0,12,0,12,0,12,1432,522,391,413,1432,522,94,137,51,66,112,108,0,12,1432,522,202,149,0,12,0,12,477,178,642,483,0,12
"6022","060372970002","Block Group 2, Census Tract 2970, Los Angeles County, California",727,174,0,12,0,12,0,12,0,12,0,12,0,12,0,12,0,12,0,12,0,12,0,12,0,12,0,12,0,12,0,12,0,12,0,12,0,12,0,12,0,12,0,12,0,12,0,12,0,12,727,174,0,12,727,174,0,12,44,70,73,84,0,12,727,174,0,12,0,12,0,12,432,168,285,186,0,12
"6023","060376501012","Block Group 2, Census Tract 6501.01, Los Angeles County, California",572,201,0,12,0,12,0,12,0,12,0,12,0,12,0,12,0,12,0,12,0,12,0,12,0,12,0,12,0,12,0,12,0,12,0,12,0,12,0,12,0,12,65,72,0,12,0,12,0,12,567,201,12,28,567,201,0,12,0,12,0,12,0,12,572,201,430,210,0,12,19,35,84,72,13,28,0,12
"6024","060376025093","Block Group 3, Census Tract 6025.09, Los Angeles County, California",656,235,10,16,0,12,0,12,0,12,0,12,0,12,0,12,0,12,30,34,0,12,0,12,0,12,0,12,0,12,0,12,0,12,0,12,0,12,0,12,0,12,10,16,0,12,0,12,0,12,753,278,151,163,753,278,0,12,22,34,63,54,0,12,753,278,10,16,0,12,378,228,63,59,300,202,2,12
"6025","060374306004","Block Group 4, Census Tract 4306, Los Angeles County, California",2080,323,0,12,0,12,0,12,0,12,13,19,0,12,0,12,0,12,0,12,0,12,0,12,0,12,118,66,25,38,0,12,0,12,0,12,0,12,0,12,0,12,72,61,8,15,0,12,0,12,2230,378,126,171,2230,378,6,10,2,9,37,46,0,12,2230,378,1322,312,0,12,0,12,654,270,206,190,0,12
"6026","060373011002","Block Group 2, Census Tract 3011, Los Angeles County, California",916,304,0,12,0,12,0,12,0,12,0,12,0,12,0,12,0,12,0,12,0,12,0,12,0,12,0,12,0,12,0,12,0,12,0,12,0,12,0,12,0,12,0,12,0,12,0,12,0,12,928,304,0,12,928,304,0,12,17,27,0,12,0,12,928,304,87,86,0,12,0,12,683,240,14,22,0,12
"6027","060373022021","Block Group 1, Census Tract 3022.02, Los Angeles County, California",1621,340,0,12,0,12,0,12,0,12,0,12,0,12,0,12,0,12,10,16,44,46,147,109,10,16,20,27,0,12,0,12,0,12,0,12,0,12,78,54,37,35,0,12,0,12,0,12,0,12,1715,398,441,239,1715,398,16,24,192,111,55,47,0,12,1715,398,172,103,0,12,45,70,1132,333,366,262,0,12
"6028","060373022022","Block Group 2, Census Tract 3022.02, Los Angeles County, California",2129,378,0,12,0,12,0,12,0,12,0,12,0,12,0,12,0,12,42,42,23,33,228,101,9,14,23,34,0,12,0,12,0,12,9,14,33,44,80,66,140,96,26,41,0,12,0,12,0,12,2240,392,367,181,2240,392,74,86,109,91,106,73,0,12,2240,392,286,170,0,12,29,33,1460,328,391,206,0,12
"6029","060373023021","Block Group 1, Census Tract 3023.02, Los Angeles County, California",1266,269,0,12,0,12,0,12,0,12,0,12,0,12,0,12,0,12,81,73,72,61,35,30,0,12,0,12,0,12,0,12,0,12,0,12,23,38,52,53,15,23,7,13,0,12,0,12,0,12,1376,304,227,173,1376,304,10,16,0,12,56,62,0,12,1376,304,165,82,0,12,21,33,323,131,867,317,0,12
"6030","060373113003","Block Group 3, Census Tract 3113, Los Angeles County, California",1470,205,0,12,0,12,0,12,0,12,0,12,0,12,0,12,0,12,37,46,0,12,0,12,0,12,0,12,0,12,0,12,0,12,0,12,8,14,0,12,0,12,0,12,0,12,0,12,0,12,1580,217,58,48,1580,217,0,12,102,104,10,16,0,12,1580,217,265,145,0,12,64,66,812,185,411,219,8,13
"6031","060374086292","Block Group 2, Census Tract 4086.29, Los Angeles County, California",1593,208,0,12,0,12,0,12,0,12,14,22,0,12,0,12,0,12,17,22,6,10,0,12,0,12,104,50,14,16,0,12,0,12,0,12,7,12,0,12,0,12,63,43,0,12,0,12,0,12,1641,208,159,97,1644,208,54,73,42,33,51,39,0,12,1644,208,926,169,0,12,17,19,197,78,423,121,0,12
"6032","060374307242","Block Group 2, Census Tract 4307.24, Los Angeles County, California",2164,496,0,12,0,12,0,12,0,12,2,9,0,12,0,12,0,12,0,12,0,12,0,12,0,12,94,82,35,57,0,12,0,12,58,87,0,12,0,12,0,12,27,32,22,25,0,12,0,12,2327,518,281,154,2327,518,0,12,65,58,83,64,0,12,2327,518,1287,528,0,12,5,7,533,215,445,271,0,12
"6033","060374311002","Block Group 2, Census Tract 4311, Los Angeles County, California",1989,639,0,12,0,12,0,12,0,12,0,12,0,12,0,12,0,12,120,106,158,155,0,12,0,12,0,12,0,12,0,12,0,12,36,58,0,12,0,12,0,12,0,12,0,12,0,12,0,12,2296,757,267,310,2296,757,51,89,175,110,199,147,0,12,2296,757,248,246,0,12,411,377,113,78,1468,663,0,12
"6034","060374323002","Block Group 2, Census Tract 4323, Los Angeles County, California",1165,429,0,12,0,12,0,12,0,12,0,12,0,12,0,12,0,12,36,38,56,86,0,12,0,12,331,314,43,38,0,12,0,12,11,18,0,12,0,12,0,12,12,18,29,36,0,12,0,12,1176,430,283,247,1176,430,0,12,111,105,0,12,0,12,1176,430,688,308,0,12,0,12,32,23,435,304,21,33
"6035","060374324011","Block Group 1, Census Tract 4324.01, Los Angeles County, California",2289,415,0,12,0,12,0,12,0,12,9,16,0,12,0,12,0,12,151,73,119,70,0,12,0,12,164,109,155,86,0,12,0,12,78,52,27,23,0,12,0,12,24,23,116,96,0,12,0,12,2309,398,523,254,2316,398,58,49,114,49,249,101,0,12,2399,419,1023,318,4,6,6,10,69,44,1297,272,0,12
"6036","060374086261","Block Group 1, Census Tract 4086.26, Los Angeles County, California",1348,341,0,12,0,12,0,12,0,12,18,20,0,12,0,12,0,12,0,12,11,24,0,12,0,12,181,97,51,49,0,12,0,12,0,12,0,12,0,12,0,12,63,64,28,43,0,12,0,12,1439,356,225,205,1439,356,36,59,31,50,77,60,28,43,1439,356,1115,331,0,12,0,12,62,56,262,218,0,12
"6037","060375732021","Block Group 1, Census Tract 5732.02, Los Angeles County, California",1624,419,8,13,0,12,0,12,0,12,0,12,0,12,0,12,0,12,71,80,34,39,0,12,0,12,32,31,15,17,0,12,0,12,0,12,10,15,0,12,0,12,12,15,7,13,0,12,0,12,1819,515,280,144,1819,515,0,12,70,65,144,85,0,12,1819,515,302,189,0,12,162,112,0,12,1339,551,0,12
"6038","060375739021","Block Group 1, Census Tract 5739.02, Los Angeles County, California",1996,148,0,12,0,12,0,12,0,12,0,12,0,12,0,12,0,12,0,12,0,12,0,12,0,12,0,12,0,12,0,12,0,12,17,19,0,12,10,14,0,12,0,12,0,12,5,8,0,12,2031,146,47,26,2031,146,6,11,0,12,24,19,0,12,2031,146,213,96,0,12,84,50,1137,166,479,120,10,11
"6039","060374070011","Block Group 1, Census Tract 4070.01, Los Angeles County, California",947,301,0,12,0,12,0,12,0,12,0,12,0,12,0,12,0,12,62,53,17,21,0,12,0,12,22,23,0,12,0,12,0,12,6,10,0,12,0,12,0,12,0,12,12,19,0,12,0,12,1006,321,49,46,1006,321,26,41,6,14,33,33,0,12,1006,321,200,168,0,12,8,13,36,47,762,290,0,12
"6040","060377028021","Block Group 1, Census Tract 7028.02, Los Angeles County, California",839,126,0,12,0,12,0,12,0,12,0,12,0,12,0,12,0,12,40,39,4,6,0,12,0,12,0,12,0,12,0,12,0,12,0,12,17,26,0,12,0,12,0,12,0,12,0,12,0,12,889,134,116,78,889,134,13,21,45,31,18,20,17,26,889,134,68,36,0,12,23,30,375,78,399,127,0,12
"6041","060376201023","Block Group 3, Census Tract 6201.02, Los Angeles County, California",1696,233,0,12,0,12,0,12,0,12,0,12,0,12,0,12,0,12,0,12,0,12,0,12,0,12,0,12,0,12,0,12,0,12,0,12,0,12,0,12,0,12,4,7,0,12,0,12,0,12,1868,279,194,228,1868,279,0,12,1,4,54,53,7,12,1868,279,78,42,9,13,11,16,1284,216,292,239,0,12
"6042","060376205213","Block Group 3, Census Tract 6205.21, Los Angeles County, California",784,194,0,12,0,12,0,12,0,12,0,12,0,12,0,12,0,12,0,12,0,12,0,12,0,12,0,12,0,12,0,12,0,12,0,12,0,12,0,12,0,12,0,12,0,12,0,12,0,12,934,210,27,44,924,211,0,12,11,17,0,12,0,12,934,210,188,104,23,34,0,12,516,209,110,88,0,12
"6043","060376206025","Block Group 5, Census Tract 6206.02, Los Angeles County, California",1209,481,0,12,0,12,0,12,0,12,0,12,0,12,0,12,0,12,0,12,0,12,0,12,0,12,0,12,0,12,0,12,0,12,0,12,0,12,0,12,0,12,0,12,0,12,0,12,0,12,1280,495,19,33,1255,483,0,12,0,12,0,12,0,12,1280,495,429,282,0,12,0,12,630,319,171,134,0,12
"6044","060376507011","Block Group 1, Census Tract 6507.01, Los Angeles County, California",680,127,0,12,0,12,0,12,0,12,0,12,0,12,0,12,0,12,0,12,0,12,0,12,0,12,5,9,0,12,0,12,0,12,0,12,0,12,0,12,0,12,0,12,0,12,0,12,0,12,690,129,105,100,690,129,0,12,5,9,0,12,0,12,690,129,194,71,0,12,0,12,392,114,82,50,0,12
"6045","060376513021","Block Group 1, Census Tract 6513.02, Los Angeles County, California",1354,403,0,12,0,12,0,12,0,12,0,12,0,12,0,12,0,12,0,12,0,12,0,12,0,12,8,15,0,12,0,12,0,12,0,12,0,12,16,25,0,12,0,12,0,12,0,12,0,12,1556,462,226,259,1556,462,0,12,37,55,9,15,0,12,1556,462,123,106,13,22,176,278,838,349,209,140,0,12
"6046","060378004101","Block Group 1, Census Tract 8004.10, Los Angeles County, California",3956,342,0,12,0,12,0,12,0,12,0,12,0,12,0,12,0,12,0,12,0,12,0,12,0,12,12,18,0,12,0,12,0,12,0,12,0,12,0,12,0,12,0,12,0,12,0,12,0,12,1599,211,81,38,4031,341,25,30,42,30,41,35,0,12,4031,341,591,103,9,17,177,63,2411,263,608,130,23,35
"6047","060372626011","Block Group 1, Census Tract 2626.01, Los Angeles County, California",3300,311,0,12,0,12,0,12,0,12,0,12,0,12,0,12,0,12,0,12,0,12,0,12,0,12,11,17,11,17,0,12,0,12,0,12,0,12,0,12,0,12,0,12,0,12,0,12,0,12,3539,336,102,76,3539,336,0,12,0,12,7,11,0,12,3539,336,320,156,0,12,46,57,2522,250,200,105,0,12
"6048","060376205221","Block Group 1, Census Tract 6205.22, Los Angeles County, California",1127,210,0,12,0,12,0,12,0,12,0,12,0,12,0,12,0,12,0,12,0,12,0,12,0,12,11,18,11,17,0,12,0,12,0,12,0,12,0,12,0,12,0,12,0,12,0,12,0,12,1193,213,81,52,1193,213,0,12,0,12,0,12,0,12,1193,213,191,91,0,12,19,16,723,209,146,82,0,12
"6049","060371043103","Block Group 3, Census Tract 1043.10, Los Angeles County, California",1358,396,38,50,0,12,0,12,0,12,0,12,0,12,0,12,0,12,220,120,167,83,0,12,0,12,0,12,0,12,0,12,0,12,58,38,25,34,0,12,0,12,0,12,0,12,0,12,0,12,1468,445,357,288,1468,445,19,25,64,63,142,92,19,32,1468,445,6,9,0,12,0,12,33,27,1429,454,0,12
"6050","060374623011","Block Group 1, Census Tract 4623.01, Los Angeles County, California",2021,507,0,12,0,12,0,12,0,12,0,12,0,12,0,12,0,12,171,137,0,12,0,12,0,12,0,12,0,12,0,12,0,12,57,57,83,87,0,12,0,12,0,12,0,12,0,12,0,12,2237,589,363,251,2237,589,24,33,116,133,189,171,0,12,2237,589,148,112,0,12,60,67,510,182,1464,588,9,14
"6051","060374623014","Block Group 4, Census Tract 4623.01, Los Angeles County, California",859,313,11,18,0,12,0,12,0,12,0,12,0,12,0,12,0,12,41,60,22,35,0,12,4,16,0,12,0,12,0,12,0,12,13,21,4,16,0,12,0,12,0,12,0,12,23,40,0,12,877,315,184,256,877,315,0,12,39,59,137,136,0,12,877,315,97,75,0,12,14,26,242,92,514,269,0,12
"6052","060378001022","Block Group 2, Census Tract 8001.02, Los Angeles County, California",1960,406,0,12,0,12,0,12,0,12,0,12,0,12,0,12,0,12,14,23,0,12,0,12,0,12,0,12,0,12,0,12,0,12,0,12,0,12,0,12,0,12,0,12,0,12,0,12,0,12,1960,406,194,147,1960,406,0,12,0,12,49,59,0,12,1960,406,38,48,0,12,40,47,1738,393,144,184,0,12
"6053","060375702021","Block Group 1, Census Tract 5702.02, Los Angeles County, California",899,370,70,109,0,12,0,12,0,12,0,12,0,12,0,12,0,12,21,34,70,71,0,12,0,12,0,12,0,12,0,12,0,12,53,84,0,12,0,12,0,12,0,12,0,12,0,12,0,12,958,417,116,120,958,417,0,12,78,67,15,27,0,12,958,417,69,109,0,12,261,140,87,91,529,375,0,12
"6054","060375702031","Block Group 1, Census Tract 5702.03, Los Angeles County, California",2316,309,0,12,0,12,0,12,0,12,0,12,0,12,0,12,0,12,159,88,28,33,0,12,0,12,0,12,9,19,0,12,0,12,43,34,0,12,0,12,0,12,0,12,9,18,0,12,0,12,2566,380,513,264,2576,379,35,28,109,74,136,75,0,12,2576,379,147,156,43,40,456,126,115,77,1803,334,0,12
"6055","060375709015","Block Group 5, Census Tract 5709.01, Los Angeles County, California",1041,327,0,12,0,12,0,12,0,12,0,12,0,12,0,12,0,12,0,12,0,12,0,12,0,12,0,12,0,12,0,12,0,12,0,12,0,12,0,12,0,12,19,29,0,12,0,12,0,12,1073,322,17,26,1073,322,28,35,28,31,0,12,0,12,1073,322,82,82,0,12,111,124,637,325,243,121,0,12
"6056","060375709013","Block Group 3, Census Tract 5709.01, Los Angeles County, California",1461,358,0,12,0,12,0,12,0,12,0,12,0,12,0,12,0,12,0,12,0,12,0,12,0,12,4,9,0,12,0,12,0,12,0,12,0,12,0,12,0,12,14,21,0,12,0,12,0,12,1568,373,78,56,1581,373,0,12,28,31,10,16,0,12,1581,373,167,116,17,31,197,197,746,274,291,182,0,12
"6057","060375709021","Block Group 1, Census Tract 5709.02, Los Angeles County, California",1334,461,0,12,0,12,0,12,0,12,0,12,0,12,0,12,0,12,0,12,0,12,0,12,0,12,18,28,0,12,0,12,0,12,0,12,0,12,0,12,0,12,0,12,0,12,0,12,0,12,1391,463,150,143,1391,463,0,12,31,37,0,12,0,12,1391,463,195,174,0,12,228,177,388,171,329,194,0,12
"6058","060375751031","Block Group 1, Census Tract 5751.03, Los Angeles County, California",1843,367,0,12,0,12,0,12,0,12,0,12,0,12,0,12,0,12,187,150,42,37,0,12,0,12,0,12,0,12,0,12,0,12,13,18,0,12,0,12,0,12,0,12,0,12,0,12,0,12,1893,369,224,135,1930,404,22,24,120,82,132,137,0,12,1930,404,29,27,64,111,266,139,328,119,1109,361,83,94
"6059","060375759021","Block Group 1, Census Tract 5759.02, Los Angeles County, California",1337,399,0,12,0,12,0,12,0,12,0,12,0,12,0,12,0,12,112,132,0,12,0,12,0,12,0,12,0,12,0,12,0,12,0,12,0,12,0,12,0,12,0,12,0,12,0,12,0,12,1426,412,476,310,1426,412,0,12,121,129,97,103,0,12,1426,412,173,112,0,12,96,83,773,253,299,277,0,12
"6060","060376002022","Block Group 2, Census Tract 6002.02, Los Angeles County, California",3151,538,34,41,0,12,0,12,0,12,0,12,0,12,0,12,0,12,209,100,176,113,0,12,0,12,0,12,0,12,0,12,0,12,72,68,86,72,0,12,0,12,0,12,0,12,0,12,0,12,3521,628,764,317,3521,628,34,40,119,65,184,137,18,30,3521,628,0,12,0,12,1353,412,66,80,2080,596,0,12
"6061","060376004001","Block Group 1, Census Tract 6004, Los Angeles County, California",1014,324,0,12,0,12,0,12,0,12,0,12,0,12,0,12,0,12,0,12,0,12,0,12,0,12,0,12,0,12,0,12,0,12,0,12,0,12,0,12,0,12,0,12,0,12,0,12,0,12,1148,368,272,212,1148,368,70,106,0,12,29,43,0,12,1148,368,0,12,0,12,975,354,26,44,97,106,0,12
"6062","060376004004","Block Group 4, Census Tract 6004, Los Angeles County, California",1240,376,0,12,0,12,0,12,0,12,0,12,0,12,0,12,0,12,0,12,0,12,0,12,0,12,0,12,0,12,0,12,0,12,0,12,0,12,0,12,0,12,0,12,0,12,0,12,0,12,1227,380,167,114,1227,380,4,17,0,12,0,12,0,12,1254,378,0,12,0,12,1003,381,43,48,111,136,0,12
"6063","060374012031","Block Group 1, Census Tract 4012.03, Los Angeles County, California",2527,303,8,13,0,12,0,12,0,12,0,12,0,12,0,12,0,12,25,30,0,12,0,12,0,12,0,12,0,12,18,28,0,12,20,28,12,15,14,18,10,16,21,34,0,12,0,12,0,12,2510,307,306,300,2510,307,18,20,35,35,138,80,0,12,2611,323,212,93,0,12,34,31,916,196,1356,300,0,12
"6064","060374015003","Block Group 3, Census Tract 4015, Los Angeles County, California",866,271,0,12,0,12,0,12,0,12,0,12,0,12,0,12,0,12,21,23,0,12,0,12,0,12,0,12,0,12,0,12,0,12,13,21,0,12,0,12,0,12,0,12,0,12,0,12,0,12,926,284,260,231,926,284,0,12,0,12,0,12,0,12,966,284,71,50,0,12,16,16,135,82,725,260,8,14
"6065","060374016023","Block Group 3, Census Tract 4016.02, Los Angeles County, California",1153,338,0,12,0,12,0,12,0,12,0,12,0,12,0,12,0,12,9,16,53,84,0,12,0,12,0,12,0,12,8,12,0,12,10,16,0,12,0,12,0,12,0,12,0,12,10,16,0,12,1198,349,125,89,1198,349,9,15,92,88,87,90,0,12,1198,349,188,92,0,12,41,52,392,190,577,279,0,12
"6066","060371011102","Block Group 2, Census Tract 1011.10, Los Angeles County, California",1575,315,0,12,0,12,0,12,0,12,0,12,0,12,0,12,0,12,17,30,20,29,2,6,0,12,0,12,0,12,0,12,0,12,0,12,5,11,17,17,45,48,0,12,3,6,0,12,0,12,1504,327,291,237,1535,352,34,40,86,107,57,47,0,12,1614,341,179,105,3,6,11,13,841,257,545,283,3,6
"6067","060372091041","Block Group 1, Census Tract 2091.04, Los Angeles County, California",2382,215,29,29,7,12,0,12,0,12,0,12,0,12,0,12,0,12,411,105,282,110,0,12,0,12,11,12,0,12,0,12,0,12,77,40,4,6,0,12,0,12,0,12,0,12,0,12,0,12,2560,239,860,224,2560,239,59,62,200,83,349,131,0,12,2560,239,98,66,0,12,242,126,114,48,2079,299,0,12
"6068","060372088011","Block Group 1, Census Tract 2088.01, Los Angeles County, California",1876,307,21,33,0,12,0,12,14,23,0,12,0,12,0,12,0,12,173,117,133,103,0,12,0,12,97,64,0,12,0,12,11,18,36,43,19,30,0,12,0,12,97,60,97,59,0,12,0,12,1919,353,649,267,1933,359,28,32,255,127,167,90,8,13,1960,349,647,159,0,12,97,80,316,93,848,344,0,12
"6069","060373202021","Block Group 1, Census Tract 3202.02, Los Angeles County, California",2182,464,0,12,0,12,0,12,0,12,0,12,0,12,0,12,0,12,87,57,108,81,0,12,0,12,0,12,0,12,0,12,0,12,130,145,13,19,3,6,0,12,0,12,0,12,0,12,0,12,2256,505,42,57,2256,505,40,56,129,156,191,157,0,12,2328,489,22,27,0,12,11,15,83,52,2206,493,0,12
"6070","060373202024","Block Group 4, Census Tract 3202.02, Los Angeles County, California",927,411,0,12,0,12,0,12,0,12,0,12,0,12,0,12,0,12,27,33,0,12,0,12,0,12,0,12,0,12,0,12,0,12,15,24,11,18,0,12,0,12,0,12,0,12,0,12,0,12,1096,541,182,182,1096,541,0,12,43,68,100,96,0,12,1096,541,68,129,6,11,0,12,87,72,935,531,0,12
"6071","060379800231","Block Group 1, Census Tract 9800.23, Los Angeles County, California",0,12,0,12,0,12,0,12,0,12,0,12,0,12,0,12,0,12,0,12,0,12,0,12,0,12,0,12,0,12,0,12,0,12,0,12,0,12,0,12,0,12,0,12,0,12,0,12,0,12,0,12,0,12,0,12,0,12,0,12,0,12,0,12,0,12,0,12,0,12,0,12,0,12,0,12,0,12
"6072","060372723022","Block Group 2, Census Tract 2723.02, Los Angeles County, California",1832,359,0,12,0,12,0,12,0,12,0,12,0,12,0,12,0,12,80,75,27,40,0,12,0,12,0,12,0,12,0,12,0,12,10,19,36,44,0,12,0,12,0,12,0,12,0,12,0,12,1923,369,145,97,1923,369,0,12,72,58,139,98,0,12,1923,369,197,131,0,12,129,93,823,215,738,278,0,12
"6073","060371973001","Block Group 1, Census Tract 1973, Los Angeles County, California",1337,202,0,12,0,12,0,12,0,12,0,12,0,12,0,12,0,12,36,34,0,12,0,12,0,12,9,15,0,12,0,12,0,12,0,12,31,31,0,12,0,12,10,15,21,35,0,12,0,12,1359,214,124,60,1359,214,0,12,70,76,57,51,0,12,1359,214,176,70,28,44,72,57,605,105,402,227,0,12
"6074","060375730043","Block Group 3, Census Tract 5730.04, Los Angeles County, California",924,197,0,12,0,12,0,12,0,12,0,12,0,12,0,12,0,12,0,12,0,12,0,12,0,12,0,12,0,12,10,15,0,12,0,12,0,12,0,12,0,12,0,12,0,12,0,12,0,12,1042,210,207,154,1042,210,0,12,9,14,64,61,0,12,1042,210,8,13,231,137,213,158,267,114,300,162,0,12
"6075","060375717032","Block Group 2, Census Tract 5717.03, Los Angeles County, California",1766,573,151,242,0,12,0,12,0,12,0,12,0,12,0,12,0,12,51,48,27,45,0,12,0,12,0,12,0,12,0,12,0,12,9,15,0,12,0,12,0,12,28,44,0,12,0,12,0,12,1874,593,225,109,1874,593,0,12,0,12,111,86,0,12,1874,593,152,127,0,12,216,98,111,113,1361,569,0,12
"6076","060374628002","Block Group 2, Census Tract 4628, Los Angeles County, California",1392,293,0,12,0,12,0,12,0,12,0,12,0,12,0,12,0,12,22,32,0,12,0,12,0,12,27,42,0,12,0,12,0,12,7,11,7,11,0,12,0,12,0,12,0,12,0,12,0,12,1492,287,80,61,1492,287,0,12,5,12,7,15,0,12,1492,287,168,84,0,12,233,192,454,200,576,209,0,12
"6077","060374639001","Block Group 1, Census Tract 4639, Los Angeles County, California",1148,212,0,12,0,12,0,12,0,12,0,12,0,12,0,12,0,12,0,12,1,5,0,12,0,12,11,18,22,24,0,12,0,12,10,16,4,8,0,12,4,8,4,7,21,25,0,12,0,12,996,209,74,59,1007,209,10,16,0,12,64,48,0,12,1181,217,76,49,0,12,254,162,627,165,183,126,0,12
"6078","060374642005","Block Group 5, Census Tract 4642, Los Angeles County, California",665,179,0,12,0,12,0,12,0,12,0,12,0,12,0,12,0,12,0,12,0,12,0,12,0,12,0,12,0,12,0,12,0,12,0,12,0,12,0,12,0,12,0,12,0,12,0,12,0,12,685,181,28,33,685,181,0,12,0,12,0,12,0,12,685,181,304,173,0,12,0,12,275,115,64,78,0,12
"6079","060374625001","Block Group 1, Census Tract 4625, Los Angeles County, California",1315,317,0,12,0,12,0,12,0,12,0,12,0,12,0,12,0,12,0,12,0,12,0,12,0,12,24,37,0,12,0,12,0,12,0,12,0,12,0,12,0,12,0,12,0,12,0,12,0,12,1380,344,130,134,1380,344,32,51,0,12,40,66,0,12,1380,344,417,271,0,12,143,102,658,274,109,125,0,12
"6080","060374625003","Block Group 3, Census Tract 4625, Los Angeles County, California",2128,395,0,12,0,12,0,12,0,12,0,12,0,12,0,12,0,12,0,12,0,12,138,126,55,88,0,12,0,12,0,12,0,12,0,12,0,12,49,76,49,75,38,58,0,12,0,12,0,12,2307,437,343,230,2307,437,0,12,35,42,0,12,0,12,2307,437,120,90,0,12,79,79,1370,321,618,317,0,12
"6081","060371351111","Block Group 1, Census Tract 1351.11, Los Angeles County, California",1286,314,27,36,0,12,0,12,0,12,0,12,0,12,0,12,0,12,136,99,0,12,0,12,0,12,0,12,0,12,0,12,0,12,0,12,0,12,14,21,0,12,0,12,0,12,0,12,0,12,1296,319,142,170,1296,319,0,12,11,24,67,83,0,12,1296,319,18,30,0,12,68,104,508,231,702,330,0,12
"6082","060372714002","Block Group 2, Census Tract 2714, Los Angeles County, California",1329,258,0,12,0,12,0,12,0,12,0,12,0,12,0,12,0,12,0,12,0,12,0,12,0,12,0,12,0,12,0,12,0,12,0,12,0,12,0,12,0,12,21,33,0,12,0,12,0,12,1465,328,91,77,1465,328,0,12,0,12,76,73,0,12,1465,328,130,80,46,44,46,72,1014,238,200,173,0,12
"6083","060372717013","Block Group 3, Census Tract 2717.01, Los Angeles County, California",2321,533,0,12,0,12,0,12,0,12,18,27,0,12,0,12,0,12,0,12,0,12,0,12,0,12,0,12,0,12,0,12,0,12,0,12,0,12,16,25,0,12,14,23,0,12,0,12,0,12,2452,540,199,165,2452,540,0,12,15,25,50,62,0,12,2452,540,708,310,0,12,400,453,940,254,301,196,0,12
"6084","060373005022","Block Group 2, Census Tract 3005.02, Los Angeles County, California",1552,315,0,12,0,12,0,12,0,12,0,12,0,12,0,12,0,12,0,12,0,12,19,33,0,12,32,35,0,12,0,12,0,12,0,12,0,12,0,12,0,12,0,12,0,12,0,12,0,12,1664,352,164,130,1664,352,0,12,57,53,71,68,0,12,1664,352,454,243,0,12,0,12,917,298,233,180,0,12
"6085","060373010002","Block Group 2, Census Tract 3010, Los Angeles County, California",1345,334,0,12,0,12,0,12,0,12,10,16,0,12,0,12,0,12,0,12,0,12,0,12,0,12,0,12,0,12,10,16,0,12,11,17,0,12,10,13,0,12,0,12,0,12,0,12,0,12,1378,353,141,119,1378,353,0,12,16,25,0,12,0,12,1378,353,256,149,0,12,0,12,836,277,163,102,0,12
"6086","060373016022","Block Group 2, Census Tract 3016.02, Los Angeles County, California",998,423,0,12,0,12,0,12,0,12,0,12,0,12,0,12,0,12,74,90,35,42,71,66,0,12,0,12,0,12,0,12,0,12,0,12,0,12,0,12,36,52,0,12,0,12,0,12,0,12,998,423,42,53,998,423,24,42,126,103,55,72,0,12,998,423,59,68,0,12,11,18,618,391,267,223,0,12
"6087","060373023012","Block Group 2, Census Tract 3023.01, Los Angeles County, California",2193,315,0,12,0,12,0,12,0,12,0,12,0,12,0,12,0,12,0,12,0,12,38,35,33,25,0,12,0,12,0,12,0,12,11,18,0,12,117,59,79,50,0,12,0,12,43,61,0,12,2283,321,527,215,2283,321,0,12,74,46,120,82,7,10,2283,321,366,155,0,12,10,16,1556,322,292,140,0,12
"6088","060373112002","Block Group 2, Census Tract 3112, Los Angeles County, California",890,194,0,12,0,12,0,12,0,12,0,12,0,12,0,12,0,12,0,12,0,12,0,12,0,12,0,12,0,12,0,12,0,12,0,12,0,12,0,12,0,12,0,12,0,12,0,12,0,12,954,206,74,58,954,206,0,12,11,19,62,45,0,12,954,206,179,141,0,12,40,45,485,128,221,152,0,12
"6089","060377031001","Block Group 1, Census Tract 7031, Los Angeles County, California",547,267,0,12,0,12,0,12,0,12,0,12,0,12,0,12,0,12,0,12,0,12,0,12,0,12,0,12,0,12,0,12,0,12,0,12,0,12,0,12,0,12,0,12,0,12,0,12,0,12,547,267,0,12,547,267,0,12,0,12,21,34,0,12,547,267,0,12,18,27,519,275,0,12,0,12,0,12
"6090","060379104031","Block Group 1, Census Tract 9104.03, Los Angeles County, California",1994,294,0,12,0,12,0,12,0,12,0,12,0,12,0,12,0,12,231,124,119,70,0,12,0,12,11,16,0,12,0,12,0,12,0,12,6,9,0,12,0,12,0,12,0,12,3,6,0,12,2273,313,1114,290,2278,314,26,25,87,44,160,71,0,12,2278,314,33,49,3,7,131,169,92,62,1967,297,0,12
"6091","060379106034","Block Group 4, Census Tract 9106.03, Los Angeles County, California",1884,537,0,12,0,12,0,12,0,12,0,12,0,12,0,12,0,12,59,50,55,52,0,12,0,12,0,12,0,12,0,12,0,12,16,19,45,50,0,12,0,12,0,12,0,12,0,12,0,12,1924,539,521,302,1924,539,50,80,47,56,39,47,0,12,1924,539,10,15,0,12,444,229,165,65,1293,515,0,12
"6092","060372161003","Block Group 3, Census Tract 2161, Los Angeles County, California",645,180,0,12,0,12,0,12,0,12,0,12,0,12,0,12,0,12,0,12,0,12,0,12,0,12,0,12,0,12,0,12,0,12,0,12,0,12,0,12,0,12,0,12,0,12,0,12,0,12,669,189,39,61,669,189,0,12,8,12,24,36,0,12,669,189,73,59,0,12,98,84,402,139,96,77,0,12
"6093","060372167002","Block Group 2, Census Tract 2167, Los Angeles County, California",1114,240,0,12,0,12,0,12,0,12,0,12,0,12,0,12,0,12,0,12,0,12,10,19,0,12,0,12,0,12,0,12,0,12,4,8,11,13,15,35,3,7,0,12,0,12,0,12,0,12,1065,241,163,101,1065,241,0,12,8,13,40,46,0,12,1141,257,65,47,0,12,260,169,468,122,237,122,0,12
"6094","060372182102","Block Group 2, Census Tract 2182.10, Los Angeles County, California",1502,305,0,12,0,12,0,12,0,12,0,12,0,12,0,12,0,12,215,107,16,24,32,52,0,12,0,12,0,12,0,12,0,12,38,43,30,22,0,12,0,12,0,12,0,12,0,12,0,12,1378,318,245,150,1378,318,14,24,68,52,109,70,0,12,1577,327,124,126,0,12,210,82,256,125,987,350,0,12
"6095","060372186002","Block Group 2, Census Tract 2186, Los Angeles County, California",622,299,0,12,0,12,0,12,0,12,0,12,0,12,0,12,0,12,0,12,16,25,0,12,0,12,3,14,0,12,0,12,0,12,0,12,0,12,0,12,0,12,0,12,0,12,0,12,0,12,646,311,154,149,649,311,0,12,33,51,22,35,0,12,649,311,3,14,0,12,166,157,115,95,338,224,0,12
"6096","060372189002","Block Group 2, Census Tract 2189, Los Angeles County, California",1698,457,0,12,0,12,0,12,0,12,0,12,0,12,0,12,0,12,141,102,190,230,0,12,0,12,13,20,0,12,0,12,0,12,36,58,9,14,0,12,0,12,0,12,0,12,0,12,0,12,1868,494,573,421,1868,494,0,12,181,132,325,193,9,14,1868,494,117,67,0,12,271,161,160,89,1298,533,0,12
"6097","060372193002","Block Group 2, Census Tract 2193, Los Angeles County, California",1056,394,0,12,0,12,0,12,0,12,0,12,0,12,0,12,0,12,66,65,3,7,0,12,0,12,0,12,0,12,0,12,0,12,7,12,10,15,9,15,0,12,10,15,0,12,0,12,0,12,1126,474,349,264,1156,474,24,37,70,79,10,15,10,16,1156,474,10,15,52,82,434,186,26,26,621,465,0,12
"6098","060371397014","Block Group 4, Census Tract 1397.01, Los Angeles County, California",860,373,0,12,0,12,0,12,0,12,0,12,0,12,0,12,0,12,0,12,0,12,0,12,0,12,0,12,0,12,0,12,0,12,0,12,0,12,0,12,0,12,0,12,0,12,0,12,0,12,860,373,0,12,860,373,0,12,0,12,92,131,0,12,860,373,30,48,0,12,0,12,561,225,238,308,18,30
"6099","060371831011","Block Group 1, Census Tract 1831.01, Los Angeles County, California",848,242,0,12,0,12,0,12,0,12,0,12,0,12,0,12,0,12,66,47,24,39,0,12,0,12,0,12,0,12,0,12,0,12,0,12,0,12,0,12,0,12,0,12,0,12,0,12,0,12,881,250,149,165,881,250,28,45,34,55,60,84,15,24,881,250,28,25,0,12,0,12,126,58,712,259,15,24
"6100","060371853102","Block Group 2, Census Tract 1853.10, Los Angeles County, California",1103,177,5,8,0,12,0,12,0,12,5,8,0,12,0,12,0,12,130,82,5,8,0,12,0,12,11,10,0,12,0,12,0,12,19,22,31,24,0,12,0,12,0,12,0,12,0,12,0,12,1186,192,131,111,1174,193,7,9,30,28,72,45,0,12,1186,192,163,82,0,12,0,12,103,47,920,200,0,12
"6101","060371212101","Block Group 1, Census Tract 1212.10, Los Angeles County, California",1803,280,0,12,10,15,0,12,0,12,0,12,0,12,0,12,0,12,164,62,144,77,18,28,0,12,0,12,0,12,0,12,0,12,36,33,25,28,0,12,0,12,21,23,13,22,0,12,0,12,1738,311,158,165,1738,311,41,63,90,53,239,116,0,12,1873,306,196,97,0,12,49,43,186,115,1437,297,0,12
"6102","060371231042","Block Group 2, Census Tract 1231.04, Los Angeles County, California",1643,351,0,12,0,12,0,12,0,12,0,12,0,12,0,12,0,12,93,61,36,41,8,14,0,12,0,12,0,12,0,12,0,12,56,54,13,21,0,12,0,12,0,12,0,12,0,12,0,12,1787,390,469,212,1787,390,50,72,81,84,102,83,0,12,1787,390,90,126,0,12,46,51,426,172,1195,358,0,12
"6103","060372221002","Block Group 2, Census Tract 2221, Los Angeles County, California",1714,399,37,58,0,12,0,12,0,12,0,12,0,12,0,12,0,12,151,82,69,67,0,12,0,12,0,12,16,26,0,12,0,12,0,12,0,12,0,12,0,12,0,12,0,12,0,12,0,12,1869,452,85,59,1869,452,0,12,233,180,151,105,0,12,1869,452,97,75,0,12,553,249,13,14,1206,428,0,12
"6104","060372247001","Block Group 1, Census Tract 2247, Los Angeles County, California",2450,312,0,12,0,12,0,12,0,12,0,12,0,12,0,12,0,12,0,12,0,12,0,12,0,12,5,8,0,12,0,12,0,12,0,12,14,20,0,12,0,12,0,12,0,12,0,12,0,12,1421,248,1190,244,2450,312,0,12,196,94,13,18,0,12,2450,312,937,171,10,17,119,53,1097,246,222,86,0,12
"6105","060372282102","Block Group 2, Census Tract 2282.10, Los Angeles County, California",2076,394,0,12,0,12,0,12,0,12,0,12,0,12,0,12,0,12,303,127,245,88,0,12,0,12,0,12,0,12,0,12,0,12,15,18,65,45,0,12,0,12,0,12,0,12,0,12,0,12,2273,435,741,306,2273,435,119,112,122,61,286,143,19,22,2273,435,0,12,0,12,138,79,0,12,2093,421,42,59
"6106","060371131011","Block Group 1, Census Tract 1131.01, Los Angeles County, California",1418,268,0,12,0,12,0,12,0,12,0,12,0,12,0,12,0,12,8,16,0,12,0,12,0,12,26,42,0,12,0,12,0,12,0,12,0,12,18,27,0,12,0,12,0,12,8,13,8,13,1525,268,138,92,1525,268,80,121,9,14,50,62,0,12,1525,268,239,147,0,12,94,119,900,224,292,132,0,12
"6107","060371112061","Block Group 1, Census Tract 1112.06, Los Angeles County, California",1042,350,0,12,0,12,0,12,0,12,0,12,0,12,0,12,0,12,0,12,0,12,0,12,0,12,17,25,0,12,0,12,0,12,0,12,0,12,0,12,0,12,0,12,0,12,0,12,0,12,1121,376,30,36,1121,376,0,12,94,97,0,12,0,12,1121,376,117,115,0,12,0,12,501,156,503,302,0,12
"6108","060371096041","Block Group 1, Census Tract 1096.04, Los Angeles County, California",927,303,0,12,0,12,0,12,0,12,0,12,0,12,0,12,0,12,105,80,0,12,0,12,0,12,0,12,0,12,0,12,0,12,0,12,0,12,17,27,0,12,0,12,0,12,0,12,0,12,950,306,90,90,950,306,0,12,4,8,36,39,34,41,950,306,111,108,0,12,20,31,209,98,582,278,28,33
"6109","060372975004","Block Group 4, Census Tract 2975, Los Angeles County, California",852,269,0,12,0,12,0,12,0,12,0,12,0,12,0,12,0,12,0,12,0,12,0,12,0,12,0,12,0,12,0,12,0,12,0,12,0,12,0,12,0,12,0,12,0,12,0,12,0,12,852,269,46,77,852,269,0,12,0,12,17,27,0,12,852,269,29,47,0,12,21,33,690,283,83,63,0,12
"6110","060373109005","Block Group 5, Census Tract 3109, Los Angeles County, California",845,261,0,12,0,12,0,12,0,12,0,12,0,12,0,12,0,12,0,12,0,12,0,12,0,12,0,12,0,12,0,12,0,12,0,12,0,12,0,12,0,12,0,12,0,12,0,12,0,12,924,284,20,26,924,284,0,12,57,88,19,30,0,12,941,284,102,103,0,12,4,7,709,261,75,62,0,12
"6111","060376013031","Block Group 1, Census Tract 6013.03, Los Angeles County, California",1440,336,0,12,0,12,0,12,0,12,0,12,0,12,0,12,0,12,31,30,0,12,0,12,0,12,0,12,0,12,0,12,0,12,20,33,0,12,0,12,0,12,0,12,0,12,9,15,0,12,1496,350,153,70,1496,350,10,15,82,72,64,52,0,12,1496,350,18,29,0,12,870,244,100,76,467,239,0,12
"6112","060374042021","Block Group 1, Census Tract 4042.02, Los Angeles County, California",2382,362,0,12,0,12,0,12,0,12,0,12,0,12,0,12,0,12,4,6,0,12,6,8,0,12,13,15,0,12,0,12,0,12,0,12,23,34,0,12,0,12,0,12,12,17,0,12,0,12,1035,173,357,131,2416,361,7,10,92,38,60,39,0,12,2425,361,391,145,0,12,113,47,996,266,845,177,17,24
"6113","060376504011","Block Group 1, Census Tract 6504.01, Los Angeles County, California",1236,299,0,12,0,12,0,12,0,12,18,28,0,12,0,12,0,12,0,12,0,12,16,21,0,12,0,12,0,12,0,12,0,12,0,12,0,12,0,12,0,12,4,10,0,12,0,12,0,12,1355,308,20,31,1347,308,17,27,16,21,58,68,16,25,1355,308,440,141,0,12,0,12,679,227,188,102,0,12
"6114","060371014003","Block Group 3, Census Tract 1014, Los Angeles County, California",1173,257,0,12,0,12,0,12,0,12,0,12,0,12,0,12,0,12,14,21,0,12,0,12,0,12,32,35,0,12,0,12,0,12,0,12,5,9,9,15,0,12,0,12,0,12,0,12,0,12,1240,271,33,31,1240,271,0,12,0,12,28,29,0,12,1240,271,98,75,0,12,9,15,698,187,275,146,13,20
"6115","060371064031","Block Group 1, Census Tract 1064.03, Los Angeles County, California",1086,377,0,12,0,12,0,12,0,12,0,12,0,12,0,12,0,12,101,86,11,18,0,12,0,12,0,12,0,12,0,12,0,12,22,26,34,36,0,12,0,12,0,12,0,12,0,12,0,12,1141,418,40,42,1141,418,0,12,28,29,67,65,0,12,1141,418,7,9,0,12,21,25,180,75,933,411,0,12
"6116","060371065203","Block Group 3, Census Tract 1065.20, Los Angeles County, California",1404,396,16,25,0,12,0,12,0,12,0,12,0,12,0,12,0,12,210,134,104,59,0,12,0,12,0,12,0,12,0,12,0,12,46,49,14,21,0,12,0,12,0,12,0,12,0,12,0,12,1450,418,170,208,1457,418,33,41,102,75,122,104,0,12,1457,418,0,12,0,12,0,12,10,15,1447,422,0,12
"6117","060375753001","Block Group 1, Census Tract 5753, Los Angeles County, California",971,302,0,12,0,12,0,12,0,12,0,12,0,12,0,12,0,12,45,69,0,12,0,12,0,12,0,12,34,36,0,12,0,12,1,2,0,12,0,12,0,12,81,55,35,43,0,12,0,12,1019,309,400,250,1019,309,0,12,49,55,41,45,0,12,1019,309,301,147,31,48,183,126,179,192,325,218,0,12
"6118","060375754014","Block Group 4, Census Tract 5754.01, Los Angeles County, California",2606,386,0,12,0,12,0,12,0,12,0,12,0,12,0,12,0,12,350,161,308,139,0,12,0,12,0,12,0,12,0,12,0,12,0,12,60,44,0,12,0,12,0,12,0,12,0,12,0,12,2894,439,949,394,2894,439,129,106,391,178,274,110,0,12,2894,439,45,39,0,12,223,184,168,107,2431,421,0,12
"6119","060375754011","Block Group 1, Census Tract 5754.01, Los Angeles County, California",389,159,0,12,0,12,0,12,0,12,0,12,0,12,0,12,0,12,0,12,0,12,0,12,0,12,11,18,0,12,0,12,0,12,0,12,0,12,0,12,0,12,0,12,0,12,0,12,0,12,422,193,118,104,422,193,0,12,0,12,18,27,0,12,442,193,55,82,0,12,139,64,56,61,177,173,10,24
"6120","060374048011","Block Group 1, Census Tract 4048.01, Los Angeles County, California",2184,578,0,12,0,12,0,12,0,12,0,12,0,12,0,12,0,12,168,103,91,65,7,13,0,12,101,107,0,12,0,12,0,12,23,30,0,12,0,12,0,12,54,53,44,61,0,12,0,12,2338,614,441,304,2338,614,15,23,155,114,193,88,0,12,2338,614,703,491,0,12,0,12,93,94,1542,526,0,12
"6121","060374050021","Block Group 1, Census Tract 4050.02, Los Angeles County, California",2061,305,0,12,13,19,0,12,0,12,0,12,0,12,0,12,0,12,123,47,112,53,0,12,0,12,44,41,0,12,0,12,0,12,87,48,77,43,0,12,0,12,7,10,0,12,0,12,0,12,2169,321,105,70,2169,321,28,40,117,57,97,46,38,34,2169,321,110,90,0,12,0,12,14,17,1988,325,39,61
"6122","060375508005","Block Group 5, Census Tract 5508, Los Angeles County, California",502,234,0,12,0,12,0,12,0,12,0,12,0,12,0,12,0,12,0,12,0,12,0,12,0,12,0,12,0,12,0,12,0,12,0,12,0,12,0,12,0,12,0,12,0,12,0,12,0,12,518,238,60,69,518,238,0,12,0,12,16,26,0,12,518,238,0,12,0,12,0,12,222,151,296,185,0,12
"6123","060375703012","Block Group 2, Census Tract 5703.01, Los Angeles County, California",1240,628,47,74,0,12,0,12,0,12,0,12,0,12,0,12,0,12,86,102,176,231,0,12,0,12,0,12,0,12,0,12,0,12,19,31,31,54,0,12,0,12,0,12,0,12,0,12,0,12,1445,709,887,692,1433,712,0,12,0,12,0,12,0,12,1445,709,15,26,0,12,145,219,40,49,1245,730,0,12
"6124","060376041001","Block Group 1, Census Tract 6041, Los Angeles County, California",1373,504,0,12,0,12,0,12,0,12,0,12,0,12,0,12,0,12,185,136,0,12,0,12,0,12,42,32,0,12,0,12,0,12,0,12,0,12,0,12,0,12,0,12,0,12,0,12,0,12,1444,527,70,79,1444,527,0,12,195,155,132,104,0,12,1444,527,240,198,0,12,0,12,101,99,1103,508,0,12
"6125","060376041002","Block Group 2, Census Tract 6041, Los Angeles County, California",1190,444,0,12,0,12,0,12,0,12,0,12,0,12,0,12,0,12,64,84,12,19,0,12,0,12,0,12,0,12,0,12,0,12,48,46,31,35,0,12,0,12,0,12,0,12,0,12,0,12,1402,589,7,8,1402,589,0,12,0,12,126,123,0,12,1402,589,0,12,0,12,39,56,168,145,1180,582,0,12
"6126","060378003241","Block Group 1, Census Tract 8003.24, Los Angeles County, California",991,292,0,12,0,12,0,12,0,12,0,12,0,12,0,12,0,12,0,12,0,12,0,12,0,12,0,12,0,12,0,12,0,12,2,4,2,4,0,12,0,12,0,12,0,12,0,12,0,12,1065,282,169,236,1065,282,0,12,59,83,54,75,0,12,1076,281,1,3,0,12,15,21,773,274,227,168,0,12
"6127","060374623021","Block Group 1, Census Tract 4623.02, Los Angeles County, California",1106,174,0,12,0,12,0,12,0,12,0,12,0,12,0,12,0,12,7,16,27,33,0,12,0,12,19,21,0,12,0,12,0,12,1,7,0,12,0,12,0,12,9,14,0,12,0,12,0,12,1247,227,151,66,1247,227,0,12,36,43,29,34,10,15,1247,227,248,89,0,12,32,37,408,116,478,239,0,12
"6128","060372974002","Block Group 2, Census Tract 2974, Los Angeles County, California",2226,371,0,12,0,12,0,12,0,12,0,12,0,12,0,12,0,12,36,44,0,12,0,12,0,12,0,12,0,12,0,12,0,12,0,12,0,12,0,12,0,12,0,12,0,12,0,12,0,12,2226,371,81,55,2226,371,0,12,23,27,46,51,0,12,2226,371,114,75,0,12,43,49,1555,203,470,340,0,12
"6129","060373005012","Block Group 2, Census Tract 3005.01, Los Angeles County, California",456,134,0,12,0,12,0,12,0,12,0,12,0,12,0,12,0,12,0,12,0,12,0,12,0,12,14,22,10,14,0,12,0,12,9,18,0,12,0,12,26,45,13,19,0,12,0,12,0,12,492,149,28,44,492,149,14,22,14,22,0,12,0,12,492,149,239,125,0,12,0,12,166,92,36,54,0,12
"6130","060376021041","Block Group 1, Census Tract 6021.04, Los Angeles County, California",2938,663,0,12,0,12,0,12,0,12,0,12,0,12,0,12,0,12,171,92,148,213,0,12,0,12,0,12,0,12,19,32,0,12,10,17,26,33,0,12,0,12,8,18,0,12,0,12,0,12,3385,759,674,336,3385,759,54,85,165,130,225,155,0,12,3385,759,83,87,0,12,886,290,164,133,2195,686,0,12
"6131","060371895001","Block Group 1, Census Tract 1895, Los Angeles County, California",1899,425,0,12,0,12,0,12,0,12,0,12,0,12,0,12,0,12,23,37,0,12,0,12,0,12,0,12,0,12,0,12,0,12,0,12,0,12,0,12,0,12,0,12,0,12,0,12,0,12,1993,436,446,235,1993,436,16,58,26,40,162,109,0,12,1993,436,65,62,0,12,0,12,1519,335,371,199,0,12
"6132","060375733001","Block Group 1, Census Tract 5733, Los Angeles County, California",2816,377,0,12,0,12,19,40,0,12,0,12,0,12,0,12,0,12,98,68,59,55,6,13,0,12,140,68,31,36,0,12,0,12,14,22,30,36,0,12,0,12,39,35,30,32,0,12,0,12,3119,408,1432,420,3119,408,24,36,210,103,163,91,0,12,3119,408,1126,301,0,12,512,210,104,101,1377,291,0,12
"6133","060375742011","Block Group 1, Census Tract 5742.01, Los Angeles County, California",943,224,0,12,0,12,0,12,0,12,0,12,0,12,0,12,0,12,0,12,0,12,0,12,0,12,12,21,0,12,10,15,0,12,0,12,0,12,0,12,0,12,12,26,12,27,10,15,0,12,1112,315,10,14,1112,315,0,12,0,12,10,15,0,12,1112,315,159,172,0,12,56,91,548,152,277,273,0,12
"6134","060375750023","Block Group 3, Census Tract 5750.02, Los Angeles County, California",1088,238,0,12,0,12,0,12,0,12,0,12,0,12,0,12,0,12,0,12,0,12,0,12,0,12,0,12,0,12,0,12,0,12,2,5,5,9,0,12,8,17,0,12,0,12,0,12,0,12,1024,246,30,40,1024,246,9,14,0,12,24,24,0,12,1120,248,115,93,0,12,98,107,619,168,269,171,0,12
"6135","060375752021","Block Group 1, Census Tract 5752.02, Los Angeles County, California",1527,378,0,12,0,12,0,12,0,12,0,12,0,12,0,12,0,12,50,40,66,56,0,12,0,12,68,44,0,12,0,12,0,12,20,29,0,12,0,12,0,12,83,68,0,12,0,12,0,12,1681,413,437,232,1681,413,0,12,34,39,42,42,0,12,1681,413,534,217,0,12,181,126,32,35,900,357,0,12
"6136","060372213022","Block Group 2, Census Tract 2213.02, Los Angeles County, California",1593,335,0,12,0,12,0,12,0,12,0,12,0,12,0,12,0,12,211,136,25,40,0,12,0,12,56,60,0,12,0,12,0,12,54,50,35,34,0,12,0,12,8,18,0,12,0,12,0,12,1627,357,484,195,1673,350,76,80,124,77,127,103,12,19,1673,350,213,165,102,158,282,161,52,40,1024,338,0,12
"6137","060372242001","Block Group 1, Census Tract 2242, Los Angeles County, California",1858,337,0,12,0,12,0,12,0,12,0,12,0,12,0,12,0,12,254,87,295,132,0,12,0,12,0,12,0,12,0,12,0,12,50,42,18,28,0,12,0,12,0,12,0,12,0,12,0,12,1984,368,546,243,1984,368,19,22,258,110,267,96,15,21,1984,368,31,30,0,12,0,12,45,43,1900,386,8,11
"6138","060374612002","Block Group 2, Census Tract 4612, Los Angeles County, California",1224,230,0,12,0,12,0,12,0,12,0,12,0,12,0,12,0,12,0,12,0,12,0,12,0,12,0,12,0,12,0,12,0,12,0,12,0,12,0,12,0,12,0,12,0,12,0,12,0,12,1282,234,164,178,1282,234,0,12,8,17,12,20,0,12,1282,234,49,41,0,12,77,73,875,209,222,122,0,12
"6139","060374627002","Block Group 2, Census Tract 4627, Los Angeles County, California",1045,282,0,12,0,12,0,12,0,12,0,12,0,12,0,12,0,12,94,115,0,12,0,12,0,12,0,12,0,12,0,12,0,12,0,12,0,12,0,12,0,12,0,12,0,12,0,12,0,12,1132,324,110,129,1132,324,0,12,127,82,142,106,0,12,1132,324,124,85,0,12,0,12,214,133,765,344,0,12
"6140","060374627003","Block Group 3, Census Tract 4627, Los Angeles County, California",739,179,0,12,0,12,0,12,0,12,0,12,0,12,0,12,0,12,0,12,0,12,0,12,0,12,0,12,0,12,0,12,0,12,0,12,0,12,17,26,0,12,0,12,0,12,0,12,0,12,774,191,116,105,774,191,0,12,0,12,13,20,0,12,774,191,199,110,0,12,26,42,473,209,60,64,0,12
"6141","060374632002","Block Group 2, Census Tract 4632, Los Angeles County, California",1366,253,10,18,0,12,0,12,0,12,0,12,0,12,0,12,0,12,25,33,0,12,0,12,0,12,78,51,20,17,0,12,0,12,0,12,0,12,0,12,0,12,15,23,0,12,0,12,0,12,1381,265,86,86,1381,265,0,12,12,19,50,45,0,12,1402,262,519,164,0,12,14,22,622,174,247,143,0,12
"6142","060374638003","Block Group 3, Census Tract 4638, Los Angeles County, California",991,156,0,12,0,12,0,12,0,12,0,12,0,12,0,12,0,12,0,12,0,12,0,12,0,12,0,12,0,12,0,12,0,12,0,12,0,12,0,12,0,12,0,12,0,12,0,12,0,12,1077,158,116,94,1077,158,0,12,6,11,42,49,16,25,1117,174,127,76,0,12,71,81,717,158,151,103,0,12
"6143","060374640003","Block Group 3, Census Tract 4640, Los Angeles County, California",1006,232,0,12,0,12,0,12,0,12,0,12,0,12,0,12,0,12,0,12,0,12,0,12,0,12,0,12,0,12,0,12,0,12,0,12,0,12,0,12,0,12,0,12,0,12,0,12,0,12,1145,266,18,29,1145,266,0,12,76,71,24,38,0,12,1145,266,433,219,0,12,138,161,393,148,93,77,0,12
"6144","060374640001","Block Group 1, Census Tract 4640, Los Angeles County, California",1290,276,0,12,0,12,0,12,0,12,0,12,0,12,0,12,0,12,0,12,0,12,0,12,0,12,0,12,0,12,0,12,0,12,0,12,0,12,0,12,0,12,0,12,0,12,0,12,0,12,1340,290,323,258,1340,290,0,12,0,12,58,89,0,12,1340,290,395,294,0,12,0,12,703,174,84,88,0,12
"6145","060374305013","Block Group 3, Census Tract 4305.01, Los Angeles County, California",629,197,0,12,0,12,0,12,0,12,0,12,0,12,0,12,0,12,0,12,0,12,0,12,0,12,0,12,0,12,0,12,0,12,0,12,0,12,0,12,0,12,0,12,0,12,0,12,0,12,639,198,25,24,639,198,0,12,0,12,0,12,0,12,639,198,128,184,0,12,0,12,482,112,29,36,0,12
"6146","060374308012","Block Group 2, Census Tract 4308.01, Los Angeles County, California",2246,686,0,12,0,12,0,12,0,12,40,63,0,12,0,12,0,12,0,12,0,12,25,46,0,12,68,65,12,19,0,12,0,12,0,12,0,12,32,58,0,12,34,43,0,12,0,12,0,12,2260,686,46,56,2260,686,32,41,0,12,34,48,0,12,2260,686,1733,611,23,36,0,12,324,259,14,23,0,12
"6147","060377016011","Block Group 1, Census Tract 7016.01, Los Angeles County, California",491,153,0,12,0,12,0,12,0,12,0,12,0,12,0,12,0,12,0,12,0,12,0,12,0,12,0,12,0,12,0,12,0,12,0,12,0,12,48,76,0,12,1,7,0,12,0,12,0,12,507,161,2,14,507,161,8,15,10,19,0,12,0,12,507,161,87,94,0,12,0,12,406,141,0,12,0,12
"6148","060375025002","Block Group 2, Census Tract 5025, Los Angeles County, California",2574,361,0,12,0,12,0,12,0,12,0,12,0,12,0,12,0,12,270,110,33,30,0,12,0,12,0,12,0,12,0,12,0,12,77,63,45,53,11,17,0,12,0,12,0,12,0,12,0,12,2695,370,118,106,2721,369,26,39,221,134,285,170,10,16,2721,369,0,12,29,46,12,18,70,50,2610,378,0,12
"6149","060375026015","Block Group 5, Census Tract 5026.01, Los Angeles County, California",1101,351,0,12,0,12,0,12,0,12,0,12,0,12,0,12,0,12,27,42,0,12,0,12,0,12,0,12,0,12,0,12,0,12,27,41,28,42,0,12,0,12,0,12,0,12,0,12,0,12,1182,397,21,26,1182,397,0,12,62,73,59,67,0,12,1182,397,0,12,0,12,0,12,50,40,1132,397,0,12
"6150","060375026013","Block Group 3, Census Tract 5026.01, Los Angeles County, California",1562,429,0,12,0,12,0,12,0,12,0,12,0,12,0,12,0,12,124,72,0,12,0,12,0,12,0,12,0,12,0,12,0,12,94,89,37,43,0,12,0,12,0,12,0,12,0,12,0,12,1579,425,73,81,1579,425,0,12,69,60,9,14,0,12,1579,425,17,17,0,12,4,9,40,39,1518,425,0,12
"6151","060375026023","Block Group 3, Census Tract 5026.02, Los Angeles County, California",1448,407,0,12,0,12,0,12,0,12,0,12,0,12,0,12,0,12,146,120,0,12,0,12,0,12,0,12,0,12,0,12,0,12,71,84,50,75,0,12,0,12,6,15,0,12,0,12,0,12,1547,426,24,28,1547,426,0,12,62,63,45,53,0,12,1547,426,10,25,0,12,0,12,109,64,1428,431,0,12
"6152","060375029022","Block Group 2, Census Tract 5029.02, Los Angeles County, California",697,251,0,12,6,9,0,12,0,12,0,12,0,12,0,12,0,12,73,51,41,66,0,12,0,12,0,12,0,12,0,12,0,12,29,33,9,13,0,12,0,12,0,12,0,12,0,12,0,12,740,273,30,17,740,273,48,64,39,48,41,28,0,12,740,273,19,26,0,12,4,11,52,42,665,274,0,12
"6153","060372380005","Block Group 5, Census Tract 2380, Los Angeles County, California",1392,664,0,12,0,12,0,12,0,12,0,12,0,12,0,12,0,12,0,12,0,12,0,12,0,12,0,12,0,12,0,12,0,12,22,34,0,12,0,12,0,12,0,12,0,12,0,12,0,12,1476,716,454,572,1476,716,0,12,28,46,0,12,24,40,1476,716,0,12,43,68,912,484,13,31,116,138,0,12
"6154","060374808031","Block Group 1, Census Tract 4808.03, Los Angeles County, California",942,291,0,12,0,12,0,12,0,12,0,12,0,12,0,12,0,12,28,43,54,81,0,12,0,12,54,53,8,13,0,12,0,12,37,44,0,12,0,12,0,12,6,9,0,12,0,12,0,12,964,291,141,99,964,291,5,9,20,33,38,52,0,12,964,291,295,198,0,12,0,12,188,154,458,237,0,12
"6155","060374812011","Block Group 1, Census Tract 4812.01, Los Angeles County, California",706,165,0,12,0,12,0,12,0,12,0,12,0,12,0,12,0,12,12,19,0,12,0,12,0,12,31,28,6,10,0,12,0,12,0,12,0,12,0,12,0,12,27,31,36,53,0,12,0,12,713,165,106,74,713,165,0,12,0,12,0,12,0,12,713,165,472,158,0,12,0,12,130,82,104,77,0,12
"6156","060374825211","Block Group 1, Census Tract 4825.21, Los Angeles County, California",1660,549,28,46,0,12,0,12,0,12,0,12,0,12,0,12,0,12,18,27,124,197,0,12,0,12,146,142,17,26,0,12,0,12,23,32,0,12,0,12,0,12,20,30,84,90,0,12,0,12,1734,585,0,12,1734,585,0,12,49,58,99,142,0,12,1734,585,774,366,0,12,0,12,25,24,918,529,0,12
"6157","060375023014","Block Group 4, Census Tract 5023.01, Los Angeles County, California",1306,538,0,12,0,12,0,12,0,12,0,12,0,12,0,12,0,12,64,49,0,12,0,12,0,12,0,12,0,12,0,12,0,12,60,69,0,12,0,12,0,12,0,12,0,12,0,12,0,12,1401,595,41,43,1401,595,0,12,171,186,83,82,0,12,1401,595,11,23,0,12,10,16,53,37,1327,594,0,12
"6158","060372973003","Block Group 3, Census Tract 2973, Los Angeles County, California",637,151,0,12,0,12,0,12,0,12,0,12,0,12,0,12,0,12,0,12,0,12,8,12,0,12,0,12,0,12,0,12,0,12,0,12,0,12,0,12,11,16,0,12,0,12,0,12,0,12,710,205,10,17,710,205,0,12,0,12,0,12,0,12,710,205,35,31,0,12,7,12,424,117,230,153,0,12
"6159","060373006003","Block Group 3, Census Tract 3006, Los Angeles County, California",3190,654,0,12,0,12,0,12,0,12,0,12,0,12,0,12,0,12,101,151,0,12,67,78,12,19,208,161,11,18,0,12,0,12,0,12,0,12,20,27,154,129,0,12,0,12,0,12,0,12,3230,654,333,206,3230,654,19,29,51,76,80,68,0,12,3230,654,1228,323,0,12,99,105,1270,399,560,457,0,12
"6160","060373009013","Block Group 3, Census Tract 3009.01, Los Angeles County, California",2836,480,0,12,0,12,0,12,0,12,0,12,0,12,0,12,0,12,0,12,0,12,0,12,0,12,84,82,0,12,0,12,0,12,0,12,0,12,58,59,0,12,0,12,38,57,0,12,0,12,3013,524,92,81,3013,524,0,12,0,12,31,37,0,12,3013,524,732,344,0,12,0,12,2065,532,84,65,0,12
"6161","060374058003","Block Group 3, Census Tract 4058, Los Angeles County, California",2175,472,0,12,0,12,0,12,0,12,0,12,0,12,0,12,0,12,208,147,68,70,0,12,0,12,18,24,0,12,0,12,0,12,39,29,97,123,0,12,0,12,9,14,0,12,0,12,0,12,2378,492,131,110,2378,492,0,12,126,128,20,23,0,12,2378,492,124,109,0,12,0,12,340,122,1888,502,0,12
"6162","060374064022","Block Group 2, Census Tract 4064.02, Los Angeles County, California",461,98,2,5,0,12,0,12,0,12,0,12,0,12,0,12,0,12,0,12,0,12,0,12,0,12,0,12,0,12,0,12,0,12,0,12,0,12,0,12,0,12,0,12,0,12,0,12,0,12,506,108,5,8,506,108,0,12,0,12,0,12,0,12,506,108,39,50,0,12,7,8,102,57,310,102,0,12
"6163","060374068002","Block Group 2, Census Tract 4068, Los Angeles County, California",1745,473,0,12,0,12,0,12,0,12,0,12,0,12,0,12,0,12,7,11,0,12,0,12,0,12,124,86,0,12,0,12,0,12,9,14,0,12,0,12,0,12,0,12,32,44,0,12,0,12,1810,469,150,156,1819,471,0,12,0,12,32,32,0,12,1819,471,817,236,7,13,0,12,209,101,778,344,0,12
"6164","060375420001","Block Group 1, Census Tract 5420, Los Angeles County, California",1273,406,0,12,0,12,0,12,0,12,0,12,0,12,0,12,0,12,48,51,0,12,0,12,0,12,0,12,0,12,0,12,0,12,37,45,0,12,0,12,0,12,0,12,0,12,0,12,0,12,1309,414,67,75,1309,414,70,100,28,34,24,28,0,12,1309,414,57,96,0,12,854,359,0,12,398,268,0,12
"6165","060372612001","Block Group 1, Census Tract 2612, Los Angeles County, California",2497,362,0,12,0,12,0,12,0,12,0,12,0,12,0,12,0,12,0,12,0,12,5,9,0,12,0,12,0,12,0,12,0,12,0,12,0,12,0,12,0,12,0,12,0,12,0,12,0,12,2658,399,157,111,2683,398,0,12,19,22,43,33,0,12,2683,398,158,76,0,12,20,22,2380,411,77,64,0,12
"6166","060372711002","Block Group 2, Census Tract 2711, Los Angeles County, California",771,188,0,12,0,12,0,12,0,12,0,12,0,12,0,12,0,12,0,12,0,12,0,12,0,12,0,12,0,12,0,12,0,12,0,12,6,13,0,12,0,12,0,12,0,12,0,12,0,12,753,187,14,18,753,187,3,7,0,12,22,26,0,12,771,188,158,96,0,12,20,23,350,89,156,101,0,12
"6167","060372753111","Block Group 1, Census Tract 2753.11, Los Angeles County, California",807,350,0,12,0,12,0,12,0,12,0,12,0,12,0,12,0,12,64,102,0,12,0,12,0,12,0,12,0,12,0,12,0,12,52,80,0,12,0,12,0,12,0,12,0,12,0,12,0,12,839,358,99,89,839,358,0,12,132,186,64,102,0,12,839,358,112,168,0,12,0,12,396,195,331,303,0,12
"6168","060374821022","Block Group 2, Census Tract 4821.02, Los Angeles County, California",900,171,0,12,0,12,0,12,0,12,0,12,0,12,0,12,0,12,0,12,0,12,0,12,0,12,124,58,8,10,0,12,0,12,0,12,0,12,0,12,0,12,41,30,36,31,0,12,0,12,946,179,61,47,946,179,0,12,0,12,52,44,0,12,961,184,676,151,0,12,15,18,84,60,148,72,0,12
"6169","060373203002","Block Group 2, Census Tract 3203, Los Angeles County, California",1224,675,0,12,0,12,0,12,0,12,0,12,0,12,0,12,0,12,80,96,164,141,0,12,0,12,0,12,0,12,0,12,0,12,80,51,20,22,0,12,0,12,0,12,0,12,0,12,0,12,1287,746,214,217,1287,746,0,12,59,83,29,49,0,12,1287,746,0,12,0,12,9,15,21,32,1257,744,0,12
"6170","060373203003","Block Group 3, Census Tract 3203, Los Angeles County, California",683,298,0,12,0,12,0,12,0,12,0,12,0,12,0,12,0,12,59,61,63,48,0,12,0,12,0,12,0,12,0,12,0,12,18,29,6,9,0,12,0,12,0,12,0,12,0,12,0,12,763,319,14,22,796,349,0,12,0,12,63,92,0,12,796,349,0,12,0,12,0,12,8,13,788,351,0,12
"6171","060374019011","Block Group 1, Census Tract 4019.01, Los Angeles County, California",1547,221,0,12,0,12,0,12,0,12,0,12,0,12,0,12,0,12,0,12,0,12,0,12,0,12,0,12,0,12,4,8,0,12,0,12,0,12,0,12,0,12,0,12,0,12,0,12,0,12,212,82,17,27,1534,216,7,9,41,42,0,12,0,12,1557,223,357,115,8,10,42,32,674,128,364,91,0,12
"6172","060374028012","Block Group 2, Census Tract 4028.01, Los Angeles County, California",1462,392,26,42,0,12,0,12,0,12,0,12,0,12,0,12,0,12,98,55,185,133,0,12,0,12,0,12,0,12,0,12,0,12,25,30,44,56,0,12,0,12,0,12,0,12,0,12,0,12,1688,463,192,220,1688,463,0,12,116,102,82,65,0,12,1688,463,13,23,0,12,0,12,31,37,1644,460,0,12
"6173","060373117006","Block Group 6, Census Tract 3117, Los Angeles County, California",1012,296,0,12,0,12,0,12,0,12,0,12,0,12,0,12,0,12,24,36,0,12,0,12,0,12,0,12,0,12,0,12,0,12,0,12,0,12,0,12,0,12,0,12,0,12,0,12,0,12,1043,300,145,124,1043,300,0,12,0,12,24,36,0,12,1043,300,169,162,0,12,0,12,490,176,357,209,0,12
"6174","060374010022","Block Group 2, Census Tract 4010.02, Los Angeles County, California",1126,255,0,12,0,12,0,12,0,12,0,12,0,12,0,12,0,12,0,12,0,12,0,12,0,12,14,24,0,12,0,12,0,12,0,12,28,46,0,12,0,12,0,12,0,12,34,43,0,12,1211,276,167,88,1211,276,0,12,13,23,0,12,0,12,1211,276,66,58,25,30,20,20,693,235,367,166,0,12
"6175","060376099001","Block Group 1, Census Tract 6099, Los Angeles County, California",900,195,0,12,0,12,0,12,0,12,0,12,0,12,0,12,0,12,35,32,16,15,0,12,0,12,0,12,0,12,0,12,0,12,9,10,22,31,12,14,0,12,0,12,0,12,0,12,0,12,932,198,192,96,932,198,0,12,10,15,50,31,0,12,932,198,34,48,0,12,0,12,170,69,690,202,0,12
"6176","060379200293","Block Group 3, Census Tract 9200.29, Los Angeles County, California",829,262,0,12,0,12,0,12,0,12,0,12,0,12,0,12,0,12,0,12,0,12,0,12,0,12,0,12,0,12,0,12,0,12,0,12,0,12,0,12,0,12,0,12,0,12,0,12,0,12,859,270,68,63,859,270,17,28,67,72,49,44,0,12,859,270,110,98,0,12,47,58,284,112,391,250,0,12
"6177","060375331032","Block Group 2, Census Tract 5331.03, Los Angeles County, California",1679,275,0,12,0,12,0,12,0,12,0,12,0,12,0,12,0,12,230,112,98,51,0,12,0,12,0,12,0,12,0,12,0,12,52,36,50,39,0,12,0,12,0,12,0,12,0,12,0,12,1777,281,293,156,1777,281,0,12,78,52,217,109,0,12,1777,281,0,12,0,12,14,22,32,35,1731,286,0,12
"6178","060375332031","Block Group 1, Census Tract 5332.03, Los Angeles County, California",775,159,0,12,0,12,0,12,0,12,0,12,0,12,0,12,0,12,92,51,77,43,0,12,0,12,0,12,0,12,0,12,0,12,42,33,42,32,0,12,0,12,0,12,0,12,0,12,0,12,849,186,205,132,849,186,0,12,42,51,99,56,0,12,849,186,5,7,0,12,1,3,5,6,817,185,0,12
"6179","060375336021","Block Group 1, Census Tract 5336.02, Los Angeles County, California",1913,487,19,30,38,60,0,12,0,12,0,12,0,12,0,12,0,12,220,120,140,72,0,12,0,12,0,12,0,12,0,12,0,12,59,44,54,53,0,12,0,12,0,12,0,12,0,12,0,12,2020,498,173,154,2027,499,18,21,47,48,310,161,19,29,2027,499,0,12,0,12,0,12,30,36,1997,493,0,12
"6180","060377002001","Block Group 1, Census Tract 7002, Los Angeles County, California",2865,538,0,12,0,12,0,12,0,12,0,12,0,12,0,12,0,12,0,12,0,12,13,18,0,12,0,12,0,12,0,12,0,12,0,12,0,12,0,12,28,45,0,12,0,12,0,12,0,12,2865,538,338,191,2865,538,0,12,89,101,43,54,0,12,2865,538,110,102,0,12,119,112,2213,520,281,175,0,12
"6181","060376013012","Block Group 2, Census Tract 6013.01, Los Angeles County, California",1113,199,4,7,0,12,0,12,0,12,0,12,0,12,0,12,0,12,17,24,0,12,0,12,0,12,0,12,0,12,0,12,0,12,0,12,0,12,0,12,0,12,0,12,0,12,0,12,0,12,1178,205,88,53,1178,205,0,12,13,16,76,45,0,12,1178,205,35,28,0,12,677,155,112,46,290,121,0,12
"6182","060374620022","Block Group 2, Census Tract 4620.02, Los Angeles County, California",467,196,0,12,0,12,0,12,0,12,0,12,0,12,0,12,0,12,14,21,43,37,0,12,0,12,0,12,0,12,0,12,0,12,9,14,0,12,0,12,0,12,0,12,0,12,0,12,0,12,533,226,344,208,533,226,0,12,47,65,18,28,0,12,533,226,0,12,0,12,100,108,8,13,397,200,28,38
"6183","060374620012","Block Group 2, Census Tract 4620.01, Los Angeles County, California",2315,512,0,12,0,12,0,12,0,12,0,12,0,12,0,12,0,12,442,192,100,70,0,12,0,12,12,19,0,12,0,12,0,12,28,29,97,77,0,12,0,12,0,12,0,12,0,12,0,12,2577,609,530,275,2640,629,47,75,156,96,363,197,62,66,2640,629,96,64,133,167,179,128,59,38,2155,615,0,12
"6184","060373202013","Block Group 3, Census Tract 3202.01, Los Angeles County, California",1086,441,17,27,0,12,0,12,0,12,0,12,0,12,0,12,0,12,97,60,38,47,0,12,0,12,0,12,0,12,0,12,0,12,26,30,21,37,0,12,0,12,0,12,0,12,0,12,0,12,1111,449,274,229,1111,449,0,12,75,83,27,43,0,12,1111,449,0,12,0,12,0,12,0,12,1111,449,0,12
"6185","060373106011","Block Group 1, Census Tract 3106.01, Los Angeles County, California",1907,469,0,12,0,12,0,12,0,12,0,12,0,12,0,12,0,12,20,30,0,12,39,46,28,43,0,12,0,12,0,12,0,12,53,61,0,12,0,12,15,24,0,12,0,12,0,12,0,12,2163,555,365,174,2163,555,0,12,27,43,63,61,0,12,2163,555,324,276,0,12,229,231,594,233,479,238,0,12
"6186","060373105011","Block Group 1, Census Tract 3105.01, Los Angeles County, California",809,277,0,12,0,12,0,12,0,12,0,12,0,12,0,12,0,12,90,109,0,12,0,12,0,12,0,12,0,12,0,12,0,12,28,44,0,12,0,12,0,12,0,12,0,12,0,12,0,12,820,277,118,120,820,277,0,12,17,28,27,43,0,12,820,277,8,12,0,12,121,130,185,84,489,268,0,12
"6187","060373102021","Block Group 1, Census Tract 3102.02, Los Angeles County, California",1784,319,0,12,0,12,0,12,0,12,0,12,0,12,0,12,0,12,0,12,0,12,18,28,0,12,0,12,0,12,0,12,0,12,15,22,0,12,70,59,63,58,10,14,12,20,0,12,0,12,1907,329,215,204,1907,329,0,12,9,14,62,71,0,12,1907,329,71,77,0,12,0,12,1453,313,246,168,0,12
"6188","060373102013","Block Group 3, Census Tract 3102.01, Los Angeles County, California",1382,615,0,12,0,12,0,12,0,12,0,12,0,12,0,12,0,12,0,12,0,12,15,25,0,12,45,71,0,12,0,12,0,12,0,12,0,12,0,12,55,72,0,12,0,12,0,12,0,12,1455,643,90,81,1455,643,0,12,23,37,0,12,16,27,1455,643,196,139,0,12,9,17,1149,634,79,111,0,12
"6189","060373102012","Block Group 2, Census Tract 3102.01, Los Angeles County, California",1098,336,0,12,0,12,0,12,0,12,0,12,0,12,0,12,0,12,0,12,0,12,0,12,0,12,0,12,0,12,0,12,0,12,0,12,0,12,0,12,0,12,0,12,0,12,0,12,0,12,1109,340,0,12,1109,340,11,22,8,16,0,12,0,12,1109,340,57,55,0,12,0,12,700,234,226,193,0,12
"6190","060371352036","Block Group 6, Census Tract 1352.03, Los Angeles County, California",755,242,0,12,0,12,0,12,0,12,0,12,0,12,0,12,0,12,0,12,0,12,0,12,18,32,0,12,0,12,0,12,0,12,0,12,0,12,0,12,0,12,0,12,0,12,0,12,0,12,794,281,45,57,794,281,0,12,0,12,0,12,0,12,794,281,182,157,0,12,0,12,492,177,19,31,0,12
"6191","060371393013","Block Group 3, Census Tract 1393.01, Los Angeles County, California",1690,341,0,12,0,12,9,14,0,12,0,12,0,12,0,12,0,12,0,12,32,42,38,45,0,12,4,11,0,12,0,12,0,12,0,12,0,12,25,40,17,27,0,12,0,12,0,12,0,12,1758,363,191,155,1758,363,0,12,0,12,9,13,0,12,1758,363,141,119,0,12,136,133,1290,294,103,120,0,12
"6192","060371414002","Block Group 2, Census Tract 1414, Los Angeles County, California",856,210,0,12,0,12,0,12,0,12,0,12,0,12,0,12,0,12,0,12,0,12,0,12,0,12,0,12,0,12,0,12,0,12,0,12,0,12,0,12,0,12,0,12,0,12,0,12,0,12,856,210,39,36,856,210,48,71,0,12,71,54,0,12,856,210,1,2,0,12,10,15,833,216,0,12,0,12
"6193","060375509023","Block Group 3, Census Tract 5509.02, Los Angeles County, California",859,303,0,12,0,12,0,12,0,12,0,12,0,12,0,12,0,12,0,12,0,12,0,12,0,12,0,12,0,12,0,12,0,12,0,12,0,12,0,12,0,12,0,12,0,12,0,12,0,12,869,307,188,208,869,307,0,12,25,36,12,17,12,16,869,307,20,33,0,12,0,12,287,149,562,281,0,12
"6194","060375509012","Block Group 2, Census Tract 5509.01, Los Angeles County, California",684,198,0,12,0,12,0,12,0,12,0,12,0,12,0,12,0,12,9,13,0,12,0,12,0,12,7,11,0,12,0,12,0,12,0,12,0,12,0,12,0,12,0,12,0,12,0,12,0,12,720,213,133,143,720,213,0,12,0,12,7,11,0,12,720,213,83,104,0,12,31,45,108,80,498,221,0,12
"6195","060372627041","Block Group 1, Census Tract 2627.04, Los Angeles County, California",3461,261,0,12,0,12,0,12,0,12,0,12,0,12,0,12,0,12,20,22,2,5,0,12,0,12,0,12,0,12,0,12,0,12,0,12,0,12,0,12,0,12,0,12,0,12,0,12,0,12,3561,270,196,113,3561,270,0,12,19,20,43,29,0,12,3561,270,244,116,2,5,24,35,2920,320,231,160,0,12
"6196","060372404013","Block Group 3, Census Tract 2404.01, Los Angeles County, California",1790,628,0,12,0,12,0,12,0,12,0,12,0,12,0,12,0,12,256,141,92,75,0,12,0,12,0,12,0,12,0,12,0,12,16,25,0,12,0,12,0,12,0,12,0,12,0,12,0,12,1964,679,507,372,1964,679,39,65,155,112,135,98,0,12,1964,679,0,12,0,12,448,290,0,12,1516,642,0,12
"6197","060371066032","Block Group 2, Census Tract 1066.03, Los Angeles County, California",1401,155,0,12,0,12,16,16,0,12,0,12,0,12,0,12,0,12,0,12,0,12,0,12,0,12,0,12,0,12,4,6,0,12,28,46,0,12,8,11,0,12,0,12,0,12,0,12,0,12,1492,171,25,23,1483,169,21,29,24,25,21,22,0,12,1492,171,286,106,37,45,70,93,751,120,278,114,0,12
"6198","060372093001","Block Group 1, Census Tract 2093, Los Angeles County, California",1918,380,0,12,0,12,0,12,0,12,0,12,0,12,0,12,0,12,318,104,212,75,0,12,0,12,0,12,0,12,0,12,0,12,64,52,77,60,0,12,0,12,0,12,0,12,0,12,0,12,2071,390,962,281,2071,390,0,12,130,102,280,125,0,12,2071,390,106,86,0,12,71,54,66,33,1810,395,0,12
"6199","060375736018","Block Group 8, Census Tract 5736.01, Los Angeles County, California",670,212,0,12,0,12,0,12,0,12,0,12,0,12,0,12,0,12,0,12,9,18,0,12,0,12,0,12,0,12,0,12,0,12,0,12,0,12,0,12,0,12,0,12,0,12,0,12,0,12,685,220,0,12,685,220,0,12,0,12,0,12,0,12,685,220,69,55,0,12,17,28,381,183,163,116,0,12
"6200","060375715043","Block Group 3, Census Tract 5715.04, Los Angeles County, California",903,259,0,12,0,12,0,12,0,12,0,12,0,12,0,12,0,12,0,12,0,12,0,12,0,12,0,12,0,12,0,12,0,12,0,12,0,12,0,12,0,12,46,54,0,12,0,12,0,12,934,268,14,15,934,268,0,12,0,12,7,11,25,29,934,268,196,92,0,12,211,223,310,139,125,78,0,12
"6201","060373007021","Block Group 1, Census Tract 3007.02, Los Angeles County, California",2136,426,0,12,0,12,22,32,0,12,0,12,0,12,0,12,0,12,0,12,0,12,32,49,0,12,0,12,0,12,0,12,0,12,0,12,0,12,47,56,24,40,45,84,0,12,0,12,0,12,2242,468,244,310,2242,468,54,81,20,32,0,12,0,12,2242,468,244,195,0,12,0,12,1872,497,90,82,0,12
"6202","060374084023","Block Group 3, Census Tract 4084.02, Los Angeles County, California",3522,486,14,21,0,12,0,12,0,12,9,13,0,12,0,12,0,12,149,80,4,8,0,12,0,12,147,94,0,12,0,12,0,12,30,28,10,16,0,12,0,12,32,32,18,21,0,12,0,12,3779,516,255,135,3779,516,9,14,142,112,159,115,0,12,3779,516,803,225,0,12,68,72,541,158,2359,516,8,12
"6203","060375319012","Block Group 2, Census Tract 5319.01, Los Angeles County, California",968,350,0,12,0,12,0,12,0,12,0,12,0,12,0,12,0,12,133,67,63,47,0,12,0,12,0,12,0,12,0,12,0,12,0,12,9,14,9,15,0,12,0,12,0,12,0,12,0,12,1041,361,220,166,1041,361,27,42,25,40,150,100,0,12,1041,361,0,12,0,12,0,12,51,50,990,342,0,12
"6204","060371132112","Block Group 2, Census Tract 1132.11, Los Angeles County, California",1854,262,0,12,0,12,0,12,0,12,0,12,0,12,0,12,0,12,0,12,6,12,0,12,0,12,6,13,0,12,0,12,9,13,0,12,0,12,0,12,0,12,9,14,2,6,0,12,0,12,1886,285,116,64,1886,285,0,12,21,23,14,21,0,12,1922,283,160,102,0,12,42,36,1499,270,180,139,0,12
"6205","060371032003","Block Group 3, Census Tract 1032, Los Angeles County, California",2168,391,0,12,0,12,0,12,0,12,0,12,0,12,0,12,0,12,6,12,0,12,54,63,0,12,0,12,0,12,0,12,0,12,50,79,0,12,125,109,19,29,5,11,0,12,0,12,0,12,2262,420,759,411,2262,420,30,34,55,55,107,68,0,12,2379,433,43,40,0,12,53,45,1371,349,769,402,0,12
"6206","060372380002","Block Group 2, Census Tract 2380, Los Angeles County, California",980,365,0,12,0,12,0,12,0,12,0,12,0,12,0,12,0,12,0,12,0,12,0,12,0,12,0,12,0,12,0,12,0,12,0,12,0,12,0,12,0,12,0,12,0,12,0,12,0,12,980,365,134,122,980,365,0,12,25,42,0,12,0,12,980,365,22,37,0,12,626,238,14,22,318,309,0,12
"6207","060372383203","Block Group 3, Census Tract 2383.20, Los Angeles County, California",806,286,0,12,0,12,0,12,0,12,0,12,0,12,0,12,0,12,153,95,20,32,0,12,0,12,0,12,0,12,0,12,0,12,0,12,0,12,0,12,0,12,0,12,0,12,0,12,0,12,905,325,247,216,905,325,37,43,67,59,105,82,0,12,905,325,0,12,0,12,274,108,7,11,624,310,0,12
"6208","060372384004","Block Group 4, Census Tract 2384, Los Angeles County, California",1195,342,28,40,0,12,0,12,0,12,0,12,0,12,0,12,0,12,10,17,0,12,0,12,0,12,0,12,0,12,0,12,0,12,0,12,0,12,0,12,0,12,0,12,0,12,0,12,0,12,1492,453,479,448,1492,453,0,12,55,74,83,83,0,12,1492,453,0,12,0,12,1265,412,7,16,217,178,0,12
"6209","060372426003","Block Group 3, Census Tract 2426, Los Angeles County, California",958,320,0,12,0,12,0,12,0,12,0,12,0,12,0,12,0,12,53,48,45,45,0,12,0,12,0,12,0,12,0,12,0,12,0,12,22,33,0,12,0,12,0,12,0,12,0,12,0,12,1106,368,850,380,1106,368,11,18,0,12,38,45,0,12,1106,368,0,12,0,12,404,248,0,12,702,336,0,12
"6210","060372431001","Block Group 1, Census Tract 2431, Los Angeles County, California",2784,542,10,15,0,12,0,12,0,12,0,12,0,12,0,12,0,12,261,118,83,67,22,34,0,12,0,12,0,12,0,12,0,12,17,28,0,12,0,12,0,12,5,10,0,12,0,12,0,12,2974,610,694,376,3032,636,67,77,106,76,173,111,0,12,3170,656,15,17,0,12,903,381,126,90,2104,599,0,12
"6211","060375527005","Block Group 5, Census Tract 5527, Los Angeles County, California",1670,407,0,12,0,12,0,12,0,12,0,12,0,12,0,12,0,12,100,61,73,97,13,19,0,12,24,30,0,12,0,12,0,12,0,12,0,12,0,12,0,12,5,9,0,12,0,12,0,12,1859,422,496,291,1859,422,35,53,57,49,164,123,0,12,1859,422,189,165,0,12,46,76,182,158,1442,420,0,12
"6212","060375313025","Block Group 5, Census Tract 5313.02, Los Angeles County, California",749,271,0,12,0,12,0,12,0,12,0,12,0,12,0,12,0,12,191,148,42,69,0,12,0,12,0,12,0,12,0,12,0,12,22,34,21,34,0,12,0,12,0,12,0,12,0,12,0,12,877,345,161,127,877,345,38,62,21,33,36,59,0,12,877,345,0,12,0,12,0,12,10,16,867,341,0,12
"6213","060376009121","Block Group 1, Census Tract 6009.12, Los Angeles County, California",2271,472,0,12,0,12,15,23,0,12,0,12,0,12,0,12,0,12,240,116,167,94,0,12,0,12,0,12,0,12,0,12,0,12,0,12,52,57,0,12,0,12,0,12,0,12,0,12,0,12,2360,476,553,311,2360,476,67,80,148,93,122,90,0,12,2360,476,0,12,0,12,332,174,118,70,1802,472,0,12
"6214","060376014022","Block Group 2, Census Tract 6014.02, Los Angeles County, California",1352,435,18,27,0,12,0,12,0,12,0,12,0,12,0,12,0,12,63,51,60,58,0,12,0,12,0,12,0,12,0,12,0,12,50,41,15,21,0,12,0,12,0,12,0,12,0,12,0,12,1451,483,157,175,1451,483,16,23,54,51,149,120,0,12,1451,483,22,35,0,12,0,12,94,97,1299,455,0,12
"6215","060376014021","Block Group 1, Census Tract 6014.02, Los Angeles County, California",1312,356,8,14,0,12,0,12,0,12,0,12,0,12,0,12,0,12,71,70,0,12,0,12,0,12,0,12,0,12,0,12,0,12,0,12,0,12,0,12,0,12,0,12,0,12,0,12,0,12,1371,385,223,181,1371,385,0,12,10,14,25,29,0,12,1371,385,43,67,8,13,45,70,48,40,1227,400,0,12
"6216","060376021031","Block Group 1, Census Tract 6021.03, Los Angeles County, California",2261,798,0,12,0,12,0,12,0,12,0,12,0,12,0,12,0,12,103,83,39,54,0,12,0,12,0,12,0,12,0,12,0,12,84,81,87,90,0,12,0,12,0,12,0,12,0,12,0,12,2370,844,594,556,2370,844,0,12,129,136,52,59,0,12,2442,851,69,154,0,12,229,243,82,104,2048,839,0,12
"6217","060375015043","Block Group 3, Census Tract 5015.04, Los Angeles County, California",1276,374,0,12,0,12,0,12,0,12,0,12,0,12,0,12,0,12,96,85,0,12,0,12,0,12,0,12,0,12,0,12,0,12,0,12,15,24,0,12,0,12,0,12,0,12,0,12,0,12,1276,374,192,130,1293,382,72,84,118,95,140,98,19,29,1293,382,17,23,0,12,0,12,33,30,1223,380,0,12
"6218","060371975003","Block Group 3, Census Tract 1975, Los Angeles County, California",724,290,0,12,0,12,0,12,0,12,0,12,0,12,0,12,0,12,0,12,0,12,0,12,0,12,0,12,0,12,0,12,0,12,0,12,12,13,0,12,0,12,0,12,0,12,0,12,0,12,724,290,57,49,724,290,0,12,31,41,31,30,0,12,724,290,61,54,0,12,93,82,400,207,170,103,0,12
"6219","060371434002","Block Group 2, Census Tract 1434, Los Angeles County, California",2317,514,0,12,0,12,0,12,0,12,0,12,0,12,0,12,0,12,0,12,0,12,0,12,0,12,0,12,0,12,0,12,0,12,0,12,19,34,20,34,0,12,0,12,0,12,42,69,0,12,2597,588,81,107,2597,588,0,12,47,44,0,12,42,69,2597,588,147,171,0,12,119,167,1604,415,550,194,0,12
"6220","060371810002","Block Group 2, Census Tract 1810, Los Angeles County, California",1401,605,0,12,0,12,0,12,0,12,0,12,0,12,0,12,0,12,0,12,0,12,0,12,0,12,8,16,0,12,0,12,0,12,0,12,0,12,0,12,0,12,25,43,11,22,0,12,0,12,1401,605,155,158,1401,605,13,21,69,78,69,76,0,12,1401,605,288,214,0,12,2,3,489,244,555,518,0,12
"6221","060371810005","Block Group 5, Census Tract 1810, Los Angeles County, California",2050,507,0,12,0,12,0,12,0,12,0,12,0,12,0,12,0,12,0,12,0,12,0,12,0,12,0,12,0,12,0,12,0,12,0,12,0,12,0,12,0,12,86,65,0,12,0,12,0,12,2279,570,336,471,2279,570,0,12,0,12,50,70,0,12,2279,570,756,358,0,12,0,12,522,210,896,410,0,12
"6222","060371912041","Block Group 1, Census Tract 1912.04, Los Angeles County, California",1885,169,0,12,0,12,0,12,0,12,0,12,0,12,0,12,0,12,109,49,32,30,39,45,3,6,28,27,0,12,0,12,0,12,32,33,8,12,56,31,0,12,20,25,0,12,0,12,0,12,2033,193,491,145,2033,193,18,21,109,63,108,50,7,10,2033,193,358,134,39,55,33,28,610,120,970,199,0,12
"6223","060371897012","Block Group 2, Census Tract 1897.01, Los Angeles County, California",695,193,0,12,0,12,0,12,0,12,0,12,0,12,0,12,0,12,0,12,0,12,0,12,0,12,0,12,0,12,0,12,0,12,0,12,0,12,0,12,0,12,0,12,0,12,0,12,0,12,695,193,32,35,695,193,0,12,0,12,17,29,0,12,695,193,133,86,0,12,56,72,440,148,31,49,0,12
"6224","060371907003","Block Group 3, Census Tract 1907, Los Angeles County, California",952,243,0,12,0,12,0,12,0,12,0,12,0,12,0,12,0,12,62,79,0,12,0,12,0,12,0,12,0,12,0,12,0,12,0,12,0,12,23,34,0,12,0,12,0,12,0,12,0,12,993,267,78,76,993,267,0,12,23,39,81,70,0,12,993,267,21,25,0,12,10,16,631,222,266,163,0,12
"6225","060371911101","Block Group 1, Census Tract 1911.10, Los Angeles County, California",2618,422,0,12,0,12,0,12,0,12,0,12,0,12,0,12,0,12,113,82,51,45,32,25,0,12,50,65,29,37,0,12,0,12,36,30,10,21,98,46,76,52,5,11,20,27,0,12,0,12,2483,413,1050,281,2483,413,0,12,142,105,258,189,22,39,2624,423,237,145,0,12,77,60,1674,388,587,197,0,12
"6226","060371915003","Block Group 3, Census Tract 1915, Los Angeles County, California",2617,507,0,12,0,12,0,12,0,12,0,12,0,12,0,12,0,12,392,164,196,117,0,12,0,12,28,41,0,12,0,12,0,12,17,19,92,83,8,12,0,12,0,12,0,12,0,12,0,12,2821,559,738,281,2830,561,74,100,282,180,401,168,0,12,2830,561,321,230,0,12,0,12,273,135,2205,472,11,18
"6227","060371924101","Block Group 1, Census Tract 1924.10, Los Angeles County, California",1056,240,0,12,0,12,0,12,0,12,0,12,0,12,0,12,0,12,14,13,0,12,8,11,0,12,9,14,0,12,0,12,0,12,0,12,0,12,0,12,0,12,0,12,0,12,0,12,0,12,1090,242,111,77,1090,242,8,12,40,50,52,38,0,12,1090,242,183,97,0,12,63,46,468,108,221,153,0,12
"6228","060371924202","Block Group 2, Census Tract 1924.20, Los Angeles County, California",2535,495,0,12,27,44,0,12,0,12,0,12,0,12,0,12,0,12,169,221,103,88,0,12,0,12,131,67,58,60,0,12,0,12,56,84,0,12,0,12,0,12,27,45,0,12,0,12,0,12,2778,598,144,95,2799,600,16,31,153,127,249,192,0,12,2799,600,973,349,0,12,209,123,313,106,1236,505,0,12
"6229","060372094031","Block Group 1, Census Tract 2094.03, Los Angeles County, California",2139,358,0,12,0,12,0,12,0,12,0,12,0,12,0,12,0,12,215,120,273,169,0,12,0,12,80,61,22,35,0,12,0,12,33,38,35,37,0,12,0,12,293,112,41,46,0,12,0,12,2131,356,595,167,2150,362,17,27,246,150,281,115,18,28,2150,362,679,204,0,12,161,94,133,68,1177,323,0,12
"6230","060374802011","Block Group 1, Census Tract 4802.01, Los Angeles County, California",1097,200,0,12,0,12,0,12,0,12,0,12,0,12,0,12,0,12,0,12,0,12,0,12,0,12,0,12,0,12,0,12,0,12,0,12,0,12,0,12,0,12,7,11,22,33,0,12,0,12,1251,252,9,14,1251,252,0,12,15,22,0,12,0,12,1251,252,490,201,0,12,0,12,516,154,218,118,0,12
"6231","060374809011","Block Group 1, Census Tract 4809.01, Los Angeles County, California",3651,429,0,12,0,12,0,12,0,12,9,14,0,12,0,12,0,12,26,43,20,24,0,12,0,12,402,165,98,73,0,12,0,12,31,39,25,39,0,12,0,12,147,80,35,33,0,12,0,12,3685,427,732,320,3695,425,22,24,123,83,126,82,0,12,3723,426,1879,326,0,12,65,74,288,120,1472,376,0,12
"6232","060371438002","Block Group 2, Census Tract 1438, Los Angeles County, California",1425,333,0,12,0,12,0,12,0,12,0,12,0,12,0,12,0,12,0,12,0,12,0,12,0,12,0,12,0,12,0,12,0,12,0,12,0,12,23,36,16,26,0,12,0,12,0,12,0,12,1460,346,19,31,1460,346,0,12,0,12,0,12,0,12,1460,346,30,52,0,12,0,12,1212,291,198,199,0,12
"6233","060374027023","Block Group 3, Census Tract 4027.02, Los Angeles County, California",779,259,9,14,0,12,0,12,0,12,0,12,0,12,0,12,0,12,153,85,81,64,0,12,0,12,0,12,0,12,0,12,0,12,9,15,0,12,0,12,0,12,0,12,0,12,0,12,0,12,902,325,363,248,902,325,15,26,0,12,112,87,9,15,902,325,7,16,0,12,22,29,60,47,813,334,0,12
"6234","060374027032","Block Group 2, Census Tract 4027.03, Los Angeles County, California",2368,416,0,12,0,12,0,12,0,12,0,12,0,12,0,12,0,12,170,87,37,38,0,12,0,12,31,31,0,12,0,12,0,12,34,42,7,13,0,12,0,12,8,13,0,12,0,12,0,12,2389,424,297,225,2389,424,11,16,89,67,85,81,0,12,2389,424,284,106,0,12,183,166,124,80,1791,401,0,12
"6235","060374037021","Block Group 1, Census Tract 4037.02, Los Angeles County, California",1944,308,1,4,0,12,0,12,0,12,20,31,0,12,0,12,0,12,25,28,0,12,0,12,0,12,10,16,0,12,0,12,0,12,0,12,0,12,0,12,0,12,0,12,0,12,0,12,0,12,2113,316,90,83,2113,316,0,12,34,40,38,42,0,12,2118,316,460,243,4,8,106,142,450,203,1026,302,0,12
"6236","060375544032","Block Group 2, Census Tract 5544.03, Los Angeles County, California",2831,443,0,12,0,12,0,12,0,12,0,12,0,12,26,39,0,12,183,82,19,27,0,12,0,12,28,24,0,12,39,59,14,22,59,78,9,20,0,12,0,12,25,36,10,21,0,12,0,12,2898,461,550,281,2916,463,96,62,56,48,231,135,0,12,2964,462,240,113,0,12,660,251,552,232,1417,309,7,12
"6237","060372119211","Block Group 1, Census Tract 2119.21, Los Angeles County, California",2402,336,109,127,0,12,0,12,0,12,0,12,0,12,0,12,0,12,295,215,225,172,0,12,0,12,154,85,0,12,0,12,0,12,31,30,25,57,0,12,0,12,18,22,84,81,0,12,0,12,2521,300,475,206,2509,299,14,17,328,156,365,151,31,30,2521,300,951,306,0,12,89,51,220,93,1062,424,12,18
"6238","060377023005","Block Group 5, Census Tract 7023, Los Angeles County, California",1700,269,0,12,0,12,0,12,0,12,0,12,0,12,0,12,0,12,0,12,0,12,0,12,0,12,28,47,0,12,0,12,0,12,0,12,0,12,0,12,0,12,0,12,0,12,0,12,0,12,1805,289,194,142,1805,289,0,12,0,12,17,29,0,12,1805,289,288,193,0,12,0,12,1195,308,128,111,0,12
"6239","060377023002","Block Group 2, Census Tract 7023, Los Angeles County, California",1171,228,0,12,0,12,0,12,0,12,0,12,0,12,0,12,0,12,0,12,0,12,0,12,0,12,0,12,0,12,0,12,0,12,0,12,0,12,0,12,0,12,0,12,0,12,0,12,0,12,1359,323,164,101,1357,323,0,12,29,33,2,5,0,12,1359,323,82,112,0,12,6,8,1061,337,164,102,11,18
"6240","060377030022","Block Group 2, Census Tract 7030.02, Los Angeles County, California",1543,602,0,12,0,12,0,12,0,12,0,12,0,12,0,12,0,12,0,12,0,12,0,12,0,12,0,12,0,12,0,12,0,12,0,12,0,12,0,12,0,12,0,12,0,12,0,12,0,12,1543,602,0,12,1543,602,0,12,0,12,0,12,0,12,1543,602,132,150,0,12,1226,634,79,79,38,44,0,12
"6241","060378002022","Block Group 2, Census Tract 8002.02, Los Angeles County, California",4530,398,17,27,0,12,35,38,0,12,0,12,0,12,0,12,0,12,0,12,0,12,0,12,0,12,60,61,0,12,0,12,0,12,0,12,0,12,63,58,19,29,0,12,0,12,0,12,0,12,4722,430,428,352,4722,430,0,12,0,12,36,45,0,12,4722,430,372,173,0,12,26,42,3743,386,378,316,0,12
"6242","060379107091","Block Group 1, Census Tract 9107.09, Los Angeles County, California",1930,229,0,12,0,12,0,12,0,12,0,12,0,12,0,12,0,12,112,67,0,12,0,12,0,12,10,15,0,12,0,12,0,12,9,13,12,18,0,12,0,12,3,7,0,12,0,12,0,12,2016,268,147,114,2039,266,113,93,67,55,247,138,0,12,2039,266,26,35,0,12,94,78,654,153,1248,285,0,12
"6243","060376513023","Block Group 3, Census Tract 6513.02, Los Angeles County, California",678,171,0,12,0,12,0,12,0,12,0,12,0,12,0,12,0,12,0,12,0,12,0,12,0,12,0,12,0,12,0,12,0,12,0,12,0,12,0,12,0,12,0,12,0,12,0,12,0,12,734,192,16,26,734,192,0,12,10,17,0,12,0,12,734,192,148,113,0,12,0,12,390,157,114,117,0,12
"6244","060376700022","Block Group 2, Census Tract 6700.02, Los Angeles County, California",2264,350,0,12,0,12,0,12,0,12,0,12,0,12,0,12,0,12,60,60,0,12,0,12,0,12,35,42,0,12,0,12,0,12,0,12,0,12,0,12,0,12,0,12,15,24,19,29,0,12,2508,407,175,113,2497,405,0,12,83,68,77,39,12,18,2508,407,337,139,0,12,190,103,910,238,961,272,9,14
"6245","060375437012","Block Group 2, Census Tract 5437.01, Los Angeles County, California",1446,288,0,12,0,12,0,12,0,12,0,12,0,12,0,12,0,12,125,83,35,29,0,12,0,12,0,12,0,12,0,12,0,12,14,20,51,38,0,12,0,12,17,21,1,5,0,12,0,12,1485,305,108,94,1485,305,21,28,36,34,70,53,18,26,1485,305,352,134,167,206,0,12,86,57,874,276,0,12
"6246","060375437025","Block Group 5, Census Tract 5437.02, Los Angeles County, California",670,262,0,12,0,12,0,12,0,12,0,12,0,12,0,12,0,12,21,29,0,12,0,12,0,12,16,21,0,12,0,12,0,12,20,30,0,12,0,12,0,12,8,15,0,12,0,12,0,12,736,293,23,40,736,293,0,12,19,30,29,42,0,12,736,293,304,205,0,12,14,33,101,98,306,231,0,12
"6247","060375437024","Block Group 4, Census Tract 5437.02, Los Angeles County, California",1137,253,8,12,0,12,0,12,0,12,0,12,0,12,0,12,0,12,58,54,0,12,10,15,0,12,28,36,0,12,0,12,0,12,0,12,0,12,0,12,0,12,6,10,0,12,0,12,0,12,1186,263,41,51,1186,263,0,12,24,36,42,34,0,12,1186,263,346,238,54,79,11,17,102,84,661,291,0,12
"6248","060375513003","Block Group 3, Census Tract 5513, Los Angeles County, California",1825,364,0,12,0,12,0,12,0,12,0,12,0,12,0,12,0,12,176,121,0,12,0,12,0,12,10,15,0,12,0,12,0,12,49,45,32,28,0,12,0,12,9,14,0,12,0,12,0,12,1977,378,325,205,1977,378,0,12,73,61,149,98,12,17,1977,378,59,54,0,12,64,55,150,86,1704,357,0,12
"6249","060375513002","Block Group 2, Census Tract 5513, Los Angeles County, California",1229,273,0,12,0,12,0,12,0,12,0,12,0,12,0,12,0,12,17,21,0,12,0,12,0,12,0,12,0,12,0,12,16,24,67,51,11,16,0,12,0,12,0,12,0,12,0,12,0,12,1063,273,235,171,1063,273,11,18,54,54,96,99,0,12,1256,286,49,39,19,29,87,51,286,170,769,265,0,12
"6250","060372212101","Block Group 1, Census Tract 2212.10, Los Angeles County, California",982,243,0,12,0,12,0,12,0,12,0,12,0,12,0,12,0,12,220,86,25,22,0,12,0,12,32,37,0,12,0,12,0,12,37,31,69,54,0,12,0,12,17,21,0,12,0,12,0,12,1057,272,217,115,1070,273,19,19,73,42,108,63,0,12,1070,273,71,50,0,12,18,27,44,43,937,268,0,12
"6251","060374621003","Block Group 3, Census Tract 4621, Los Angeles County, California",1449,299,0,12,0,12,0,12,0,12,0,12,0,12,0,12,0,12,75,58,0,12,20,31,0,12,0,12,0,12,0,12,0,12,0,12,0,12,0,12,25,40,0,12,0,12,0,12,0,12,1478,324,359,203,1515,332,13,20,13,22,69,48,0,12,1515,332,52,29,0,12,224,164,588,170,545,252,0,12
"6252","060374624002","Block Group 2, Census Tract 4624, Los Angeles County, California",975,225,0,12,0,12,0,12,0,12,0,12,0,12,0,12,0,12,29,31,0,12,0,12,0,12,0,12,0,12,0,12,0,12,10,16,0,12,0,12,0,12,0,12,0,12,0,12,0,12,1080,257,138,124,1080,257,0,12,83,63,22,25,39,53,1080,257,10,15,0,12,11,16,690,193,281,173,0,12
"6253","060375730021","Block Group 1, Census Tract 5730.02, Los Angeles County, California",2028,399,0,12,0,12,0,12,0,12,0,12,0,12,0,12,0,12,173,87,115,82,0,12,0,12,21,36,0,12,0,12,0,12,0,12,12,24,0,12,0,12,0,12,0,12,0,12,0,12,2113,409,301,168,2113,409,53,62,330,162,168,116,0,12,2113,409,102,111,0,12,443,266,115,123,1453,406,0,12
"6254","060375750012","Block Group 2, Census Tract 5750.01, Los Angeles County, California",2260,284,0,12,0,12,0,12,0,12,0,12,0,12,0,12,0,12,0,12,0,12,0,12,0,12,0,12,0,12,0,12,0,12,0,12,0,12,0,12,0,12,0,12,0,12,0,12,0,12,2345,322,292,135,2345,322,0,12,118,87,72,67,0,12,2345,322,523,190,0,12,451,280,750,196,529,215,0,12
"6255","060375758012","Block Group 2, Census Tract 5758.01, Los Angeles County, California",869,212,0,12,0,12,0,12,0,12,8,14,7,11,0,12,0,12,29,27,25,23,0,12,0,12,6,11,7,12,0,12,0,12,0,12,0,12,0,12,0,12,0,12,0,12,0,12,0,12,931,233,263,135,931,233,7,12,39,33,71,49,0,12,931,233,57,49,0,12,83,49,142,71,647,213,0,12
"6256","060375774001","Block Group 1, Census Tract 5774, Los Angeles County, California",626,212,0,12,0,12,0,12,0,12,0,12,0,12,0,12,0,12,0,12,0,12,0,12,0,12,0,12,0,12,0,12,0,12,0,12,0,12,0,12,0,12,0,12,0,12,0,12,0,12,626,212,115,103,626,212,0,12,0,12,44,47,0,12,626,212,28,37,0,12,14,19,428,158,156,129,0,12
"6257","060375991002","Block Group 2, Census Tract 5991, Los Angeles County, California",295,185,0,12,0,12,0,12,0,12,0,12,0,12,0,12,0,12,0,12,0,12,0,12,0,12,0,12,0,12,0,12,0,12,0,12,0,12,0,12,0,12,0,12,0,12,0,12,0,12,259,184,31,36,295,185,0,12,0,12,0,12,0,12,295,185,15,16,0,12,0,12,257,172,15,17,0,12
"6258","060371914101","Block Group 1, Census Tract 1914.10, Los Angeles County, California",1711,330,0,12,0,12,0,12,0,12,0,12,0,12,0,12,0,12,256,129,140,139,0,12,0,12,0,12,0,12,0,12,0,12,0,12,0,12,40,48,0,12,38,48,0,12,0,12,0,12,1664,340,334,168,1664,340,28,33,100,61,103,79,0,12,1768,352,302,173,0,12,62,48,309,119,1074,323,0,12
"6259","060374308034","Block Group 4, Census Tract 4308.03, Los Angeles County, California",1013,234,0,12,0,12,0,12,0,12,0,12,0,12,0,12,0,12,0,12,0,12,0,12,0,12,122,90,0,12,0,12,0,12,0,12,0,12,0,12,0,12,53,42,13,20,0,12,0,12,1037,239,132,127,1037,239,12,19,67,107,0,12,0,12,1037,239,719,240,0,12,0,12,245,109,41,43,0,12
"6260","060374308032","Block Group 2, Census Tract 4308.03, Los Angeles County, California",1540,383,0,12,0,12,0,12,0,12,0,12,0,12,0,12,0,12,7,12,0,12,0,12,0,12,59,55,0,12,0,12,0,12,0,12,0,12,0,12,0,12,68,55,21,22,0,12,0,12,1663,411,74,74,1663,411,0,12,0,12,20,23,0,12,1663,411,770,198,0,12,0,12,559,326,296,237,14,22
"6261","060374326011","Block Group 1, Census Tract 4326.01, Los Angeles County, California",1304,432,0,12,0,12,0,12,0,12,0,12,0,12,0,12,0,12,32,52,0,12,0,12,0,12,95,71,140,103,0,12,0,12,18,27,11,17,0,12,0,12,8,12,42,31,0,12,0,12,1342,427,98,64,1342,427,0,12,23,37,98,105,15,23,1342,427,655,303,0,12,0,12,51,46,636,324,0,12
"6262","060374326014","Block Group 4, Census Tract 4326.01, Los Angeles County, California",1768,447,0,12,0,12,0,12,0,12,0,12,0,12,0,12,0,12,58,37,56,53,0,12,0,12,107,78,128,95,0,12,0,12,12,17,46,44,0,12,0,12,7,12,98,63,0,12,0,12,1814,463,333,193,1814,463,6,9,151,130,69,57,25,39,1814,463,922,356,0,12,0,12,108,111,784,324,0,12
"6263","060374602003","Block Group 3, Census Tract 4602, Los Angeles County, California",912,348,1,2,0,12,0,12,0,12,0,12,0,12,0,12,0,12,0,12,5,13,0,12,0,12,0,12,0,12,0,12,0,12,0,12,0,12,0,12,0,12,58,82,0,12,0,12,0,12,970,390,31,34,970,390,0,12,0,12,5,13,0,12,977,391,117,139,0,12,311,246,467,184,70,66,0,12
"6264","060371173022","Block Group 2, Census Tract 1173.02, Los Angeles County, California",1368,276,0,12,0,12,0,12,0,12,0,12,0,12,0,12,0,12,0,12,0,12,0,12,0,12,0,12,0,12,0,12,0,12,0,12,0,12,0,12,0,12,9,14,0,12,0,12,0,12,1416,277,13,18,1416,277,0,12,22,33,42,56,0,12,1416,277,242,173,0,12,45,52,544,213,570,210,0,12
"6265","060371219002","Block Group 2, Census Tract 1219, Los Angeles County, California",1231,403,0,12,0,12,0,12,0,12,0,12,0,12,0,12,0,12,117,72,51,62,0,12,0,12,0,12,0,12,0,12,0,12,81,66,0,12,0,12,0,12,0,12,0,12,0,12,0,12,1262,415,142,103,1297,412,67,106,59,46,110,78,0,12,1297,412,0,12,0,12,0,12,166,92,1131,421,0,12
"6266","060374826002","Block Group 2, Census Tract 4826, Los Angeles County, California",1912,420,81,116,0,12,0,12,0,12,0,12,0,12,0,12,0,12,67,74,0,12,0,12,0,12,40,55,0,12,0,12,0,12,36,57,0,12,0,12,0,12,105,65,78,68,0,12,0,12,1947,423,413,284,1947,423,0,12,14,24,65,62,36,57,1947,423,1099,302,0,12,0,12,331,214,517,276,0,12
"6267","060375002012","Block Group 2, Census Tract 5002.01, Los Angeles County, California",2698,528,0,12,0,12,0,12,0,12,0,12,0,12,0,12,0,12,0,12,0,12,0,12,0,12,17,27,0,12,0,12,0,12,0,12,0,12,0,12,0,12,22,36,0,12,0,12,0,12,2752,513,17,27,2781,524,0,12,0,12,80,116,0,12,2781,524,210,183,0,12,0,12,1429,656,949,373,0,12
"6268","060375002021","Block Group 1, Census Tract 5002.02, Los Angeles County, California",830,222,0,12,0,12,0,12,0,12,0,12,0,12,0,12,0,12,0,12,0,12,0,12,0,12,0,12,0,12,0,12,0,12,25,34,16,30,0,12,0,12,0,12,0,12,0,12,0,12,883,264,0,12,893,264,0,12,0,12,0,12,0,12,893,264,55,65,0,12,30,49,226,117,582,279,0,12
"6269","060375002024","Block Group 4, Census Tract 5002.02, Los Angeles County, California",819,207,0,12,0,12,0,12,0,12,0,12,0,12,0,12,0,12,0,12,0,12,0,12,0,12,19,23,0,12,0,12,0,12,0,12,0,12,0,12,0,12,0,12,10,16,0,12,0,12,856,215,34,36,856,215,0,12,0,12,10,15,10,16,856,215,69,72,0,12,3,3,351,107,361,153,0,12
"6270","060375009002","Block Group 2, Census Tract 5009, Los Angeles County, California",1678,484,13,21,0,12,0,12,0,12,0,12,0,12,0,12,0,12,119,84,70,53,0,12,0,12,0,12,0,12,0,12,0,12,79,83,41,50,0,12,0,12,5,9,0,12,0,12,0,12,1850,630,109,108,1850,630,0,12,66,58,89,79,7,12,1850,630,37,43,0,12,48,64,23,21,1742,587,0,12
"6271","060376009021","Block Group 1, Census Tract 6009.02, Los Angeles County, California",1155,369,0,12,0,12,0,12,0,12,0,12,0,12,0,12,0,12,40,48,0,12,0,12,0,12,0,12,0,12,0,12,0,12,20,28,10,18,0,12,0,12,0,12,0,12,18,29,0,12,1317,470,154,139,1317,470,0,12,43,66,54,51,0,12,1317,470,14,21,0,12,425,323,32,37,815,335,0,12
"6272","060376011002","Block Group 2, Census Tract 6011, Los Angeles County, California",2722,595,0,12,0,12,10,16,0,12,0,12,0,12,0,12,0,12,257,167,39,58,10,15,32,46,0,12,0,12,0,12,0,12,0,12,24,32,0,12,35,33,0,12,0,12,0,12,0,12,2900,629,1069,442,2900,629,27,44,109,100,215,139,24,32,2900,629,331,217,0,12,866,435,40,43,1663,507,0,12
"6273","060372430004","Block Group 4, Census Tract 2430, Los Angeles County, California",1097,333,27,32,0,12,0,12,0,12,0,12,0,12,0,12,0,12,114,68,23,36,0,12,0,12,0,12,0,12,0,12,0,12,31,36,31,41,0,12,0,12,0,12,0,12,0,12,0,12,1206,386,279,311,1206,386,10,15,99,69,44,43,0,12,1206,386,0,12,0,12,22,24,11,17,1173,388,0,12
"6274","060371972002","Block Group 2, Census Tract 1972, Los Angeles County, California",1006,262,0,12,0,12,0,12,0,12,0,12,0,12,0,12,0,12,42,45,0,12,0,12,0,12,53,50,0,12,0,12,0,12,38,36,13,20,0,12,0,12,33,32,4,9,0,12,0,12,1047,273,33,40,1047,273,0,12,81,116,27,38,0,12,1047,273,304,171,0,12,109,154,202,144,388,188,0,12
"6275","060371233042","Block Group 2, Census Tract 1233.04, Los Angeles County, California",988,301,0,12,0,12,0,12,0,12,0,12,0,12,0,12,0,12,0,12,51,63,0,12,0,12,55,73,0,12,0,12,0,12,0,12,96,76,0,12,0,12,0,12,0,12,0,12,0,12,1072,339,199,191,1072,339,38,60,39,47,152,117,0,12,1072,339,185,183,0,12,0,12,305,200,582,285,0,12
"6276","060375417005","Block Group 5, Census Tract 5417, Los Angeles County, California",1157,387,0,12,0,12,0,12,0,12,0,12,0,12,0,12,0,12,125,95,0,12,0,12,0,12,0,12,0,12,0,12,0,12,0,12,18,27,0,12,0,12,0,12,0,12,0,12,0,12,1235,416,91,91,1235,416,13,17,32,41,59,41,0,12,1235,416,11,18,0,12,55,53,16,18,1116,418,0,12
"6277","060375434003","Block Group 3, Census Tract 5434, Los Angeles County, California",505,150,0,12,0,12,0,12,0,12,0,12,0,12,0,12,0,12,3,9,0,12,0,12,0,12,6,10,0,12,0,12,0,12,10,14,0,12,0,12,0,12,11,13,0,12,0,12,0,12,532,162,72,83,532,162,0,12,1,2,31,37,0,12,532,162,64,41,32,61,280,133,21,28,99,68,0,12
"6278","060375748003","Block Group 3, Census Tract 5748, Los Angeles County, California",665,140,0,12,0,12,0,12,0,12,0,12,0,12,0,12,0,12,0,12,0,12,0,12,0,12,10,16,0,12,0,12,0,12,0,12,0,12,0,12,0,12,0,12,0,12,0,12,0,12,673,143,37,37,673,143,0,12,8,12,23,26,0,12,673,143,25,20,0,12,34,42,526,129,59,51,0,12
"6279","060375749021","Block Group 1, Census Tract 5749.02, Los Angeles County, California",778,216,0,12,0,12,0,12,0,12,0,12,0,12,0,12,0,12,0,12,0,12,0,12,0,12,0,12,0,12,0,12,0,12,0,12,0,12,7,11,0,12,0,12,0,12,0,12,0,12,802,221,73,113,802,221,69,75,8,12,46,58,0,12,802,221,117,98,0,12,23,34,478,191,147,121,10,19
"6280","060371432001","Block Group 1, Census Tract 1432, Los Angeles County, California",1654,379,0,12,0,12,0,12,0,12,0,12,0,12,0,12,0,12,0,12,0,12,34,53,0,12,0,12,0,12,0,12,0,12,31,48,0,12,0,12,0,12,0,12,0,12,0,12,0,12,1700,405,331,170,1700,405,0,12,169,190,133,88,0,12,1700,405,41,59,0,12,102,68,1235,381,270,188,0,12
"6281","060371284002","Block Group 2, Census Tract 1284, Los Angeles County, California",1029,274,0,12,0,12,0,12,0,12,0,12,0,12,0,12,0,12,40,55,53,69,5,8,0,12,0,12,0,12,0,12,0,12,41,55,0,12,0,12,0,12,0,12,0,12,0,12,0,12,1088,268,351,288,1088,268,32,64,32,38,90,79,0,12,1088,268,79,102,0,12,9,14,474,142,496,233,0,12
"6282","060372949001","Block Group 1, Census Tract 2949, Los Angeles County, California",2065,305,7,10,0,12,0,12,0,12,0,12,0,12,0,12,0,12,260,86,109,72,0,12,0,12,0,12,0,12,0,12,0,12,71,39,66,45,6,9,0,12,0,12,0,12,0,12,0,12,2230,340,628,277,2249,340,128,105,54,37,345,118,19,20,2249,340,34,38,18,72,104,137,90,89,1935,329,0,12
"6283","060373002001","Block Group 1, Census Tract 3002, Los Angeles County, California",1200,229,0,12,0,12,0,12,0,12,0,12,0,12,0,12,0,12,0,12,0,12,0,12,0,12,17,20,0,12,0,12,0,12,0,12,0,12,0,12,0,12,0,12,8,13,0,12,0,12,1250,232,255,188,1250,232,0,12,16,25,0,12,0,12,1250,232,351,192,0,12,29,32,580,162,253,125,0,12
"6284","060373002003","Block Group 3, Census Tract 3002, Los Angeles County, California",795,157,0,12,0,12,0,12,0,12,0,12,0,12,0,12,0,12,0,12,0,12,0,12,0,12,79,56,9,14,0,12,0,12,0,12,0,12,0,12,0,12,9,14,0,12,0,12,0,12,804,161,34,40,804,161,0,12,0,12,34,36,0,12,804,161,409,139,0,12,9,16,314,125,33,30,0,12
"6285","060374629001","Block Group 1, Census Tract 4629, Los Angeles County, California",1669,358,44,56,0,12,0,12,0,12,0,12,0,12,0,12,0,12,61,54,0,12,0,12,0,12,0,12,0,12,0,12,0,12,28,41,0,12,0,12,0,12,0,12,0,12,0,12,0,12,1774,385,42,34,1774,385,0,12,26,33,19,23,0,12,1774,385,230,118,0,12,35,36,807,186,646,346,0,12
"6286","060372327003","Block Group 3, Census Tract 2327, Los Angeles County, California",963,340,0,12,0,12,0,12,0,12,0,12,0,12,0,12,0,12,123,60,72,49,0,12,0,12,0,12,0,12,0,12,0,12,0,12,21,32,0,12,0,12,0,12,0,12,0,12,0,12,1034,372,197,129,1034,372,25,29,118,127,170,80,0,12,1034,372,0,12,0,12,74,65,11,26,937,371,0,12
"6287","060376511021","Block Group 1, Census Tract 6511.02, Los Angeles County, California",1872,284,0,12,0,12,0,12,0,12,18,29,0,12,0,12,0,12,0,12,0,12,0,12,0,12,46,40,0,12,16,26,0,12,0,12,0,12,0,12,0,12,0,12,0,12,0,12,0,12,2011,302,79,84,2011,302,32,50,42,43,13,20,0,12,2011,302,811,222,0,12,3,8,823,241,334,178,0,12
"6288","060374028042","Block Group 2, Census Tract 4028.04, Los Angeles County, California",2316,267,0,12,9,15,0,12,0,12,0,12,0,12,0,12,0,12,266,70,191,71,0,12,0,12,82,46,28,30,0,12,0,12,42,32,20,18,8,12,0,12,29,25,0,12,0,12,0,12,2494,298,300,146,2501,300,55,49,158,61,287,88,0,12,2501,300,429,133,7,11,33,28,60,38,1957,310,0,12
"6289","060374028032","Block Group 2, Census Tract 4028.03, Los Angeles County, California",1668,258,7,10,0,12,0,12,0,12,0,12,0,12,0,12,0,12,262,80,115,61,0,12,0,12,21,32,26,37,0,12,0,12,34,31,11,17,0,12,0,12,0,12,0,12,0,12,0,12,1876,309,407,214,1876,309,30,46,88,58,123,74,0,12,1876,309,108,87,0,12,55,69,10,16,1703,301,0,12
"6290","060374027051","Block Group 1, Census Tract 4027.05, Los Angeles County, California",868,245,0,12,0,12,0,12,0,12,0,12,0,12,0,12,0,12,63,38,5,8,0,12,0,12,4,6,3,6,0,12,0,12,10,17,20,30,0,12,0,12,8,15,0,12,0,12,0,12,957,270,54,46,957,270,23,26,5,6,39,29,0,12,957,270,33,34,0,12,92,134,101,46,722,260,0,12
"6291","060374086301","Block Group 1, Census Tract 4086.30, Los Angeles County, California",762,252,18,22,0,12,0,12,0,12,0,12,0,12,0,12,0,12,0,12,10,14,0,12,0,12,30,30,0,12,0,12,0,12,0,12,40,46,0,12,0,12,14,23,35,39,0,12,0,12,797,274,0,12,797,274,0,12,0,12,11,17,4,6,797,274,259,109,0,12,0,12,43,39,495,269,0,12
"6292","060374081381","Block Group 1, Census Tract 4081.38, Los Angeles County, California",1507,526,7,13,0,12,0,12,0,12,0,12,0,12,0,12,0,12,65,68,72,73,0,12,0,12,0,12,0,12,0,12,0,12,38,31,53,53,0,12,0,12,0,12,0,12,0,12,0,12,1610,578,592,484,1634,579,0,12,124,126,106,76,0,12,1634,579,110,113,0,12,0,12,11,18,1513,566,0,12
"6293","060377013041","Block Group 1, Census Tract 7013.04, Los Angeles County, California",1702,414,0,12,0,12,0,12,0,12,0,12,0,12,0,12,0,12,0,12,0,12,0,12,0,12,31,53,0,12,0,12,0,12,0,12,0,12,0,12,0,12,0,12,0,12,0,12,0,12,1824,394,39,47,1824,394,0,12,0,12,14,22,0,12,1824,394,307,234,0,12,0,12,1389,442,77,101,0,12
"6294","060377008022","Block Group 2, Census Tract 7008.02, Los Angeles County, California",1554,372,0,12,0,12,0,12,0,12,0,12,0,12,0,12,0,12,0,12,0,12,0,12,0,12,0,12,0,12,0,12,0,12,0,12,0,12,0,12,0,12,0,12,0,12,0,12,0,12,1597,412,127,85,1597,412,0,12,46,54,30,49,0,12,1607,413,134,101,0,12,154,183,1265,371,42,52,0,12
"6295","060375715032","Block Group 2, Census Tract 5715.03, Los Angeles County, California",1601,349,0,12,0,12,0,12,0,12,0,12,0,12,0,12,0,12,13,24,0,12,0,12,0,12,38,44,0,12,0,12,0,12,0,12,0,12,0,12,0,12,0,12,0,12,0,12,0,12,1719,355,204,139,1719,355,20,25,0,12,24,26,0,12,1719,355,503,234,0,12,244,171,368,219,573,279,0,12
"6296","060372674041","Block Group 1, Census Tract 2674.04, Los Angeles County, California",3425,410,0,12,0,12,0,12,0,12,0,12,0,12,0,12,0,12,1,10,0,12,0,12,0,12,12,18,0,12,0,12,0,12,0,12,0,12,63,49,28,46,0,12,0,12,0,12,0,12,3475,409,782,301,3475,409,0,12,117,73,106,96,22,33,3475,409,623,184,0,12,204,176,2129,406,268,122,0,12
"6297","060371021071","Block Group 1, Census Tract 1021.07, Los Angeles County, California",2728,410,0,12,0,12,0,12,0,12,0,12,0,12,0,12,0,12,40,43,42,47,8,12,0,12,59,43,0,12,19,30,0,12,0,12,0,12,10,18,0,12,0,12,0,12,0,12,0,12,2722,430,244,225,2722,430,0,12,24,38,34,29,0,12,2791,425,334,167,0,12,17,24,1465,370,930,328,6,13
"6298","060371021042","Block Group 2, Census Tract 1021.04, Los Angeles County, California",885,277,0,12,0,12,26,30,0,12,0,12,0,12,0,12,0,12,0,12,0,12,0,12,0,12,0,12,0,12,9,16,0,12,0,12,0,12,79,76,0,12,15,26,0,12,0,12,10,17,924,308,197,168,924,308,0,12,5,24,32,38,0,12,924,308,50,101,0,12,0,12,642,209,232,161,0,12
"6299","060371852021","Block Group 1, Census Tract 1852.02, Los Angeles County, California",1462,351,0,12,0,12,0,12,0,12,0,12,0,12,0,12,0,12,31,40,0,12,9,14,0,12,0,12,0,12,0,12,0,12,112,82,0,12,0,12,0,12,0,12,0,12,0,12,0,12,1672,425,143,123,1672,425,0,12,8,13,44,43,0,12,1672,425,47,58,0,12,70,68,427,174,1120,460,0,12
"6300","060372398022","Block Group 2, Census Tract 2398.02, Los Angeles County, California",1252,334,0,12,0,12,0,12,0,12,0,12,0,12,0,12,0,12,170,98,125,121,0,12,0,12,0,12,0,12,0,12,0,12,0,12,15,21,0,12,0,12,0,12,0,12,0,12,0,12,1388,367,378,208,1388,367,17,26,57,56,121,101,0,12,1388,367,0,12,0,12,307,183,0,12,1045,339,0,12
"6301","060372397024","Block Group 4, Census Tract 2397.02, Los Angeles County, California",1267,434,0,12,0,12,0,12,0,12,0,12,0,12,0,12,0,12,204,99,161,118,0,12,0,12,0,12,0,12,0,12,0,12,0,12,21,32,0,12,0,12,0,12,0,12,0,12,0,12,1311,440,412,301,1318,441,0,12,113,68,236,133,21,32,1318,441,0,12,0,12,153,100,14,23,1151,444,0,12
"6302","060372628021","Block Group 1, Census Tract 2628.02, Los Angeles County, California",1355,224,0,12,0,12,0,12,0,12,0,12,0,12,0,12,0,12,0,12,0,12,0,12,0,12,0,12,0,12,0,12,0,12,0,12,0,12,0,12,0,12,0,12,0,12,0,12,0,12,1392,234,41,34,1392,234,0,12,0,12,0,12,15,22,1392,234,47,65,0,12,0,12,1276,241,26,25,0,12
"6303","060371943003","Block Group 3, Census Tract 1943, Los Angeles County, California",1217,237,0,12,0,12,0,12,0,12,0,12,0,12,0,12,0,12,0,12,0,12,0,12,0,12,0,12,0,12,0,12,0,12,0,12,0,12,0,12,0,12,0,12,0,12,0,12,0,12,1297,262,22,20,1297,262,0,12,0,12,13,16,0,12,1297,262,44,33,0,12,10,18,923,200,292,179,0,12
"6304","060376013023","Block Group 3, Census Tract 6013.02, Los Angeles County, California",1890,644,0,12,0,12,0,12,0,12,0,12,0,12,0,12,0,12,43,71,43,70,0,12,0,12,0,12,0,12,0,12,18,28,0,12,0,12,0,12,0,12,0,12,0,12,0,12,0,12,2093,734,448,503,2093,734,23,39,83,129,180,151,0,12,2093,734,25,42,0,12,1430,651,313,245,325,384,0,12
"6305","060375523013","Block Group 3, Census Tract 5523.01, Los Angeles County, California",798,350,0,12,0,12,0,12,0,12,0,12,0,12,0,12,0,12,45,45,9,14,0,12,0,12,7,11,0,12,0,12,0,12,21,32,0,12,0,12,0,12,0,12,0,12,0,12,0,12,839,352,127,128,839,352,149,197,0,12,56,67,0,12,839,352,7,11,0,12,47,47,112,101,673,286,0,12
"6306","060378003281","Block Group 1, Census Tract 8003.28, Los Angeles County, California",1499,255,0,12,0,12,0,12,0,12,0,12,0,12,0,12,0,12,7,11,0,12,0,12,0,12,8,13,0,12,0,12,0,12,9,16,0,12,0,12,0,12,0,12,0,12,0,12,0,12,1538,273,137,157,1538,273,0,12,81,83,52,63,0,12,1538,273,221,143,0,12,53,82,917,246,274,151,0,12
"6307","060375776035","Block Group 5, Census Tract 5776.03, Los Angeles County, California",1272,407,0,12,0,12,0,12,0,12,0,12,0,12,0,12,0,12,0,12,0,12,0,12,0,12,0,12,0,12,0,12,0,12,0,12,0,12,0,12,0,12,0,12,0,12,0,12,0,12,1390,459,170,166,1390,459,0,12,15,25,0,12,0,12,1390,459,246,338,0,12,15,25,988,312,102,71,21,33
"6308","060371903011","Block Group 1, Census Tract 1903.01, Los Angeles County, California",2044,432,0,12,0,12,0,12,0,12,0,12,0,12,0,12,0,12,23,32,37,45,52,54,0,12,39,64,0,12,0,12,0,12,0,12,0,12,149,112,64,106,0,12,52,86,0,12,0,12,2093,460,303,180,2109,465,0,12,80,84,136,94,0,12,2109,465,177,163,0,12,374,273,944,301,488,289,27,36
"6309","060371974202","Block Group 2, Census Tract 1974.20, Los Angeles County, California",1863,465,0,12,0,12,0,12,0,12,0,12,0,12,0,12,0,12,51,42,35,34,0,12,0,12,0,12,0,12,0,12,0,12,10,16,0,12,0,12,0,12,8,19,0,12,0,12,0,12,1983,503,350,262,1983,503,99,131,49,49,124,80,0,12,1983,503,253,115,0,12,0,12,752,186,931,447,21,33
"6310","060372716003","Block Group 3, Census Tract 2716, Los Angeles County, California",616,177,0,12,0,12,0,12,0,12,8,13,0,12,0,12,0,12,0,12,0,12,0,12,0,12,0,12,0,12,0,12,0,12,0,12,0,12,0,12,0,12,0,12,0,12,0,12,0,12,663,191,9,13,663,191,23,37,23,35,11,19,0,12,663,191,45,34,0,12,0,12,467,128,0,12,0,12
"6311","060372933022","Block Group 2, Census Tract 2933.02, Los Angeles County, California",2102,441,0,12,0,12,0,12,0,12,0,12,0,12,0,12,0,12,219,150,44,54,0,12,0,12,0,12,0,12,0,12,0,12,28,43,35,46,0,12,0,12,37,33,0,12,0,12,0,12,2247,456,453,255,2269,465,10,16,154,133,307,140,7,13,2269,465,152,87,135,140,229,159,644,409,1073,442,0,12
"6312","060374605026","Block Group 6, Census Tract 4605.02, Los Angeles County, California",838,203,0,12,0,12,0,12,0,12,0,12,0,12,0,12,0,12,0,12,0,12,0,12,0,12,0,12,0,12,0,12,0,12,0,12,0,12,0,12,0,12,0,12,0,12,0,12,0,12,866,205,8,12,866,205,0,12,0,12,0,12,0,12,866,205,437,186,0,12,0,12,239,82,111,88,0,12
"6313","060374605025","Block Group 5, Census Tract 4605.02, Los Angeles County, California",536,137,0,12,0,12,0,12,0,12,0,12,0,12,0,12,0,12,0,12,0,12,0,12,0,12,0,12,0,12,0,12,0,12,0,12,0,12,0,12,0,12,0,12,0,12,0,12,0,12,536,137,33,40,536,137,0,12,0,12,0,12,0,12,536,137,122,92,0,12,0,12,414,128,0,12,0,12
"6314","060371957101","Block Group 1, Census Tract 1957.10, Los Angeles County, California",1406,267,0,12,0,12,0,12,0,12,0,12,0,12,0,12,0,12,51,35,75,71,13,21,0,12,19,30,0,12,0,12,0,12,55,61,0,12,0,12,0,12,13,21,0,12,0,12,0,12,1484,308,364,164,1484,308,0,12,156,76,90,51,0,12,1484,308,280,160,0,12,12,20,336,107,818,302,0,12
"6315","060379200181","Block Group 1, Census Tract 9200.18, Los Angeles County, California",918,122,10,17,0,12,0,12,0,12,0,12,0,12,0,12,0,12,29,41,0,12,0,12,0,12,0,12,0,12,0,12,0,12,0,12,0,12,0,12,0,12,0,12,0,12,0,12,0,12,997,129,20,16,997,129,15,21,41,46,43,41,0,12,997,129,96,57,0,12,56,78,529,108,293,103,0,12
"6316","060376012022","Block Group 2, Census Tract 6012.02, Los Angeles County, California",1139,317,0,12,0,12,0,12,0,12,0,12,0,12,0,12,0,12,122,67,25,33,11,16,0,12,0,12,0,12,0,12,0,12,6,10,0,12,0,12,0,12,0,12,0,12,0,12,0,12,1220,335,79,57,1220,335,0,12,48,51,84,74,0,12,1220,335,54,82,0,12,0,12,162,172,1004,322,0,12
"6317","060376018021","Block Group 1, Census Tract 6018.02, Los Angeles County, California",2404,397,26,35,0,12,0,12,0,12,0,12,0,12,0,12,0,12,236,102,212,120,0,12,0,12,100,151,0,12,0,12,0,12,45,46,13,20,0,12,0,12,0,12,0,12,0,12,0,12,2488,422,36,38,2510,429,74,63,180,115,286,114,17,34,2510,429,120,181,0,12,132,212,28,45,2222,467,8,13
"6318","060376019002","Block Group 2, Census Tract 6019, Los Angeles County, California",2271,501,10,17,0,12,0,12,0,12,0,12,0,12,0,12,0,12,171,127,256,179,24,40,0,12,0,12,0,12,0,12,0,12,19,29,0,12,0,12,0,12,0,12,0,12,0,12,0,12,2454,549,374,296,2498,562,166,204,152,99,244,169,0,12,2498,562,0,12,0,12,219,161,17,24,2228,561,34,43
"6319","060376023021","Block Group 1, Census Tract 6023.02, Los Angeles County, California",844,240,0,12,0,12,0,12,0,12,0,12,0,12,0,12,0,12,0,12,0,12,0,12,0,12,0,12,0,12,0,12,0,12,9,15,0,12,0,12,0,12,0,12,0,12,0,12,0,12,912,248,8,13,905,248,0,12,0,12,0,12,0,12,912,248,58,72,0,12,0,12,543,155,250,175,0,12
"6320","060376024026","Block Group 6, Census Tract 6024.02, Los Angeles County, California",792,339,0,12,0,12,0,12,0,12,0,12,0,12,0,12,0,12,50,58,0,12,0,12,0,12,0,12,0,12,0,12,0,12,0,12,0,12,0,12,0,12,0,12,0,12,0,12,0,12,956,395,66,88,956,395,0,12,0,12,0,12,0,12,956,395,274,313,0,12,14,24,199,122,424,268,0,12
"6321","060376024025","Block Group 5, Census Tract 6024.02, Los Angeles County, California",437,216,0,12,0,12,0,12,0,12,0,12,0,12,0,12,0,12,45,56,0,12,0,12,0,12,0,12,0,12,0,12,0,12,0,12,0,12,0,12,0,12,0,12,0,12,0,12,0,12,503,259,66,106,503,259,0,12,6,18,0,12,0,12,503,259,67,116,0,12,82,113,88,109,266,232,0,12
"6322","060374034022","Block Group 2, Census Tract 4034.02, Los Angeles County, California",1309,185,8,12,1,3,0,12,0,12,33,26,0,12,0,12,0,12,0,12,5,8,0,12,0,12,81,46,18,20,0,12,0,12,0,12,5,8,0,12,0,12,6,9,11,14,0,12,0,12,1418,220,68,70,1424,221,0,12,13,14,10,10,20,29,1429,222,791,200,0,12,38,46,299,120,257,114,0,12
"6323","060372976023","Block Group 3, Census Tract 2976.02, Los Angeles County, California",1035,220,0,12,0,12,0,12,0,12,0,12,0,12,0,12,0,12,9,14,0,12,0,12,0,12,0,12,0,12,0,12,0,12,0,12,0,12,0,12,0,12,0,12,0,12,0,12,0,12,1130,259,188,167,1130,259,18,26,22,27,11,17,0,12,1130,259,32,35,10,15,98,140,521,153,460,212,9,16
"6324","060372976011","Block Group 1, Census Tract 2976.01, Los Angeles County, California",871,225,0,12,0,12,0,12,0,12,0,12,0,12,0,12,0,12,47,60,0,12,0,12,0,12,0,12,0,12,0,12,0,12,0,12,0,12,0,12,0,12,0,12,0,12,0,12,0,12,901,232,48,48,901,232,0,12,46,51,73,56,0,12,901,232,26,25,0,12,9,15,443,139,263,163,8,12
"6325","060379105041","Block Group 1, Census Tract 9105.04, Los Angeles County, California",1217,322,0,12,0,12,0,12,0,12,0,12,0,12,0,12,0,12,74,61,8,12,0,12,0,12,0,12,0,12,0,12,0,12,27,27,41,63,0,12,0,12,0,12,0,12,0,12,0,12,1231,323,92,113,1231,323,0,12,52,47,90,55,0,12,1231,323,16,25,0,12,35,32,257,121,923,341,0,12
"6326","060379203343","Block Group 3, Census Tract 9203.34, Los Angeles County, California",2519,502,0,12,0,12,0,12,0,12,0,12,0,12,0,12,0,12,0,12,0,12,0,12,0,12,11,18,0,12,38,62,0,12,37,58,0,12,0,12,0,12,0,12,0,12,0,12,0,12,2171,497,319,210,2680,501,0,12,118,82,66,75,0,12,2680,501,371,157,8,16,35,27,1430,436,734,244,23,29
"6327","060379203341","Block Group 1, Census Tract 9203.34, Los Angeles County, California",709,224,0,12,0,12,0,12,0,12,0,12,0,12,0,12,0,12,0,12,0,12,0,12,0,12,0,12,0,12,0,12,0,12,0,12,0,12,0,12,0,12,0,12,0,12,0,12,0,12,742,227,11,17,742,227,0,12,0,12,0,12,0,12,742,227,22,36,0,12,41,62,612,221,67,80,0,12
"6328","060376205013","Block Group 3, Census Tract 6205.01, Los Angeles County, California",872,237,0,12,0,12,0,12,0,12,0,12,0,12,0,12,0,12,0,12,0,12,0,12,0,12,0,12,0,12,0,12,0,12,0,12,0,12,0,12,0,12,0,12,0,12,0,12,0,12,917,249,18,28,917,249,0,12,0,12,0,12,0,12,917,249,157,135,0,12,17,25,390,156,337,167,0,12
"6329","060376205011","Block Group 1, Census Tract 6205.01, Los Angeles County, California",1285,429,0,12,0,12,0,12,0,12,0,12,0,12,0,12,0,12,0,12,0,12,0,12,0,12,0,12,0,12,0,12,0,12,0,12,0,12,0,12,0,12,0,12,0,12,0,12,0,12,1490,468,115,154,1490,468,0,12,16,26,0,12,0,12,1490,468,211,169,0,12,325,280,666,316,248,187,0,12
"6330","060376704071","Block Group 1, Census Tract 6704.07, Los Angeles County, California",2970,656,0,12,0,12,0,12,0,12,24,38,0,12,0,12,0,12,0,12,0,12,0,12,0,12,213,113,0,12,0,12,0,12,0,12,0,12,18,32,0,12,0,12,0,12,0,12,0,12,3200,697,206,178,3200,697,0,12,64,100,50,56,0,12,3200,697,1647,653,81,132,131,228,947,358,190,123,0,12
"6331","060376206014","Block Group 4, Census Tract 6206.01, Los Angeles County, California",1639,372,0,12,0,12,0,12,0,12,0,12,0,12,0,12,0,12,0,12,0,12,15,25,0,12,0,12,0,12,0,12,0,12,0,12,0,12,0,12,0,12,0,12,0,12,0,12,0,12,1784,400,31,41,1770,405,71,94,16,27,145,161,0,12,1784,400,253,141,0,12,10,19,915,322,492,224,0,12
"6332","060376206012","Block Group 2, Census Tract 6206.01, Los Angeles County, California",1320,336,0,12,0,12,0,12,0,12,0,12,0,12,0,12,0,12,0,12,0,12,0,12,0,12,0,12,0,12,0,12,0,12,0,12,0,12,0,12,0,12,0,12,14,23,0,12,0,12,1496,389,80,71,1496,389,61,97,87,137,17,23,0,12,1496,389,357,192,0,12,43,68,660,245,364,284,0,12
"6333","060376208002","Block Group 2, Census Tract 6208, Los Angeles County, California",679,232,0,12,0,12,0,12,0,12,0,12,0,12,0,12,0,12,0,12,0,12,0,12,0,12,0,12,0,12,0,12,0,12,0,12,0,12,0,12,0,12,0,12,0,12,0,12,0,12,863,297,13,21,863,297,0,12,0,12,0,12,0,12,863,297,453,257,0,12,0,12,341,137,38,68,0,12
"6334","060376208003","Block Group 3, Census Tract 6208, Los Angeles County, California",1291,260,0,12,0,12,0,12,0,12,0,12,0,12,0,12,0,12,19,31,0,12,0,12,0,12,0,12,0,12,0,12,0,12,0,12,0,12,0,12,0,12,0,12,0,12,0,12,0,12,1373,305,110,157,1373,305,0,12,0,12,24,39,0,12,1373,305,331,168,0,12,0,12,918,270,124,112,0,12
"6335","060376210011","Block Group 1, Census Tract 6210.01, Los Angeles County, California",3116,310,0,12,0,12,0,12,0,12,0,12,0,12,0,12,0,12,0,12,0,12,0,12,0,12,0,12,0,12,10,16,0,12,0,12,0,12,0,12,0,12,0,12,0,12,0,12,0,12,3359,319,82,47,3370,318,0,12,13,21,37,43,0,12,3370,318,236,101,0,12,17,27,2386,330,403,150,70,66
"6336","060372060101","Block Group 1, Census Tract 2060.10, Los Angeles County, California",2600,528,0,12,0,12,0,12,0,12,9,14,0,12,0,12,0,12,107,97,16,21,0,12,0,12,180,96,203,104,0,12,0,12,12,18,24,35,0,12,0,12,94,68,122,94,0,12,0,12,2660,536,745,379,2660,536,46,40,117,91,254,142,25,38,2660,536,1406,343,0,12,8,10,317,134,911,385,0,12
"6337","060372317202","Block Group 2, Census Tract 2317.20, Los Angeles County, California",963,353,10,15,0,12,0,12,0,12,0,12,0,12,0,12,0,12,151,109,176,145,0,12,0,12,0,12,0,12,0,12,0,12,27,43,19,29,0,12,0,12,0,12,0,12,0,12,0,12,986,366,328,201,986,366,20,33,81,70,98,81,0,12,986,366,0,12,0,12,118,81,0,12,868,364,0,12
"6338","060372318001","Block Group 1, Census Tract 2318, Los Angeles County, California",830,265,28,43,0,12,0,12,0,12,0,12,0,12,0,12,0,12,112,50,105,91,0,12,0,12,0,12,0,12,0,12,0,12,25,33,20,21,0,12,0,12,0,12,0,12,0,12,0,12,914,294,508,229,914,294,43,69,41,65,64,53,0,12,914,294,0,12,0,12,0,12,0,12,857,290,0,12
"6339","060372323003","Block Group 3, Census Tract 2323, Los Angeles County, California",967,479,0,12,0,12,0,12,0,12,0,12,0,12,0,12,0,12,117,90,43,67,0,12,0,12,0,12,0,12,0,12,0,12,0,12,10,24,0,12,0,12,0,12,0,12,0,12,0,12,995,490,170,224,995,490,11,17,38,39,17,26,0,12,995,490,0,12,0,12,366,371,15,26,602,363,0,12
"6340","060372351001","Block Group 1, Census Tract 2351, Los Angeles County, California",910,248,0,12,0,12,0,12,0,12,0,12,0,12,0,12,0,12,15,19,8,13,0,12,0,12,10,15,0,12,0,12,0,12,7,13,0,12,0,12,0,12,0,12,0,12,0,12,0,12,919,256,121,146,919,256,0,12,17,29,36,36,0,12,938,251,11,15,0,12,663,238,25,32,215,141,0,12
"6341","060374086283","Block Group 3, Census Tract 4086.28, Los Angeles County, California",1741,273,0,12,0,12,0,12,0,12,41,58,0,12,0,12,0,12,0,12,0,12,0,12,0,12,190,90,127,66,0,12,0,12,5,11,4,10,0,12,0,12,87,51,125,97,0,12,0,12,1855,322,355,148,1855,322,11,16,11,16,24,28,0,12,1855,322,1268,268,0,12,53,66,139,97,314,206,0,12
"6342","060374087053","Block Group 3, Census Tract 4087.05, Los Angeles County, California",1801,319,6,9,0,12,0,12,0,12,11,17,0,12,0,12,0,12,7,11,0,12,0,12,0,12,289,142,30,31,0,12,0,12,24,25,0,12,0,12,0,12,61,35,66,43,0,12,0,12,1813,323,30,27,1813,323,33,39,13,20,67,78,5,8,1813,323,1130,268,0,12,0,12,151,87,520,233,0,12
"6343","060375524001","Block Group 1, Census Tract 5524, Los Angeles County, California",376,139,0,12,0,12,0,12,0,12,0,12,0,12,0,12,0,12,48,43,5,8,0,12,0,12,0,12,0,12,0,12,0,12,15,15,12,18,0,12,0,12,0,12,0,12,0,12,0,12,379,140,46,46,379,140,0,12,7,10,19,21,0,12,379,140,81,62,0,12,0,12,6,9,286,134,0,12
"6344","060372932013","Block Group 3, Census Tract 2932.01, Los Angeles County, California",2193,479,0,12,0,12,0,12,0,12,0,12,0,12,0,12,0,12,91,84,0,12,13,21,0,12,13,21,0,12,0,12,0,12,0,12,0,12,0,12,0,12,0,12,0,12,0,12,0,12,2211,492,42,55,2238,492,0,12,138,118,147,137,0,12,2238,492,399,294,0,12,265,283,410,188,1119,422,0,12
"6345","060373007013","Block Group 3, Census Tract 3007.01, Los Angeles County, California",776,392,0,12,0,12,0,12,0,12,0,12,0,12,0,12,0,12,0,12,0,12,0,12,0,12,15,26,0,12,0,12,0,12,0,12,0,12,14,23,0,12,0,12,0,12,0,12,0,12,821,405,92,132,821,405,48,79,0,12,15,26,0,12,821,405,78,131,0,12,0,12,685,379,58,73,0,12
"6346","060373007014","Block Group 4, Census Tract 3007.01, Los Angeles County, California",1677,564,0,12,0,12,0,12,0,12,0,12,0,12,0,12,0,12,0,12,0,12,0,12,0,12,0,12,0,12,0,12,0,12,0,12,0,12,18,34,0,12,0,12,0,12,0,12,0,12,1690,563,41,71,1690,563,0,12,0,12,22,35,0,12,1690,563,253,127,0,12,0,12,1278,543,114,85,0,12
"6347","060373015021","Block Group 1, Census Tract 3015.02, Los Angeles County, California",1725,409,0,12,0,12,0,12,0,12,0,12,0,12,0,12,0,12,0,12,0,12,94,100,15,23,0,12,0,12,0,12,0,12,0,12,37,58,0,12,33,42,0,12,0,12,0,12,0,12,1781,416,243,186,1781,416,0,12,0,12,93,112,0,12,1781,416,140,141,0,12,0,12,1309,420,332,234,0,12
"6348","060374018001","Block Group 1, Census Tract 4018, Los Angeles County, California",2029,403,0,12,0,12,0,12,0,12,0,12,0,12,0,12,0,12,0,12,0,12,0,12,0,12,0,12,0,12,0,12,0,12,0,12,0,12,0,12,0,12,0,12,0,12,0,12,0,12,2117,407,281,181,2117,407,50,60,71,98,129,101,0,12,2117,407,215,131,0,12,104,96,1262,374,473,228,0,12
"6349","060374033171","Block Group 1, Census Tract 4033.17, Los Angeles County, California",2445,364,0,12,0,12,0,12,0,12,6,11,0,12,0,12,0,12,0,12,0,12,8,14,0,12,0,12,14,20,0,12,0,12,2,4,18,21,0,12,0,12,60,45,9,15,0,12,0,12,2470,366,99,78,2470,366,1,3,37,54,48,49,0,12,2490,366,734,221,0,12,326,234,386,113,843,278,29,48
"6350","060374033183","Block Group 3, Census Tract 4033.18, Los Angeles County, California",1687,230,0,12,0,12,0,12,0,12,0,12,0,12,0,12,0,12,0,12,0,12,0,12,0,12,42,37,0,12,0,12,0,12,29,43,0,12,0,12,0,12,27,28,19,25,0,12,0,12,1716,245,137,123,1716,245,0,12,9,14,17,20,29,43,1738,245,516,176,0,12,75,80,571,141,480,196,0,12
"6351","060379201091","Block Group 1, Census Tract 9201.09, Los Angeles County, California",5297,300,0,17,0,17,0,17,0,17,0,17,0,17,0,17,0,17,20,32,0,17,0,17,0,17,33,29,0,17,0,17,0,17,0,17,0,17,0,17,0,17,0,17,0,17,0,17,0,17,5696,288,116,70,5696,288,57,90,101,78,77,53,0,17,5696,288,715,244,0,17,407,289,3277,292,1088,254,0,17
"6352","060374034032","Block Group 2, Census Tract 4034.03, Los Angeles County, California",1374,223,0,12,0,12,0,12,0,12,0,12,0,12,0,12,0,12,0,12,0,12,0,12,0,12,65,51,15,24,0,12,0,12,0,12,0,12,0,12,0,12,123,76,0,12,0,12,0,12,1415,229,135,85,1415,229,0,12,8,15,0,12,0,12,1415,229,1093,212,0,12,84,75,35,31,185,112,0,12
"6353","060375358024","Block Group 4, Census Tract 5358.02, Los Angeles County, California",2427,403,24,34,0,12,0,12,0,12,0,12,0,12,0,12,0,12,297,133,190,89,0,12,0,12,0,12,0,12,0,12,0,12,107,84,115,80,0,12,0,12,0,12,0,12,0,12,0,12,2537,428,349,220,2561,435,91,80,55,55,305,142,28,45,2561,435,0,12,20,30,0,12,88,94,2433,441,0,12
"6354","060375401011","Block Group 1, Census Tract 5401.01, Los Angeles County, California",816,363,0,12,0,12,0,12,0,12,0,12,0,12,0,12,0,12,78,69,40,39,0,12,0,12,0,12,0,12,0,12,0,12,40,45,0,12,0,12,0,12,0,12,0,12,0,12,0,12,823,366,43,48,859,373,0,12,25,40,45,39,0,12,859,373,0,12,0,12,137,153,0,12,722,359,0,12
"6355","060375402011","Block Group 1, Census Tract 5402.01, Los Angeles County, California",1069,225,0,12,0,12,0,12,0,12,0,12,0,12,0,12,0,12,238,69,57,54,0,12,0,12,0,12,0,12,0,12,0,12,0,12,17,28,0,12,0,12,0,12,0,12,0,12,0,12,1323,268,625,226,1323,268,12,19,128,71,49,39,17,28,1323,268,15,21,0,12,20,25,8,5,1272,272,8,13
"6356","060375407003","Block Group 3, Census Tract 5407, Los Angeles County, California",1005,401,0,12,0,12,0,12,0,12,0,12,0,12,0,12,0,12,53,45,35,35,0,12,0,12,0,12,0,12,0,12,0,12,0,12,31,35,0,12,0,12,0,12,0,12,0,12,0,12,1073,418,109,166,1073,418,0,12,37,54,27,40,0,12,1073,418,0,12,0,12,419,279,0,12,654,361,0,12
"6357","060374047022","Block Group 2, Census Tract 4047.02, Los Angeles County, California",1961,359,0,12,0,12,0,12,0,12,0,12,0,12,0,12,0,12,84,54,58,55,0,12,0,12,110,66,53,46,0,12,0,12,9,15,46,53,0,12,0,12,47,42,48,70,0,12,0,12,2073,389,308,190,2073,389,8,15,49,52,105,67,20,30,2073,389,678,220,0,12,110,151,11,19,1255,399,0,12
"6358","060375544041","Block Group 1, Census Tract 5544.04, Los Angeles County, California",1328,260,0,12,0,12,0,12,0,12,0,12,0,12,0,12,0,12,24,27,29,42,0,12,0,12,18,27,0,12,0,12,0,12,29,37,0,12,0,12,0,12,0,12,0,12,0,12,0,12,1483,299,23,54,1483,299,0,12,56,60,158,88,0,12,1483,299,102,109,0,12,221,218,98,59,1023,261,13,21
"6359","060375545211","Block Group 1, Census Tract 5545.21, Los Angeles County, California",1957,381,0,12,0,12,0,12,0,12,21,23,0,12,0,12,0,12,12,18,0,12,0,12,0,12,15,18,0,12,0,12,0,12,0,12,0,12,0,12,0,12,28,31,17,26,0,12,0,12,2065,415,76,72,2065,415,0,12,37,26,13,19,0,12,2065,415,679,205,0,12,153,113,520,143,572,250,0,12
"6360","060375700031","Block Group 1, Census Tract 5700.03, Los Angeles County, California",1108,302,0,12,0,12,0,12,0,12,0,12,0,12,0,12,0,12,0,12,0,12,0,12,0,12,0,12,0,12,0,12,0,12,0,12,0,12,0,12,0,12,0,12,0,12,0,12,0,12,1179,320,54,62,1198,320,0,12,12,18,54,49,0,12,1198,320,138,123,0,12,66,80,433,134,528,293,0,12
"6361","060375701001","Block Group 1, Census Tract 5701, Los Angeles County, California",1046,264,23,32,0,12,0,12,0,12,0,12,0,12,0,12,0,12,6,9,12,13,0,12,0,12,0,12,0,12,0,12,0,12,12,13,0,12,0,12,0,12,0,12,0,12,0,12,0,12,1107,280,23,28,1107,280,0,12,0,12,35,48,0,12,1114,280,97,79,12,27,259,215,174,76,567,199,0,12
"6362","060375703043","Block Group 3, Census Tract 5703.04, Los Angeles County, California",1277,403,0,12,0,12,0,12,0,12,0,12,0,12,0,12,0,12,82,82,45,49,0,12,0,12,9,18,0,12,0,12,0,12,0,12,0,12,0,12,0,12,17,22,0,12,0,12,0,12,1382,448,528,329,1382,448,17,28,60,42,64,60,0,12,1382,448,109,105,0,12,194,137,118,145,943,375,9,20
"6363","060375706013","Block Group 3, Census Tract 5706.01, Los Angeles County, California",970,266,0,12,0,12,0,12,0,12,0,12,0,12,0,12,0,12,71,62,19,29,0,12,0,12,10,19,0,12,0,12,0,12,0,12,0,12,0,12,0,12,23,36,0,12,0,12,0,12,1050,292,78,65,1050,292,15,22,26,33,24,28,0,12,1050,292,43,54,0,12,58,69,110,82,839,307,0,12
"6364","060371201071","Block Group 1, Census Tract 1201.07, Los Angeles County, California",3419,269,24,27,10,15,0,12,0,12,0,12,0,12,0,12,0,12,838,143,351,119,19,29,0,12,0,12,0,12,0,12,0,12,31,29,14,19,16,21,5,7,5,9,0,12,0,12,0,12,3841,288,1464,342,3893,287,65,61,308,107,373,109,16,26,3893,287,275,93,4,7,71,45,128,62,3397,303,0,12
"6365","060379107142","Block Group 2, Census Tract 9107.14, Los Angeles County, California",1119,296,0,12,0,12,0,12,0,12,0,12,0,12,0,12,0,12,118,59,15,23,0,12,0,12,0,12,0,12,0,12,0,12,10,16,0,12,0,12,0,12,9,13,0,12,0,12,0,12,1295,337,145,123,1295,337,33,51,81,66,89,55,0,12,1295,337,27,32,0,12,159,131,110,49,999,311,0,12
"6366","060379107111","Block Group 1, Census Tract 9107.11, Los Angeles County, California",5327,801,0,17,0,17,0,17,0,17,0,17,0,17,0,17,0,17,455,252,60,91,0,17,0,17,48,69,0,17,0,17,0,17,20,31,169,187,0,17,0,17,0,17,0,17,0,17,0,17,5799,856,865,454,5799,856,20,33,121,95,132,101,0,17,5799,856,404,305,0,17,434,370,888,369,4071,747,0,17
"6367","060379106052","Block Group 2, Census Tract 9106.05, Los Angeles County, California",1312,288,0,12,0,12,0,12,0,12,0,12,0,12,0,12,0,12,30,37,21,28,0,12,0,12,26,38,0,12,0,12,0,12,9,14,0,12,0,12,0,12,0,12,0,12,0,12,0,12,1525,377,150,102,1525,377,0,12,20,30,121,85,0,12,1525,377,208,165,0,12,52,61,400,142,822,344,0,12
"6368","060371351131","Block Group 1, Census Tract 1351.13, Los Angeles County, California",3199,383,0,12,0,12,0,12,0,12,8,13,0,12,0,12,0,12,31,49,0,12,59,49,0,12,0,12,0,12,0,12,0,12,17,23,0,12,31,40,32,46,0,12,0,12,0,12,0,12,3485,369,111,63,3485,369,21,33,28,24,50,34,0,12,3485,369,726,305,41,52,162,144,1663,454,652,287,12,19
"6369","060379800051","Block Group 1, Census Tract 9800.05, Los Angeles County, California",0,12,0,12,0,12,0,12,0,12,0,12,0,12,0,12,0,12,0,12,0,12,0,12,0,12,0,12,0,12,0,12,0,12,0,12,0,12,0,12,0,12,0,12,0,12,0,12,0,12,0,12,0,12,0,12,0,12,0,12,0,12,0,12,0,12,0,12,0,12,0,12,0,12,0,12,0,12
"6370","060371944022","Block Group 2, Census Tract 1944.02, Los Angeles County, California",1103,259,0,12,0,12,0,12,0,12,0,12,0,12,0,12,0,12,0,12,0,12,0,12,0,12,0,12,0,12,0,12,0,12,0,12,0,12,0,12,0,12,0,12,0,12,0,12,0,12,1136,264,133,78,1136,264,0,12,0,12,15,24,38,53,1136,264,102,97,0,12,0,12,952,232,69,66,0,12
"6371","060371941021","Block Group 1, Census Tract 1941.02, Los Angeles County, California",969,190,0,12,0,12,0,12,0,12,0,12,0,12,0,12,0,12,4,8,0,12,0,12,0,12,0,12,0,12,0,12,0,12,0,12,0,12,0,12,0,12,12,18,0,12,0,12,0,12,1030,207,106,79,1030,207,0,12,15,22,59,58,0,12,1030,207,145,105,0,12,36,41,772,185,14,19,0,12
"6372","060374815004","Block Group 4, Census Tract 4815, Los Angeles County, California",598,303,0,12,0,12,0,12,0,12,0,12,0,12,0,12,0,12,0,12,0,12,0,12,0,12,83,107,18,23,0,12,0,12,0,12,0,12,0,12,0,12,69,52,15,17,0,12,0,12,566,269,60,60,637,347,0,12,0,12,0,12,0,12,637,347,611,350,0,12,0,12,9,15,17,28,0,12
"6373","060374816042","Block Group 2, Census Tract 4816.04, Los Angeles County, California",2563,276,0,12,0,12,0,12,0,12,8,14,0,12,0,12,0,12,16,22,0,12,0,12,0,12,339,134,47,45,0,12,0,12,7,14,0,12,0,12,0,12,39,37,95,58,0,12,0,12,2675,274,218,113,2675,274,9,14,53,57,87,76,0,12,2675,274,1461,282,0,12,37,30,202,91,961,264,0,12
"6374","060371204002","Block Group 2, Census Tract 1204, Los Angeles County, California",642,444,0,12,0,12,0,12,0,12,0,12,0,12,0,12,0,12,50,46,26,32,0,12,0,12,6,11,0,12,0,12,0,12,0,12,0,12,0,12,0,12,5,11,0,12,0,12,0,12,683,453,160,193,683,453,21,35,61,72,0,12,0,12,683,453,72,86,0,12,0,12,57,87,554,453,0,12
"6375","060371232032","Block Group 2, Census Tract 1232.03, Los Angeles County, California",1225,419,0,12,0,12,0,12,0,12,0,12,0,12,0,12,0,12,220,150,33,39,0,12,0,12,0,12,0,12,0,12,0,12,0,12,0,12,16,25,0,12,0,12,0,12,0,12,0,12,1268,439,284,224,1257,439,35,41,41,50,78,59,0,12,1268,439,4,13,0,12,251,264,182,103,781,407,0,12
"6376","060371236022","Block Group 2, Census Tract 1236.02, Los Angeles County, California",794,245,0,12,0,12,0,12,0,12,0,12,0,12,0,12,0,12,0,12,0,12,0,12,0,12,0,12,0,12,0,12,0,12,0,12,0,12,0,12,0,12,0,12,0,12,0,12,0,12,813,248,90,83,813,248,8,13,20,34,26,45,0,12,813,248,57,50,0,12,48,79,507,212,169,168,0,12
"6377","060371244001","Block Group 1, Census Tract 1244, Los Angeles County, California",982,254,0,12,0,12,0,12,0,12,0,12,0,12,0,12,0,12,39,39,0,12,0,12,0,12,0,12,0,12,0,12,0,12,0,12,0,12,0,12,0,12,0,12,0,12,0,12,0,12,1078,277,233,212,1078,277,10,18,27,35,68,63,0,12,1078,277,37,44,0,12,12,18,699,216,295,225,0,12
"6378","060376030014","Block Group 4, Census Tract 6030.01, Los Angeles County, California",2045,725,0,12,0,12,0,12,0,12,0,12,0,12,0,12,0,12,46,62,83,92,0,12,0,12,49,71,0,12,0,12,0,12,0,12,0,12,0,12,0,12,0,12,0,12,0,12,0,12,2386,810,631,420,2386,810,96,117,169,150,160,119,0,12,2386,810,327,221,0,12,1014,513,51,56,986,518,0,12
"6379","060375034011","Block Group 1, Census Tract 5034.01, Los Angeles County, California",1006,295,0,12,0,12,0,12,0,12,0,12,0,12,0,12,0,12,0,12,0,12,0,12,0,12,0,12,0,12,0,12,0,12,0,12,0,12,0,12,0,12,11,19,0,12,0,12,0,12,1081,345,217,271,1081,345,56,84,34,55,4,9,0,12,1081,345,125,72,0,12,9,15,500,233,403,260,0,12
"6380","060375034012","Block Group 2, Census Tract 5034.01, Los Angeles County, California",1595,443,0,12,0,12,0,12,0,12,0,12,0,12,0,12,0,12,0,12,0,12,0,12,0,12,22,34,0,12,0,12,0,12,0,12,0,12,0,12,0,12,0,12,0,12,0,12,0,12,1628,458,88,69,1669,464,0,12,0,12,0,12,0,12,1669,464,119,92,0,12,21,35,429,191,1100,445,0,12
"6381","060374025021","Block Group 1, Census Tract 4025.02, Los Angeles County, California",879,292,0,12,0,12,0,12,0,12,0,12,0,12,0,12,0,12,97,88,44,49,0,12,0,12,0,12,0,12,0,12,0,12,59,48,22,34,0,12,0,12,0,12,0,12,0,12,0,12,954,304,123,131,954,304,0,12,54,74,101,85,0,12,954,304,0,12,0,12,0,12,16,25,938,311,0,12
"6382","060371224202","Block Group 2, Census Tract 1224.20, Los Angeles County, California",3478,515,0,12,0,12,0,12,0,12,0,12,0,12,0,12,0,12,461,186,99,71,0,12,0,12,0,12,0,12,0,12,0,12,0,12,52,62,0,12,0,12,0,12,0,12,0,12,0,12,3582,538,512,271,3591,540,89,105,183,140,162,106,0,12,3591,540,239,108,0,12,28,44,427,180,2897,543,0,12
"6383","060371232041","Block Group 1, Census Tract 1232.04, Los Angeles County, California",2367,279,0,12,16,24,0,12,0,12,0,12,0,12,0,12,0,12,339,108,111,61,13,20,38,47,3,6,0,12,0,12,0,12,11,12,5,8,6,9,13,21,0,12,0,12,0,12,0,12,2463,283,777,260,2522,294,32,49,209,119,137,62,0,12,2522,294,116,88,0,12,126,82,287,87,1985,311,0,12
"6384","060372718013","Block Group 3, Census Tract 2718.01, Los Angeles County, California",646,156,0,12,0,12,0,12,0,12,0,12,0,12,0,12,0,12,12,20,0,12,0,12,0,12,0,12,0,12,0,12,0,12,0,12,0,12,0,12,0,12,0,12,0,12,0,12,0,12,646,156,59,80,646,156,0,12,51,79,44,42,0,12,646,156,112,93,0,12,36,44,145,122,339,128,0,12
"6385","060375302023","Block Group 3, Census Tract 5302.02, Los Angeles County, California",1127,330,0,12,0,12,0,12,0,12,0,12,0,12,0,12,0,12,59,53,61,53,0,12,0,12,0,12,0,12,0,12,0,12,0,12,21,32,0,12,0,12,0,12,0,12,0,12,0,12,1188,342,123,144,1188,342,12,20,44,42,101,81,0,12,1188,342,0,12,0,12,0,12,17,20,1171,338,0,12
"6386","060373011006","Block Group 6, Census Tract 3011, Los Angeles County, California",1958,493,0,12,0,12,0,12,0,12,0,12,0,12,0,12,0,12,15,26,0,12,148,166,48,77,0,12,0,12,0,12,0,12,15,25,0,12,0,12,70,118,0,12,0,12,0,12,0,12,2112,487,406,322,2112,487,0,12,112,116,83,95,0,12,2112,487,414,203,0,12,16,27,1377,539,284,200,0,12
"6387","060372132013","Block Group 3, Census Tract 2132.01, Los Angeles County, California",606,206,0,12,0,12,0,12,0,12,0,12,0,12,0,12,0,12,64,66,29,33,0,12,0,12,65,57,18,29,0,12,0,12,0,12,0,12,0,12,0,12,10,15,0,12,0,12,0,12,628,212,165,158,628,212,0,12,88,115,75,60,0,12,628,212,278,145,0,12,30,43,44,40,276,175,0,12
"6388","060372134021","Block Group 1, Census Tract 2134.02, Los Angeles County, California",1867,358,0,12,0,12,0,12,0,12,0,12,17,26,0,12,0,12,310,197,129,119,0,12,0,12,83,50,32,34,0,12,0,12,16,27,8,13,0,12,0,12,41,39,0,12,0,12,0,12,2071,421,516,263,2071,421,9,14,216,129,313,171,0,12,2071,421,479,117,1,3,139,117,90,50,1333,432,0,12
"6389","060372084011","Block Group 1, Census Tract 2084.01, Los Angeles County, California",1739,351,0,12,0,12,0,12,0,12,0,12,0,12,0,12,0,12,338,146,168,106,0,12,0,12,0,12,0,12,0,12,0,12,0,12,46,36,0,12,0,12,53,60,0,12,0,12,0,12,1943,426,482,274,1943,426,47,77,118,93,260,122,0,12,1943,426,335,186,0,12,52,37,81,81,1475,391,0,12
"6390","060375323023","Block Group 3, Census Tract 5323.02, Los Angeles County, California",1235,282,15,22,0,12,0,12,0,12,0,12,0,12,0,12,0,12,88,61,65,47,0,12,0,12,0,12,0,12,0,12,0,12,81,55,13,20,0,12,0,12,0,12,0,12,0,12,0,12,1289,308,258,258,1289,308,0,12,58,37,22,29,0,12,1289,308,0,12,0,12,0,12,49,49,1240,303,0,12
"6391","060379006051","Block Group 1, Census Tract 9006.05, Los Angeles County, California",2042,749,0,12,0,12,0,12,0,12,0,12,0,12,0,12,0,12,252,170,60,106,0,12,0,12,0,12,0,12,0,12,0,12,0,12,0,12,0,12,0,12,0,12,0,12,0,12,0,12,2215,834,1275,797,2215,834,0,12,39,45,15,26,0,12,2215,834,0,12,0,12,167,154,738,421,1310,761,0,12
"6392","060379007012","Block Group 2, Census Tract 9007.01, Los Angeles County, California",900,348,0,12,0,12,0,12,0,12,0,12,0,12,0,12,0,12,9,15,0,12,0,12,0,12,0,12,0,12,0,12,0,12,7,12,48,56,0,12,0,12,0,12,0,12,0,12,0,12,1004,389,373,261,1004,389,0,12,78,97,0,12,0,12,1004,389,31,27,14,22,212,137,210,95,537,290,0,12
"6393","060379010072","Block Group 2, Census Tract 9010.07, Los Angeles County, California",715,133,0,12,0,12,0,12,0,12,0,12,0,12,0,12,0,12,0,12,0,12,0,12,0,12,0,12,0,12,0,12,0,12,0,12,0,12,0,12,0,12,0,12,0,12,0,12,0,12,724,137,5,8,733,137,0,12,15,16,0,12,0,12,733,137,25,27,0,12,17,15,544,121,100,79,13,20
"6394","060376037024","Block Group 4, Census Tract 6037.02, Los Angeles County, California",1476,299,0,12,0,12,0,12,0,12,0,12,0,12,0,12,0,12,52,73,0,12,0,12,0,12,29,43,3,7,5,10,0,12,15,21,4,10,0,12,0,12,8,12,0,12,0,12,0,12,1491,282,64,76,1504,289,0,12,0,12,25,35,0,12,1565,311,450,294,79,181,23,50,550,180,446,228,0,12
"6395","060379008051","Block Group 1, Census Tract 9008.05, Los Angeles County, California",1088,402,0,12,0,12,0,12,0,12,0,12,0,12,0,12,0,12,0,12,96,125,0,12,0,12,0,12,0,12,0,12,0,12,0,12,55,72,0,12,0,12,0,12,0,12,0,12,0,12,1142,463,14,16,1142,463,146,190,8,14,178,179,55,72,1142,463,32,40,0,12,122,107,335,122,618,424,11,37
"6396","060379102061","Block Group 1, Census Tract 9102.06, Los Angeles County, California",3490,251,0,12,0,12,0,12,0,12,0,12,0,12,0,12,0,12,11,13,0,12,0,12,0,12,2,3,0,12,0,12,0,12,35,30,20,25,6,10,6,10,0,12,7,11,0,12,0,12,3767,251,306,139,3771,252,33,30,74,45,159,64,6,11,3776,252,293,90,0,12,562,163,1079,220,1706,240,23,27
"6397","060374072005","Block Group 5, Census Tract 4072, Los Angeles County, California",1484,407,0,12,0,12,0,12,0,12,0,12,0,12,0,12,0,12,113,114,144,85,0,12,0,12,13,20,0,12,0,12,0,12,15,17,29,48,0,12,0,12,9,15,0,12,0,12,0,12,1526,406,404,369,1582,451,8,13,52,58,117,110,0,12,1582,451,62,66,0,12,0,12,62,60,1458,462,0,12
"6398","060374072004","Block Group 4, Census Tract 4072, Los Angeles County, California",731,321,0,12,0,12,0,12,0,12,0,12,0,12,0,12,0,12,107,89,0,12,0,12,0,12,34,54,48,88,0,12,0,12,0,12,0,12,0,12,0,12,42,30,0,12,0,12,0,12,751,330,29,45,791,340,0,12,25,30,7,12,0,12,791,340,279,246,0,12,0,12,18,28,494,287,0,12
"6399","060374082021","Block Group 1, Census Tract 4082.02, Los Angeles County, California",956,204,0,12,0,12,0,12,0,12,0,12,0,12,0,12,0,12,71,57,21,23,0,12,0,12,19,19,10,14,0,12,0,12,22,23,7,12,0,12,0,12,11,14,0,12,0,12,0,12,969,238,137,132,1002,238,0,12,62,53,24,26,0,12,1002,238,159,146,0,12,0,12,107,76,736,231,0,12
"6400","060374303012","Block Group 2, Census Tract 4303.01, Los Angeles County, California",0,12,0,12,0,12,0,12,0,12,0,12,0,12,0,12,0,12,0,12,0,12,0,12,0,12,0,12,0,12,0,12,0,12,0,12,0,12,0,12,0,12,0,12,0,12,0,12,0,12,0,12,0,12,0,12,0,12,0,12,0,12,0,12,0,12,0,12,0,12,0,12,0,12,0,12,0,12
"6401","060374303023","Block Group 3, Census Tract 4303.02, Los Angeles County, California",993,252,0,12,0,12,0,12,0,12,0,12,0,12,0,12,0,12,0,12,0,12,0,12,0,12,0,12,0,12,0,12,0,12,0,12,0,12,0,12,0,12,0,12,0,12,0,12,0,12,997,254,148,171,997,254,0,12,0,12,13,21,0,12,997,254,76,79,18,28,0,12,822,258,38,60,0,12
"6402","060374303025","Block Group 5, Census Tract 4303.02, Los Angeles County, California",1058,239,0,12,0,12,0,12,0,12,0,12,0,12,0,12,0,12,0,12,0,12,0,12,0,12,11,18,0,12,0,12,0,12,0,12,0,12,0,12,0,12,0,12,0,12,0,12,0,12,1113,285,31,51,1113,285,15,26,0,12,21,32,0,12,1126,286,80,77,0,12,36,46,518,183,432,290,0,12
"6403","060374320003","Block Group 3, Census Tract 4320, Los Angeles County, California",1620,396,0,12,0,12,0,12,0,12,0,12,0,12,0,12,0,12,0,12,0,12,0,12,0,12,97,76,0,12,0,12,0,12,0,12,0,12,0,12,0,12,20,30,13,21,0,12,0,12,1744,418,58,69,1744,418,31,49,16,26,16,25,0,12,1744,418,1131,407,42,69,0,12,223,126,321,306,27,43
"6404","060371912011","Block Group 1, Census Tract 1912.01, Los Angeles County, California",1777,264,0,12,0,12,0,12,0,12,0,12,0,12,0,12,0,12,108,62,8,15,52,40,35,36,0,12,0,12,0,12,0,12,22,38,0,12,44,45,16,26,22,28,0,12,0,12,0,12,1740,274,276,142,1740,274,0,12,163,84,30,27,0,12,1905,280,210,100,5,11,61,70,690,206,872,282,0,12
"6405","060374033242","Block Group 2, Census Tract 4033.24, Los Angeles County, California",2197,571,0,12,0,12,0,12,0,12,0,12,0,12,0,12,0,12,0,12,0,12,0,12,0,12,202,160,40,49,0,12,0,12,25,43,0,12,19,32,0,12,35,38,62,60,0,12,0,12,2221,573,189,137,2221,573,0,12,53,63,41,49,22,36,2221,573,1581,542,0,12,2,5,121,128,479,442,0,12
"6406","060374033244","Block Group 4, Census Tract 4033.24, Los Angeles County, California",912,432,0,12,0,12,0,12,0,12,0,12,0,12,0,12,0,12,0,12,0,12,0,12,0,12,0,12,0,12,0,12,0,12,0,12,0,12,0,12,0,12,16,25,0,12,0,12,0,12,912,432,80,88,912,432,0,12,0,12,94,151,0,12,912,432,788,429,0,12,16,26,77,84,11,19,0,12
"6407","060374037033","Block Group 3, Census Tract 4037.03, Los Angeles County, California",774,215,0,12,0,12,0,12,0,12,0,12,0,12,0,12,0,12,0,12,0,12,0,12,0,12,0,12,0,12,0,12,0,12,31,41,0,12,0,12,0,12,0,12,0,12,0,12,0,12,812,231,42,47,812,231,10,15,70,60,0,12,0,12,812,231,0,12,0,12,0,12,413,127,399,245,0,12
"6408","060372971202","Block Group 2, Census Tract 2971.20, Los Angeles County, California",1461,331,6,12,6,12,0,12,0,12,0,12,0,12,0,12,0,12,132,81,25,30,0,12,0,12,0,12,0,12,0,12,0,12,60,59,7,14,0,12,0,12,0,12,0,12,0,12,0,12,1506,346,306,204,1497,346,15,19,31,55,61,55,0,12,1506,346,26,28,0,12,171,143,342,160,967,301,0,12
"6409","060372913002","Block Group 2, Census Tract 2913, Los Angeles County, California",926,178,0,12,0,12,0,12,0,12,0,12,0,12,0,12,0,12,0,12,0,12,0,12,0,12,38,40,5,7,0,12,0,12,0,12,0,12,0,12,0,12,0,12,0,12,0,12,0,12,975,181,52,46,975,181,0,12,53,59,38,31,0,12,975,181,430,129,0,12,229,112,57,40,205,113,0,12
"6410","060372941201","Block Group 1, Census Tract 2941.20, Los Angeles County, California",675,206,0,12,0,12,0,12,0,12,0,12,0,12,0,12,0,12,71,48,24,26,0,12,0,12,0,12,0,12,0,12,0,12,6,9,36,30,0,12,0,12,0,12,0,12,0,12,0,12,711,219,271,175,711,219,0,12,74,87,45,27,0,12,711,219,0,12,0,12,39,47,7,11,665,221,0,12
"6411","060375354002","Block Group 2, Census Tract 5354, Los Angeles County, California",389,220,0,12,0,12,0,12,0,12,0,12,0,12,0,12,0,12,67,64,27,33,0,12,0,12,0,12,0,12,0,12,0,12,0,12,0,12,0,12,0,12,0,12,0,12,0,12,0,12,442,270,140,112,442,270,0,12,13,21,55,40,0,12,442,270,0,12,0,12,33,37,0,12,409,274,0,12
"6412","060375356073","Block Group 3, Census Tract 5356.07, Los Angeles County, California",1191,386,0,12,0,12,0,12,0,12,0,12,0,12,0,12,0,12,143,89,92,76,0,12,0,12,0,12,0,12,0,12,0,12,15,23,48,74,0,12,0,12,0,12,0,12,0,12,0,12,1252,412,417,372,1252,412,50,50,110,78,107,72,0,12,1252,412,0,12,0,12,0,12,7,9,1245,412,0,12
"6413","060374033041","Block Group 1, Census Tract 4033.04, Los Angeles County, California",1962,297,8,15,0,12,0,12,0,12,11,17,0,12,0,12,0,12,37,32,0,12,0,12,0,12,46,54,0,12,0,12,0,12,10,16,12,21,0,12,0,12,99,80,0,12,0,12,0,12,2086,311,78,58,2086,311,9,17,89,117,31,36,0,12,2086,311,1108,278,0,12,46,44,362,97,479,250,0,12
"6414","060374033161","Block Group 1, Census Tract 4033.16, Los Angeles County, California",1760,399,0,12,0,12,0,12,0,12,0,12,0,12,0,12,0,12,0,12,0,12,0,12,0,12,14,22,18,31,0,12,0,12,0,12,0,12,0,12,0,12,51,62,0,12,0,12,0,12,1816,429,184,148,1816,429,0,12,18,31,24,30,34,56,1816,429,621,323,0,12,141,107,421,213,601,236,0,12
"6415","060374033201","Block Group 1, Census Tract 4033.20, Los Angeles County, California",2574,353,0,12,0,12,0,12,0,12,28,33,0,12,0,12,0,12,87,129,0,12,0,12,0,12,203,109,20,32,0,12,0,12,0,12,4,9,0,12,0,12,59,52,56,39,0,12,0,12,2655,374,184,129,2660,374,10,15,0,12,57,44,0,12,2684,374,1907,328,0,12,28,44,254,109,454,235,0,12
"6416","060374034061","Block Group 1, Census Tract 4034.06, Los Angeles County, California",2814,255,21,25,0,12,9,15,0,12,11,14,0,12,0,12,0,12,12,14,0,12,0,12,0,12,133,45,15,16,0,12,0,12,6,7,0,12,0,12,0,12,50,38,33,30,0,12,0,12,2946,271,291,149,2928,272,36,34,25,24,85,55,0,12,2955,271,1289,287,0,12,21,21,708,223,787,234,0,12
"6417","060374038012","Block Group 2, Census Tract 4038.01, Los Angeles County, California",1582,393,0,12,0,12,0,12,0,12,0,12,0,12,0,12,0,12,11,17,0,12,0,12,0,12,18,28,0,12,0,12,0,12,0,12,0,12,0,12,0,12,0,12,12,19,0,12,0,12,1637,433,273,272,1646,433,0,12,0,12,33,53,0,12,1646,433,374,242,0,12,53,59,265,83,924,322,0,12
"6418","060374039021","Block Group 1, Census Tract 4039.02, Los Angeles County, California",1971,332,0,12,0,12,0,12,0,12,0,12,0,12,0,12,0,12,76,58,18,29,0,12,0,12,0,12,0,12,0,12,0,12,18,29,0,12,0,12,0,12,0,12,0,12,0,12,0,12,2259,468,335,248,2259,468,0,12,88,80,45,51,0,12,2259,468,145,114,0,12,246,188,785,191,1064,470,0,12
"6419","060374043012","Block Group 2, Census Tract 4043.01, Los Angeles County, California",1559,324,0,12,0,12,0,12,0,12,0,12,0,12,0,12,0,12,75,68,119,90,0,12,0,12,0,12,13,20,0,12,0,12,15,23,66,58,0,12,0,12,0,12,0,12,0,12,0,12,1691,358,453,270,1691,358,104,114,114,86,146,93,0,12,1691,358,44,66,0,12,96,132,29,31,1522,346,0,12
"6420","060374049031","Block Group 1, Census Tract 4049.03, Los Angeles County, California",886,238,0,12,0,12,0,12,0,12,0,12,0,12,0,12,0,12,15,20,31,33,0,12,0,12,62,61,8,11,0,12,0,12,15,19,0,12,0,12,0,12,16,19,10,14,0,12,0,12,953,267,103,85,953,267,14,21,36,28,78,54,5,8,953,267,270,134,0,12,0,12,43,51,640,256,0,12
"6421","060372622001","Block Group 1, Census Tract 2622, Los Angeles County, California",2985,337,0,12,0,12,0,12,0,12,0,12,0,12,0,12,0,12,0,12,9,15,10,16,0,12,0,12,0,12,0,12,0,12,9,15,0,12,38,57,0,12,0,12,0,12,7,11,0,12,3106,378,20,25,3231,379,0,12,0,12,41,64,0,12,3231,379,229,126,0,12,191,186,2340,381,123,91,0,12
"6422","060375532004","Block Group 4, Census Tract 5532, Los Angeles County, California",520,197,0,12,0,12,0,12,0,12,0,12,0,12,0,12,0,12,0,12,0,12,0,12,0,12,0,12,0,12,0,12,0,12,0,12,0,12,0,12,0,12,0,12,0,12,0,12,0,12,543,208,30,33,543,208,0,12,0,12,15,16,0,12,543,208,78,124,0,12,16,38,124,106,304,152,0,12
"6423","060371218021","Block Group 1, Census Tract 1218.02, Los Angeles County, California",1008,262,6,9,0,12,0,12,0,12,0,12,0,12,0,12,0,12,39,23,31,33,17,21,0,12,0,12,0,12,0,12,0,12,50,46,28,26,0,12,5,9,0,12,0,12,0,12,0,12,1080,289,90,43,1080,289,0,12,93,39,48,34,18,27,1080,289,99,82,0,12,0,12,138,106,843,268,0,12
"6424","060371271022","Block Group 2, Census Tract 1271.02, Los Angeles County, California",4213,587,11,17,0,12,0,12,0,12,0,12,0,12,0,12,0,12,502,228,285,216,52,58,0,12,98,75,0,12,0,12,0,12,41,38,12,19,32,36,34,37,0,12,0,12,0,12,0,12,4588,657,881,404,4588,657,63,62,424,238,262,124,16,18,4588,657,324,167,0,12,301,231,484,191,3359,676,0,12
"6425","060371066421","Block Group 1, Census Tract 1066.42, Los Angeles County, California",1110,225,0,12,0,12,0,12,0,12,0,12,0,12,0,12,0,12,0,12,0,12,6,11,0,12,10,14,0,12,8,13,0,12,0,12,33,39,0,12,14,27,0,12,0,12,0,12,0,12,1162,249,55,87,1162,249,13,18,74,74,25,28,0,12,1162,249,184,90,0,12,63,59,615,157,173,116,0,12
